

Data type: org.panda.causalpath.data.SiteModProteinData
Row ID	Change amount	P-value	Q-value
TP53BP1-P-S1618	1.1836993549368526	0.3061441054817888	181.84959865618254
TTK-P-S821	1.1836993549368526	0.3061441054817888	90.92479932809127
DDB2-P-S26	-1.033048805323401	0.3559201733903674	70.47219433129276
CHEK2-P-S303	0.9927873176860181	0.3705424308149407	55.02555097601869
RBBP8-P-T315	-0.8001249466336207	0.4492728254830066	53.37361166738119
APBB1-P-T709	0.7815265891968317	0.45770674752067325	45.312968004546654
TP53BP1-P-S1635	-0.7815265891968317	0.45770674752067325	38.839686861039986
BOD1L1-P-S1531	0.7815265891968317	0.45770674752067325	30.208645336364434
TCEA1-P-S100	-0.7815265891968317	0.45770674752067325	27.187780802727993
NBN-P-S509	0.7815265891968317	0.45770674752067325	22.656484002273327
RAD50-P-S635	0.7815265891968317	0.45770674752067325	16.992363001704994
SAMHD1-P-S278	0.7815265891968317	0.45770674752067325	15.992812236898818
H2AX-P-Y143	0.7815265891968317	0.45770674752067325	14.309358317225259
SETMAR-P-S410	-0.7815265891968317	0.45770674752067325	12.946562287013329
RECQL4-P-S89	-0.7815265891968317	0.45770674752067325	11.328242001136664
RECQL5-P-S815	-0.7815265891968317	0.45770674752067325	10.456838770279997
BOD1L1-P-S2986	-0.7815265891968317	0.45770674752067325	33.98472600340999
TP53BP1-P-T591	0.7815265891968317	0.45770674752067325	24.716164366116356
BOD1L1-P-S2905	0.7815265891968317	0.45770674752067325	20.913677540559995
CETN2-P-S20	-0.7815265891968317	0.45770674752067325	19.419843430519993
NBN-P-S343	0.7815265891968317	0.45770674752067325	18.12518720181866
MCM3-P-T722	-0.7815265891968317	0.45770674752067325	15.104322668182217
MCM6-P-S762	0.7815265891968317	0.45770674752067325	13.593890401363996
NSD2-P-S121	-0.7815265891968317	0.45770674752067325	12.358082183058178
CHAF1A-P-S206	-0.7815265891968317	0.45770674752067325	11.820774262055648
SETMAR-P-S508	-0.7815265891968317	0.45770674752067325	10.875112321091196
XRCC6-P-T455	0.7464000205936128	0.4740701271797579	10.429542797954673
H2AX-P-S140	0.6566874579537109	0.5185662650905898	11.001012909421798
ERCC6L-P-S820	0.5981733950117244	0.5498150142749549	11.261728223424939
FANCD2-P-S1435	-0.5981733950117244	0.5498150142749549	10.886337282644108
USP10-P-S576	-0.5964107164312256	0.5507850160733981	10.55375159830963
KAT5-P-S86-S90	-0.5964107164312256	0.5507850160733981	10.223946860862453
TP53BP1-P-S1426	0.5964107164312256	0.5507850160733981	9.914130289321166
SIRT6-P-S330	-0.5851544097257823	0.5570198458898382	9.73146436642835
RAD9A-P-S387	-0.5741352812875377	0.5631916606752928	9.041509363273619
XRCC1-P-S461	-0.5741352812875377	0.5631916606752928	8.803574906345366
TOP2B-P-S1413	-0.5741352812875377	0.5631916606752928	8.577842216439075
BAZ1B-P-S493	0.5741352812875377	0.5631916606752928	8.1594108888079
TOP2B-P-S1375	0.5741352812875377	0.5631916606752928	7.603087419116452
TP53BP1-P-S1426-S1430	0.5741352812875377	0.5631916606752928	7.272518400893998
TOP2A-P-S1351-S1354	-0.5741352812875377	0.5631916606752928	6.969496800856748
XRCC6-P-S2	0.5741352812875377	0.5631916606752928	6.827262172267835
BAZ1B-P-S1342	-0.5741352812875377	0.5631916606752928	9.558167041174968
RIF1-P-S1454	0.5741352812875377	0.5631916606752928	9.29266240114233
TP53BP1-P-S635	-0.5741352812875377	0.5631916606752928	8.363396161028097
BOD1L1-P-S2954	0.5741352812875377	0.5631916606752928	7.965139200979141
TICRR-P-S292	-0.5741352812875377	0.5631916606752928	7.7799034056075325
TIMELESS-P-S1121	-0.5741352812875377	0.5631916606752928	7.434129920913865
WRN-P-S1133	0.5741352812875377	0.5631916606752928	7.117783966832423
TP53BP1-P-S523-S525	-0.5741352812875377	0.5631916606752928	6.690716928822479
UNG-P-S23	0.5492579147554725	0.577378115221299	6.35115926743429
TCEA1-P-S81	0.5492579147554725	0.577378115221299	6.235683644390029
CUL4B-P-S146	-0.5492579147554725	0.577378115221299	6.724756871401012
BAZ1B-P-S158	-0.5492579147554725	0.577378115221299	6.59543462387407
SMARCAL1-P-S112	-0.5492579147554725	0.577378115221299	6.470992461159464
HERC2-P-S1942	-0.5492579147554725	0.577378115221299	6.124332150740208
RECQL5-P-S491	-0.543042368240781	0.5809780118258535	6.0544024390273155
REV3L-P-S1967	0.543042368240781	0.5809780118258535	5.950016190078569
XRCC6-P-S520	0.5231202129152732	0.5926684083157183	5.9668649921955375
TP53BP1-P-S630	-0.4634385489938675	0.6291166735176205	6.228255067824443
TERF2IP-P-S154	0.4595055333911159	0.6315958713766358	5.955046787265423
FANCD2-P-S1412	-0.4595055333911159	0.6315958713766358	5.861999181214401
XRCC1-P-S266	0.4595055333911159	0.6315958713766358	5.771814578426487
BOD1L1-P-S538	0.4595055333911159	0.6315958713766358	5.35954210853888
RIF1-P-S2348	0.4595055333911159	0.6315958713766358	6.15029422291347
POLD3-P-S307	-0.4595055333911159	0.6315958713766358	6.051095928995511
UFD1-P-S129	0.4595055333911159	0.6315958713766358	5.684362842389722
RMI1-P-S284	0.4595055333911159	0.6315958713766358	5.599521605936144
FTO-P-S256	-0.4595055333911159	0.6315958713766358	5.5171756999664945
USP1-P-S313	0.4595055333911159	0.6315958713766358	5.437216631851038
KAT5-P-S155	-0.4128618615399516	0.6617536901499583	5.459467943737156
TOP2B-P-S1400	-0.4128618615399516	0.6617536901499583	5.384680711631168
TP53BP1-P-T1609	0.4128618615399516	0.6617536901499583	5.311914756068584
ATR-P-S435	-0.4128618615399516	0.6617536901499583	5.5363618584376795
RIF1-P-S1236	-0.4128618615399516	0.6617536901499583	5.24108922598767
TP53BP1-P-S294	-0.4128618615399516	0.6617536901499583	5.1721275256457275
SLX4-P-S467	-0.4128618615399516	0.6617536901499583	5.104957038299679
ELL-P-T180	-0.4128618615399516	0.6617536901499583	5.03950887114199
ORC2-P-S111	-0.4128618615399516	0.6617536901499583	4.975717619608548
TOP2B-P-S1550	-0.4128618615399516	0.6617536901499583	4.913521149363441
SAMHD1-P-S102	0.4128618615399516	0.6617536901499583	4.852860394433028
POLR2A-P-S1882	0.4128618615399516	0.6617536901499583	4.793679170110674
SMARCA4-P-S699	-0.4128618615399516	0.6617536901499583	4.735923999386449
APBB1-P-S517	0.4128618615399516	0.6617536901499583	4.679543951774706
TIMELESS-P-S1173	-0.4128618615399516	0.6617536901499583	4.6244904935185325
DUT-P-S88	-0.4128618615399516	0.6617536901499583	4.570717348245061
CHAF1A-P-S775	0.4041491340658408	0.6675445602107466	4.557718031783718
PRKDC-P-S3205	0.4041491340658408	0.6675445602107466	4.5059257814225395
PIAS1-P-T508	0.40408309827920263	0.6675886434964173	4.45559162063901
RPA2-P-S238	-0.40121743283014893	0.6695044729583414	4.418729521525052
ATRIP-P-S224	0.39518144442266673	0.6735578148518869	4.396630132110118
PTEN-P-S294	-0.3886176516446417	0.6779934501428715	4.377479449835496
UNG-P-S12	-0.3886176516446417	0.6779934501428715	4.330409778331889
MCM3-P-T674	-0.3886176516446417	0.6779934501428715	4.195084472759017
SMARCA4-P-S1453	-0.3886176516446417	0.6779934501428715	4.284341589200698
KDM4A-P-S520	-0.3886176516446417	0.6779934501428715	4.239243256682796
RAD23A-P-S133	-0.38043422966297075	0.6835645207666647	4.185951807581431
XPC-P-S94	-0.36955407360545484	0.6910424159935952	4.188563215308117
MRE11-P-S619	0.35814209432359445	0.6989737477478765	4.1938424864872585
UIMC1-P-S101	0.35814209432359445	0.6989737477478765	4.151904061622386
UBE2T-P-S184	-0.34916274808723924	0.7052783382285972	4.147874583245414
GPS1-P-S483	-0.34916274808723924	0.7052783382285972	4.107209146154772
RAD23B-P-S160	-0.34916274808723924	0.7052783382285972	4.067333329201813
TICRR-P-T1134	-0.34916274808723924	0.7052783382285972	4.028224354882565
POLD3-P-S458	0.3489280817509521	0.7054438627330469	3.9907967091755223
PNKP-P-S114-T118	0.3489280817509521	0.7054438627330469	3.9531476836172628
XRCC6-P-S477	0.34297824995383014	0.7096536463919275	3.9395725790355605
FANCD2-P-S592	0.34297824995383014	0.7096536463919275	3.7976059996108558
DDB2-P-S24	-0.34297824995383014	0.7096536463919275	3.7636988031857586
RFC1-P-S69	-0.34297824995383014	0.7096536463919275	3.6339160858345254
TP53BP1-P-S507	0.34297824995383014	0.7096536463919275	3.5423047559395378
TOP2B-P-S1466	-0.34297824995383014	0.7096536463919275	3.5127855496400415
EYA2-P-S257	-0.34297824995383014	0.7096536463919275	3.4837542641058263
ACTB-P-S368	-0.34297824995383014	0.7096536463919275	3.399469886748427
HERC2-P-S1577	-0.34297824995383014	0.7096536463919275	3.37227412765444
MSH6-P-S227	-0.34297824995383014	0.7096536463919275	3.319167448478779
ACTB-P-Y294	-0.34297824995383014	0.7096536463919275	3.2677074880372476
TP53BP1-P-S1002	0.34297824995383014	0.7096536463919275	3.2178188240977477
FEN1-P-Y152-S157-S162	-0.34297824995383014	0.7096536463919275	3.9030950551556014
RIF1-P-S782	0.34297824995383014	0.7096536463919275	3.8672868436404126
MDC1-P-T1280	0.34297824995383014	0.7096536463919275	3.832129690516409
ORC2-P-T226	0.34297824995383014	0.7096536463919275	3.7303917341310173
MDC1-P-S495	0.34297824995383014	0.7096536463919275	3.6976689996210963
TOP2B-P-S1522	-0.34297824995383014	0.7096536463919275	3.66551535614613
RIF1-P-S7	0.34297824995383014	0.7096536463919275	3.602856973989786
TP53BP1-P-S862	-0.34297824995383014	0.7096536463919275	3.5723242877695336
HMGN1-P-S8	-0.34297824995383014	0.7096536463919275	3.4551989012852866
BAZ1B-P-S349	0.34297824995383014	0.7096536463919275	3.4271078533073576
MDC1-P-S882	-0.34297824995383014	0.7096536463919275	3.34551004727623
SMARCA5-P-S137	0.34297824995383014	0.7096536463919275	3.293236452787539
SMARCA4-P-S1663	0.34297824995383014	0.7096536463919275	3.2425712765908075
HMGN1-P-S21-S25	0.34297824995383014	0.7096536463919275	3.193441408763674
RIF1-P-S2161	-0.34297824995383014	0.7096536463919275	3.169430571103797
TOPBP1-P-T822	-0.3428918405639775	0.7097149697799391	3.146049940666297
MRE11-P-S688-S689	0.3412048402884821	0.7109132696113601	3.128018386289985
NUDT5-P-T7	-0.3301196262158414	0.7188377364500664	3.116712521542624
TOP2B-P-T1317	-0.3301196262158414	0.7188377364500664	3.1396295253774964
POLR2A-P-S1917	0.3300686181382162	0.7188744039162878	3.09428547772663
SUMO1-P-T76	-0.3300686181382162	0.7188744039162878	3.050081399473392
USP10-P-S365	0.3300686181382162	0.7188744039162878	3.0284496164984036
ELL-P-S319	-0.3300686181382162	0.7188744039162878	3.007122506523063
USP10-P-S370	0.3300686181382162	0.7188744039162878	2.9860936778061182
KAT5-P-S90	-0.3300686181382162	0.7188744039162878	2.944906178801896
TICRR-P-S441	-0.3300686181382162	0.7188744039162878	2.9247355885361297
TOP2B-P-S1441	-0.3300686181382162	0.7188744039162878	2.9048394280698973
TP53BP1-P-S552	0.3300686181382162	0.7188744039162878	2.8467426395084994
RAD9A-P-S328	-0.3300686181382162	0.7188744039162878	2.827890039246854
TERF2-P-S365	0.3300686181382162	0.7188744039162878	2.8092854995149668
MDC1-P-S955	-0.3300686181382162	0.7188744039162878	2.790924156380882
RFC1-P-T506	-0.3300686181382162	0.7188744039162878	2.754912231782419
SMARCC1-P-S328	-0.3300686181382162	0.7188744039162878	2.7372525379889416
POLR2A-P-S1966	-0.3300686181382162	0.7188744039162878	2.7026037716852844
BOD1L1-P-S1077	-0.3300686181382162	0.7188744039162878	2.668821224539218
GPS1-P-T479-S483	-0.3300686181382162	0.7188744039162878	2.652244695194254
MDC1-P-S299	-0.3300686181382162	0.7188744039162878	3.07202443112428
XRCC6-P-S560	0.3300686181382162	0.7188744039162878	2.965356916154687
HMGN1-P-S7	-0.3300686181382162	0.7188744039162878	2.8852121346369928
BOD1L1-P-T2956	0.3300686181382162	0.7188744039162878	2.8658482948072144
FTO-P-T4	-0.3300686181382162	0.7188744039162878	2.7728012722485387
TOP2B-P-S1400-S1413	-0.3300686181382162	0.7188744039162878	2.719817808447611
RFC1-P-S156	0.3300686181382162	0.7188744039162878	2.6856062636872635
ATRX-P-S729	-0.3295406604810173	0.7192540393693035	2.621085272302861
MCM4-P-T19	-0.3295406604810173	0.7192540393693035	2.6051030450327213
BAZ1B-P-S947	-0.3295406604810173	0.7192540393693035	2.63726481102078
ATRX-P-S1348	-0.3295406604810173	0.7192540393693035	2.5893145417294927
PCLAF-P-S72	-0.32716720991960346	0.7209631807517932	2.5798321046178625
SLX4-P-S1028	0.32716720991960346	0.7209631807517932	2.564384008183025
PRKDC-P-S2624	0.3195002576805219	0.726512015167968	2.5687389107724585
ACTL6A-P-S233	0.3152685015902729	0.7295929510997704	2.5643681239838085
SAMHD1-P-S6	0.3152685015902729	0.7295929510997704	2.549283605607433
TP53BP1-P-S727	-0.3152685015902729	0.7295929510997704	2.534375514346571
KDM4A-P-S410	0.31168352446582026	0.7322132191337861	2.528689838171331
MSH6-P-S830	0.30922204652514745	0.7340177658353758	2.520269091943429
BOD1L1-P-S3029	0.2978497708335677	0.7424128634361319	2.5344439131095537
LIG1-P-T195	0.28987395926043596	0.7483578852158191	2.5257078626033898
LIG1-P-S51	0.28987395926043596	0.7483578852158191	2.497329122574138
GPS1-P-S474	-0.28987395926043596	0.7483578852158191	2.5401404789611233
KDM4B-P-S622	0.28987395926043596	0.7483578852158191	2.511438326656478
DDB2-P-T148	-0.28987395926043596	0.7483578852158191	2.4833775632301482
MDC1-P-S793	-0.28691900797874414	0.7505725167605979	2.476889305309973
MDC1-P-T1343	0.27580526896565005	0.7589607095762204	2.477047590594917
SMARCC1-P-S357	-0.27580526896565005	0.7589607095762204	2.490732936399309
TICRR-P-T566	-0.2589106758479985	0.7718919685599361	2.5054854061453664
ACTB-P-S33	-0.2580344370379654	0.7725686266736969	2.480571698617167
BAZ1B-P-S189	-0.2580344370379654	0.7725686266736969	2.4940530665444345
MDC1-P-S108	0.24947423901073454	0.7792103538002744	2.488445968587973
TP53BP1-P-S532	0.2463779287781752	0.781626769848388	2.482814445400762
BAZ1B-P-S1468	0.2444139659474831	0.7831633641850194	2.4744629698186253
RAD18-P-S471	0.2444139659474831	0.7831633641850194	2.461370573152918
RRM2-P-S20	0.2444139659474831	0.7831633641850194	2.4355970592979137
MCM4-P-T23	-0.2444139659474831	0.7831633641850194	2.4229116579474037
MDC1-P-S780	-0.2444139659474831	0.7831633641850194	2.397933187246915
TOP1-P-S394	-0.2444139659474831	0.7831633641850194	2.3734644812545995
WDHD1-P-S383	-0.2444139659474831	0.7831633641850194	2.3376836096778972
SAMHD1-P-S33	-0.2444139659474831	0.7831633641850194	2.3259951916295076
POLR2A-P-T1870	0.2444139659474831	0.7831633641850194	2.4484159911889556
PRKDC-P-S4026	0.2444139659474831	0.7831633641850194	2.4103577115331687
MSH6-P-S14	-0.2444139659474831	0.7831633641850194	2.3856360939789822
TP53BP1-P-S1101	-0.2444139659474831	0.7831633641850194	2.361416438202546
TP53BP1-P-S1317	0.2444139659474831	0.7831633641850194	2.349490092555058
TP53BP1-P-S1028	0.23941725575783876	0.7870863975150749	2.3260165180296246
TP53BP1-P-S1430	0.23941725575783876	0.7870863975150749	2.314501584772052
PARP1-P-S75	0.23941725575783876	0.7870863975150749	2.303100099132781
UFD1-P-S247	0.23883344707223017	0.7875460395487193	2.2708851819997053
RIF1-P-S1688	-0.23883344707223017	0.7875460395487193	2.2931487622153885
RIF1-P-S1238	-0.23883344707223017	0.7875460395487193	2.2819626706923866
XRCC6-P-S27	-0.23883344707223017	0.7875460395487193	2.2599147221832814
H2AX-P-S122	-0.238124411225536	0.7881046359307087	2.250644969917505
POLR2A-P-S1910	-0.238124411225536	0.7881046359307087	2.239876333697804
ERCC6-P-S158	0.238124411225536	0.7881046359307087	2.208179970485099
RAD23B-P-T155	-0.238124411225536	0.7881046359307087	2.1978129283701455
ACTB-P-S52	0.238124411225536	0.7881046359307087	2.1573002476628615
TERF1-P-T371	-0.238124411225536	0.7881046359307087	2.1474043749671603
TP53BP1-P-T922	-0.238124411225536	0.7881046359307087	2.1375988755380866
TTK-P-S321	-0.238124411225536	0.7881046359307087	2.1278825170129134
MSH6-P-S41	-0.238124411225536	0.7881046359307087	2.2292102559182903
MDC1-P-S453	-0.238124411225536	0.7881046359307087	2.21864527840209
ACTB-P-T318	-0.238124411225536	0.7881046359307087	2.187542774499257
NBN-P-S347	0.238124411225536	0.7881046359307087	2.177368156943446
RAD23A-P-S92	-0.238124411225536	0.7881046359307087	2.167287748809449
MCM4-P-S120	0.238124411225536	0.7881046359307087	2.118254089334122
PRKDC-P-S893	-0.23394741679676817	0.7914034293288532	2.117538905501526
UIMC1-P-S653	0.2307005762797498	0.793977166043807	2.1148988189687055
ATR-P-T1989	-0.22960376111683573	0.7948484899918399	2.1077678707819323
BAP1-P-S292	-0.21760817666982754	0.8044405785099418	2.1237231272662465
TP53BP1-P-S398	-0.21728753471885262	0.8046985572636738	2.115004172631072
TP53BP1-P-S1094-S1101	-0.21728753471885262	0.8046985572636738	2.105686973632697
TTK-P-S436	-0.21236618234889001	0.8086685232035973	2.1067943104514772
ATRX-P-S84	-0.20310815278636207	0.8161899634331945	2.1171040972895963
LIG1-P-T233	0.19685042141197875	0.8213134750351018	2.1211313224819586
ABRAXAS1-P-S406	-0.19336625740512461	0.8241800568037929	2.119320146066896
TP53BP1-P-S1068	-0.1858089105967926	0.8304322666274488	2.1170676668528094
RBBP8-P-T245	-0.1858089105967926	0.8304322666274488	2.108020369131216
TTK-P-S281	-0.1858089105967926	0.8304322666274488	2.1261929585202783
DUT-P-S99	-0.1858089105967926	0.8304322666274488	2.0990500696881047
MDC1-P-S329	-0.1816667692670225	0.8338791682892351	2.0811942267386794
RBBP8-P-S568	-0.1816667692670225	0.8338791682892351	2.098831465948329
KDM4B-P-S566	0.1816667692670225	0.8338791682892351	2.089975636978083
TOP2B-P-T1292	-0.18063041638630986	0.8347438093266856	2.0746352415901725
TP53BP1-P-S580	0.17786372531922	0.8370564853220537	2.071714801172083
XRCC4-P-S260	0.16975906242736305	0.8438681116391372	2.079907295907251
LIG1-P-S66	0.16034874100362748	0.8518466632989754	2.0908963553702122
MTOR-P-S1261	-0.15308974088253294	0.8580527159481695	2.0974621945399696
TP53BP1-P-T855	0.14790526733821804	0.8625128192071376	2.099723830364917
CDK7-P-T170	0.14547564638458926	0.86461094622002	2.0962404165497626
ATRX-P-S677	-0.14460942794947157	0.8653602126281781	2.089528318297308
MRE11-P-S649	0.1438151208226306	0.8660478474728284	2.0827223538415387
LIG1-P-S819	0.1438151208226306	0.8660478474728284	2.0659936602363858
BOD1L1-P-S800	0.1438151208226306	0.8660478474728284	2.05772968559544
NUDT5-P-S3	0.1438151208226306	0.8660478474728284	2.041398497614524
ATRX-P-S1527	0.1438151208226306	0.8660478474728284	2.074324279834113
MCM2-P-S139	-0.1438151208226306	0.8660478474728284	2.049531559358008
TP53BP1-P-T302	0.13705697631531538	0.8719205458968715	2.047117803410046
MDC1-P-T1589	-0.13497713162526329	0.8737358923793784	2.043303622336027
CUL4B-P-S193	-0.13497713162526329	0.8737358923793784	2.035290666954317
MPG-P-T67	0.13497713162526329	0.8737358923793784	2.0273403127865266
POLR2A-P-S1861-S1868	0.12363776352582756	0.883699891245125	2.0424814606988493
ORC1-P-T230	-0.12363776352582756	0.883699891245125	2.0035028068687186
MSH6-P-S200	-0.12363776352582756	0.883699891245125	1.973374945111294
PRKDC-P-S2612	-0.12363776352582756	0.883699891245125	1.9659840277138736
TP53BP1-P-S809	0.12363776352582756	0.883699891245125	1.9586482664164337
SMARCC1-P-S310	-0.12363776352582756	0.883699891245125	1.944139760739275
WEE1-P-T190	0.12363776352582756	0.883699891245125	1.9157581583927161
RIF1-P-S2234	-0.12363776352582756	0.883699891245125	1.90879176508947
BOD1L1-P-S3019	0.12363776352582756	0.883699891245125	1.9018758528971167
PPP4C-P-S47	-0.12363776352582756	0.883699891245125	1.895009875088824
TP53BP1-P-S265	0.12363776352582756	0.883699891245125	2.034564865889939
XRCC6-P-S324	-0.12363776352582756	0.883699891245125	2.026709403087275
MCM6-P-S271	0.12363776352582756	0.883699891245125	2.0189143669215546
TOP2B-P-S1552	-0.12363776352582756	0.883699891245125	2.0111790628337327
ATR-P-S464	0.12363776352582756	0.883699891245125	1.9958849254737803
SMARCA4-P-T1455	0.12363776352582756	0.883699891245125	1.988324755301531
WDR48-P-S373	0.12363776352582756	0.883699891245125	1.9808216430173744
POLR2E-P-Y26-T36	0.12363776352582756	0.883699891245125	1.951367046095183
POLR2A-P-S1910-S1917	0.12363776352582756	0.883699891245125	1.9369658132826724
CDC5L-P-T396	-0.12363776352582756	0.883699891245125	1.9298446154397215
TP53BP1-P-S1362	-0.12363776352582756	0.883699891245125	1.9227755875443377
CLK2-P-S97	0.12363776352582756	0.883699891245125	1.8881932928043317
SMARCA4-P-S695	0.12363776352582756	0.883699891245125	1.8814255749089757
MCM4-P-S26	0.11893256822002153	0.8878676692407306	1.8835478411749786
TOP2B-P-S1550-S1552	-0.11734546191521218	0.8892779284360232	1.8798259412491023
PAXIP1-P-S235	-0.11719367116257957	0.8894129228472725	1.866824297425017
TOP2B-P-S1424	0.11719367116257957	0.8894129228472725	1.8602509724340839
TOP2B-P-S1454	0.11719367116257957	0.8894129228472725	1.8472422243751043
TOP2B-P-S1476	0.11719367116257957	0.8894129228472725	1.840805840318048
MSH6-P-S252	-0.11719367116257957	0.8894129228472725	1.7969771298342851
APTX-P-S132	0.11719367116257957	0.8894129228472725	1.873444241742127
TOP2A-P-S1354	0.11719367116257957	0.8894129228472725	1.8537237760395784
ABL1-P-Y393	0.11719367116257957	0.8894129228472725	1.8344141533724994
BABAM1-P-S29	-0.11719367116257957	0.8894129228472725	1.8280666995546013
RTEL1-P-S847	-0.11719367116257957	0.8894129228472725	1.8217630212802751
ABL1-P-S16	0.11719367116257957	0.8894129228472725	1.815502667255257
TP53BP1-P-T1372	-0.11719367116257957	0.8894129228472725	1.8092851923673967
MDC1-P-S1033	-0.11719367116257957	0.8894129228472725	1.8031101575811597
RIF1-P-S1542	-0.11470319627094813	0.8916307439674934	1.7953513963277663
TOP2A-P-S1247	0.11470319627094813	0.8916307439674934	1.7832614879349866
HMGN1-P-S25	0.11470319627094813	0.8916307439674934	1.7772773889821847
ASCC1-P-S67	-0.11470319627094813	0.8916307439674934	1.7479493792630068
MDC1-P-T1239	0.11470319627094813	0.8916307439674934	1.7892860199888212
BAZ1B-P-S347	-0.11470319627094813	0.8916307439674934	1.7713333174471273
CDC25C-P-S173	0.11470319627094813	0.8916307439674934	1.765428873055637
RECQL5-P-S488	-0.11470319627094813	0.8916307439674934	1.7595636608527943
SIRT6-P-T294	-0.11470319627094813	0.8916307439674934	1.753737291114871
TP53BP1-P-S771	0.11385719688234004	0.8923853821984863	1.7436740691641477
BAZ1B-P-S361	0.11146639916942018	0.8945214475619186	1.7421171798419004
TICRR-P-S1045	-0.1092821168755405	0.8964774703966494	1.740220971946437
MCM2-P-S27	0.1080488201558613	0.8975837751809606	1.7366930373208163
TP53BP1-P-S1094	-0.1080488201558613	0.8975837751809606	1.7310544235632812
KPNA2-P-S62	-0.1071049238960389	0.8984314011217768	1.727081722544775
TP53BP1-P-S525	-0.1071049238960389	0.8984314011217768	1.710475167520306
LRWD1-P-S243	0.1071049238960389	0.8984314011217768	1.6941849278296364
ATRX-P-S889	0.1071049238960389	0.8984314011217768	1.7215104911817274
TOP2A-P-S1374	0.1071049238960389	0.8984314011217768	1.7159750876731044
BABAM1-P-S49	-0.1071049238960389	0.8984314011217768	1.7050103906272698
POLR2A-P-S1861	0.1071049238960389	0.8984314011217768	1.6995804212303678
ACTB-P-T249	0.10664434319525629	0.8988452965949273	1.6896016018271733
MDC1-P-S1820	0.10664434319525629	0.8988452965949273	1.684271628319832
TP53BP1-P-S1656	0.09547681349585635	0.9089394365373554	1.6872188290724661
SMARCA5-P-S755	0.09547681349585635	0.9089394365373554	1.6978302682490225
SAMHD1-P-T25	-0.09547681349585635	0.9089394365373554	1.6925079163109378
ACTB-P-S233	0.09141769450993728	0.9126364280493677	1.6888038575119142
CUL4B-P-S28	-0.08691836062826716	0.9167519356302253	1.6911510862247012
VCP-P-S3	0.08691836062826716	0.9167519356302253	1.6859153243478446
MDC1-P-T1157	0.08691836062826716	0.9167519356302253	1.6755404608133964
TCEA1-P-S135	-0.08691836062826716	0.9167519356302253	1.6451681261762956
ACTB-P-S199	-0.08691836062826716	0.9167519356302253	1.6402128004950416
UFD1-P-S299	0.08691836062826716	0.9167519356302253	1.635287236529591
MDC1-P-S1775	-0.08691836062826716	0.9167519356302253	1.6255243276547875
HMGN1-P-S86	0.08691836062826716	0.9167519356302253	1.6158772990040173
RAD9A-P-S375	-0.08691836062826716	0.9167519356302253	1.5969227265816828
CDC5L-P-T424	-0.08691836062826716	0.9167519356302253	1.5876112238027809
PNKP-P-T118	-0.08691836062826716	0.9167519356302253	1.5693102298684547
ATRX-P-S25	0.08691836062826716	0.9167519356302253	1.5603170480353978
LIG3-P-S210	0.08691836062826716	0.9167519356302253	1.5514263526049965
CHTF18-P-S871	0.08691836062826716	0.9167519356302253	1.542636401598736
ATRX-P-S316	0.08691836062826716	0.9167519356302253	1.5253519601242405
APBB1-P-S205	0.08691836062826716	0.9167519356302253	1.5210912004590889
MSH6-P-S261	-0.08691836062826716	0.9167519356302253	1.5126406937898718
TP53BP1-P-S1678	0.08691836062826716	0.9167519356302253	1.508450553363861
TP53BP1-P-S222	-0.08691836062826716	0.9167519356302253	1.6807118819887463
RIF1-P-T409	-0.08691836062826716	0.9167519356302253	1.6704007661483247
WEE1-P-S139	-0.08691836062826716	0.9167519356302253	1.6652925069246294
RBBP8-P-S327	0.08691836062826716	0.9167519356302253	1.6602153956230299
APEX1-P-T19	0.08691836062826716	0.9167519356302253	1.6551691482199204
SAMHD1-P-S18-T21	-0.08691836062826716	0.9167519356302253	1.6501534841344054
MNAT1-P-T51	-0.08691836062826716	0.9167519356302253	1.630391166959143
TOPBP1-P-S888	0.08691836062826716	0.9167519356302253	1.6206864576320055
MDC1-P-S453-T455	0.08691836062826716	0.9167519356302253	1.611096596935958
TOP2B-P-S1336	-0.08691836062826716	0.9167519356302253	1.6063440995998637
HMGN1-P-T83	-0.08691836062826716	0.9167519356302253	1.6016195581304524
SMARCC1-P-S830	-0.08691836062826716	0.9167519356302253	1.5922533618840755
BABAM1-P-S44	0.08691836062826716	0.9167519356302253	1.5829960748963774
MSH6-P-S274-S275	-0.08691836062826716	0.9167519356302253	1.5784076804763878
TERF2IP-P-S203	0.08691836062826716	0.9167519356302253	1.5738458085674965
CLK2-P-S50	0.08691836062826716	0.9167519356302253	1.5648007177136605
PIAS1-P-S503	-0.08691836062826716	0.9167519356302253	1.5558589993267251
WDHD1-P-S407	-0.08691836062826716	0.9167519356302253	1.5470188913760052
ABL1-P-S884	0.08691836062826716	0.9167519356302253	1.538278671650717
BABAM1-P-S62	0.08691836062826716	0.9167519356302253	1.5339454922939544
POLR2A-P-S1875	0.08691836062826716	0.9167519356302253	1.5296366566414432
MNAT1-P-S279	-0.08691836062826716	0.9167519356302253	1.5168541776165845
MDC1-P-S1086	-0.08691836062826716	0.9167519356302253	1.5042835628849553
SAMHD1-P-T21	-0.08691836062826716	0.9167519356302253	1.5001395310312777
UIMC1-P-S171	0.08691836062826716	0.9167519356302253	1.4960182685833896
WEE1-P-S67	-0.08691836062826716	0.9167519356302253	1.4919195883954899
USP7-P-S18	-0.08129299869038156	0.9219235294812201	1.4962365478465702
TP53BP1-P-S119	0.07329723707868357	0.929324559251727	1.504138387453749
TP53BP1-P-S366	0.07329723707868357	0.929324559251727	1.5000510548791464
ABL1-P-S569	-0.07329723707868357	0.929324559251727	1.4959858758686337
RPA1-P-S38	0.07329723707868357	0.929324559251727	1.4919426707987187
TICRR-P-S1001	0.07329723707868357	0.929324559251727	1.4759860646939194
ACTB-P-S60	0.07329723707868357	0.929324559251727	1.4720501018547356
UNG-P-S14	0.07329723707868357	0.929324559251727	1.4681350749881008
TRIM25-P-S433	-0.07329723707868357	0.929324559251727	1.4642408174947636
HMGN1-P-S86-S89	-0.07329723707868357	0.929324559251727	1.4565139530224958
ATRX-P-S1352	-0.07329723707868357	0.929324559251727	1.4879212619825495
TP53BP1-P-S208	0.07329723707868357	0.929324559251727	1.4839214736438868
SLX4-P-T1315	0.07329723707868357	0.929324559251727	1.4799431318914902
YY1-P-S247	-0.07329723707868357	0.929324559251727	1.4603671645384282
PRKDC-P-T2603	0.07297363102365415	0.92962534297128	1.4531511940130006
HMGN1-P-S89	-0.07198869743015492	0.9305414132610856	1.4507653529582278
LRWD1-P-S212	-0.07198869743015492	0.9305414132610856	1.446967537898128
PRKDC-P-S511	0.07198869743015492	0.9305414132610856	1.4431895547704565
MCM3-P-S711-T722	-0.07015320632870187	0.9322509822139947	1.4420757381122733
PPP4R2-P-T173	0.06775894164202156	0.9344857120196121	1.4417779556874015
BAZ1B-P-S330	0.06775894164202156	0.9344857120196121	1.438042779636398
SMARCA5-P-S66	-0.06079153462624307	0.9410193892888092	1.4406327763854452
PIAS1-P-S488	-0.06079153462624307	0.9410193892888092	1.4259324419325325
MDC1-P-S544	0.06079153462624307	0.9410193892888092	1.418694206186682
MBD4-P-S387	0.06079153462624307	0.9410193892888092	1.4151025752849435
TOP2A-P-S1525	0.06079153462624307	0.9410193892888092	1.4079735950568077
SMARCA5-P-T113	-0.06079153462624307	0.9410193892888092	1.4009160833021372
XRCC4-P-S320	-0.06079153462624307	0.9410193892888092	1.3974137930938817
ABL1-P-T852	0.06079153462624307	0.9410193892888092	1.3939289706672138
SAMHD1-P-S18	-0.06079153462624307	0.9410193892888092	1.3767623577279624
ATRX-P-S849	-0.06079153462624307	0.9410193892888092	1.4443553416991026
BOD1L1-P-S2973	-0.06079153462624307	0.9410193892888092	1.4369293502250713
XPC-P-S884	0.06079153462624307	0.9410193892888092	1.4332449159937248
MDC1-P-T1425	0.06079153462624307	0.9410193892888092	1.4295793279732807
TP53BP1-P-S640	0.06079153462624307	0.9410193892888092	1.4223041151082767
PIAS1-P-S510	-0.06079153462624307	0.9410193892888092	1.411529083933214
RNMT-P-T77	-0.06079153462624307	0.9410193892888092	1.404435972958675
SMARCAL1-P-S129	-0.06079153462624307	0.9410193892888092	1.390461485665554
SMARCA4-P-S1484	-0.06079153462624307	0.9410193892888092	1.3870112090261855
BOD1L1-P-S2475	-0.06079153462624307	0.9410193892888092	1.3835780129642394
RIF1-P-S2172	0.06079153462624307	0.9410193892888092	1.3801617709569203
TOP2B-P-S1613	-0.05907276410767034	0.9426381764358216	1.3723702862815637
CDC25C-P-T48	-0.05907276410767034	0.9426381764358216	1.3757422034468747
TOP2B-P-S1581	-0.05907276410767034	0.9426381764358216	1.3690148577087482
TIMELESS-P-S1149	-0.05907276410767034	0.9426381764358216	1.3656757970801903
RECQL4-P-S251	-0.05907276410767034	0.9426381764358216	1.3623529849218443
LIG1-P-S141	-0.05907276410767034	0.9426381764358216	1.3590463029196067
ATRX-P-S819	-0.05700537678344085	0.9445889905024268	1.3585614052262507
TP53BP1-P-T321	-0.05700537678344085	0.9445889905024268	1.3552798559382646
MCM2-P-S41	0.05263355093956217	0.9487276091311533	1.3546735572690025
MCM6-P-S13	0.05263355093956217	0.9487276091311533	1.341771904342631
MDC1-P-S505	-0.05263355093956217	0.9487276091311533	1.3385847976814846
MCM2-P-T106	0.05263355093956217	0.9487276091311533	1.3322557915458748
LIG1-P-S76	0.05263355093956217	0.9487276091311533	1.3291136788299647
ATRX-P-S1348-S1352	-0.05263355093956217	0.9487276091311533	1.3259863525268354
TP53BP1-P-S1460	0.05263355093956217	0.9487276091311533	1.3228737085068194
LRWD1-P-S253	0.05263355093956217	0.9487276091311533	1.3166920556633295
BOD1L1-P-S2501	-0.05263355093956217	0.9487276091311533	1.357937830900976
ATM-P-S1891	0.05263355093956217	0.9487276091311533	1.3514249396256717
MDC1-P-T1671	0.05263355093956217	0.9487276091311533	1.3481918656074283
GPS1-P-S468	0.05263355093956217	0.9487276091311533	1.344974223923401
TRIM25-P-S100	0.05263355093956217	0.9487276091311533	1.3354127957912443
TTK-P-S455	-0.05263355093956217	0.9487276091311533	1.3197756436157027
RIF1-P-S2393	0.05263355093956217	0.9487276091311533	1.313622843412366
PARP1-P-T368	-0.051994560580541506	0.9493340306548445	1.3114056144394828
ORC2-P-T116	-0.04835622186048471	0.9527943204528871	1.3131318476775289
MCM3-P-S160	-0.044604060972755884	0.9563760734907651	1.3150171010498022
CUL4A-P-S10	0.044604060972755884	0.9563760734907651	1.3029527239759506
TRIM25-P-T91	0.044604060972755884	0.9563760734907651	1.2940487190285068
TERF2IP-P-S36	-0.044604060972755884	0.9563760734907651	1.288180017354908
RECQL4-P-S27	-0.044604060972755884	0.9563760734907651	1.2852655829265034
TP53BP1-P-S1462	0.044604060972755884	0.9563760734907651	1.2823643062156083
PTEN-P-S370	0.044604060972755884	0.9563760734907651	1.311980110054306
TOP2A-P-S1377	0.044604060972755884	0.9563760734907651	1.3089571144090195
BAP1-P-S597	-0.044604060972755884	0.9563760734907651	1.3059480175942861
PARP1-P-S782	-0.044604060972755884	0.9563760734907651	1.2999711387952277
RECQL5-P-S727	0.044604060972755884	0.9563760734907651	1.2970031681587089
SMARCA4-P-S1449	0.044604060972755884	0.9563760734907651	1.291107699212533
BOD1L1-P-S482	0.044604060972755884	0.9563760734907651	1.2794760983187263
ATRX-P-S703	-0.04456716720565781	0.9564113584577724	1.2737855312195443
MCM3-P-S672-T674	0.04456716720565781	0.9564113584577724	1.2709358991586506
RIF1-P-S1579	0.04456716720565781	0.9564113584577724	1.2680989886694571
NSD2-P-S437	-0.04456716720565781	0.9564113584577724	1.2513399711980546
BOD1L1-P-S2203	0.04456716720565781	0.9564113584577724	1.2485897734591578
MDC1-P-S376	-0.04456716720565781	0.9564113584577724	1.243125485610321
CHEK1-P-S301	0.04456716720565781	0.9564113584577724	1.2404112378251457
MDC1-P-T1302	-0.04456716720565781	0.9564113584577724	1.2296717465885645
TP53BP1-P-S500	-0.04456716720565781	0.9564113584577724	1.2270158680862133
ATRX-P-S92	-0.04456716720565781	0.9564113584577724	1.2243714373360275
TP53BP1-P-S993	-0.04456716720565781	0.9564113584577724	1.2191166243002505
CDK7-P-S164	0.04456716720565781	0.9564113584577724	1.216506096196824
BARD1-P-T299	0.04456716720565781	0.9564113584577724	1.2139067241964034
CDK1-P-T161	0.04456716720565781	0.9564113584577724	1.208741163667908
DDB2-P-S24-S26	-0.04456716720565781	0.9564113584577724	1.206174834233369
CDC5L-P-T404	0.04456716720565781	0.9564113584577724	1.203619379076095
TOP2B-P-S1473	-0.04456716720565781	0.9564113584577724	1.1960175724714037
HERC2-P-S1588	-0.04456716720565781	0.9564113584577724	1.1910028237398675
ATRX-P-S1995-S1996	-0.04456716720565781	0.9564113584577724	1.1885111860332986
ABL1-P-S718	0.04456716720565781	0.9564113584577724	1.1860299518244608
RCHY1-P-S257	0.04456716720565781	0.9564113584577724	1.1810984343532573
MDC1-P-S1814	-0.04456716720565781	0.9564113584577724	1.1786480226637277
HERC2-P-S2928	0.04456716720565781	0.9564113584577724	1.176207757606453
MTOR-P-S2481	0.04456716720565781	0.9564113584577724	1.168947215892833
UIMC1-P-S677	0.04456716720565781	0.9564113584577724	1.1641564486145835
XPC-P-S883-S884	-0.04456716720565781	0.9564113584577724	1.1594047896406465
SMARCC1-P-S573	-0.04456716720565781	0.9564113584577724	1.1476936301493268
YY1-P-S118	-0.04456716720565781	0.9564113584577724	1.1407798131002345
XPC-P-S903	0.04456716720565781	0.9564113584577724	1.1271991010395175
SMARCA4-P-S1382	-0.04456716720565781	0.9564113584577724	1.1205292838736032
TP53BP1-P-S63	0.04456716720565781	0.9564113584577724	1.2766479706155434
USP10-P-S211	-0.04456716720565781	0.9564113584577724	1.2652747147525987
BOD1L1-P-S2753	0.04456716720565781	0.9564113584577724	1.2624629931642595
RIF1-P-S1422	-0.04456716720565781	0.9564113584577724	1.2596637404077977
BAP1-P-S395	0.04456716720565781	0.9564113584577724	1.2568768737254796
SLX4-P-S1044	0.04456716720565781	0.9564113584577724	1.254102311090324
ELL-P-S442	-0.04456716720565781	0.9564113584577724	1.2458516379910456
VCP-P-S702	-0.04456716720565781	0.9564113584577724	1.2377088168277053
TP53BP1-P-S1705	0.04456716720565781	0.9564113584577724	1.2350181454867757
TP53BP1-P-S1701	0.04456716720565781	0.9564113584577724	1.2323391473403835
TOP2A-P-S1106	-0.04456716720565781	0.9564113584577724	1.2217383804815414
ABL1-P-T781	-0.04456716720565781	0.9564113584577724	1.2113184369379888
BAZ1B-P-S345	-0.04456716720565781	0.9564113584577724	1.2010747292260398
RMI1-P-S292	-0.04456716720565781	0.9564113584577724	1.1985408162951832
ACTB-P-S239	0.04456716720565781	0.9564113584577724	1.1935049305124301
RFC1-P-S108	-0.04456716720565781	0.9564113584577724	1.1835590560914933
CDC5L-P-T355	-0.04456716720565781	0.9564113584577724	1.1737775762890843
ABL1-P-Y185	0.04456716720565781	0.9564113584577724	1.1713574163379727
SIRT6-P-S303	-0.04456716720565781	0.9564113584577724	1.166546913601472
NBN-P-S397	0.04456716720565781	0.9564113584577724	1.161775760580607
CDC5L-P-T385	-0.04456716720565781	0.9564113584577724	1.1570434764234558
ATRIP-P-S518	0.04456716720565781	0.9564113584577724	1.1546917620404813
RFC1-P-S190	-0.04456716720565781	0.9564113584577724	1.152349588080967
RPA1-P-S384	0.04456716720565781	0.9564113584577724	1.150016896607119
PPP4R2-P-S226	-0.04456716720565781	0.9564113584577724	1.1453797317014451
RAD23A-P-S205	-0.04456716720565781	0.9564113584577724	1.1430751447161303
TICRR-P-S923	0.04456716720565781	0.9564113584577724	1.138493681210254
ATRX-P-S213	0.04456716720565781	0.9564113584577724	1.1362166938478335
RIF1-P-S2176	0.04456716720565781	0.9564113584577724	1.133948796255323
BOD1L1-P-S266	0.04456716720565781	0.9564113584577724	1.131689934111388
MSH6-P-S137	0.04456716720565781	0.9564113584577724	1.1294400535266735
MCM4-P-S326	0.04456716720565781	0.9564113584577724	1.1249670236117164
POLR2A-P-S1889	-0.04456716720565781	0.9564113584577724	1.1227437686243413
SUMO1-P-S2	-0.04456716720565781	0.9564113584577724	1.1183235175667654
REV3L-P-S1724	0.04456716720565781	0.9564113584577724	1.1161264183181077
XRCC1-P-S241	0.0434212397339137	0.9575079647033278	1.1152151588897583
TOP2B-P-S1236	0.039131860178382	0.9616239008869633	1.1178172155124386
GPS1-P-S240	0.03701761289813393	0.9636591623689196	1.1179952000920668
MDC1-P-S168	0.03500627848981449	0.9655993537328275	1.118062409585379
MBD4-P-S422	-0.03400727867397359	0.9665644693042562	1.1170025190014168
XPC-P-S61	-0.03315728868104857	0.9673863886928241	1.1157815822981312
TOP2B-P-S1449	0.03261574725186314	0.9679104103772508	1.1120672800079052
TOP2A-P-S1213	0.03261574725186314	0.9679104103772508	1.109920431977002
SAMHD1-P-T592	0.03261574725186314	0.9679104103772508	1.1014152945672164
BOD1L1-P-S1017	0.03261574725186314	0.9679104103772508	1.0972114193971125
NSD2-P-T110	0.03261574725186314	0.9679104103772508	1.0951214928839752
TOPBP1-P-S817	-0.03261574725186314	0.9679104103772508	1.1142224491552073
COPS5-P-S284	0.03261574725186314	0.9679104103772508	1.107781856963559
GPS1-P-T479	0.03261574725186314	0.9679104103772508	1.1056515072386288
ATRX-P-S1061	0.03261574725186314	0.9679104103772508	1.1035293354397064
UNG-P-T60	0.03261574725186314	0.9679104103772508	1.099309337981046
MRE11-P-S667	0.03252653402670262	0.9679967646385408	1.091062766973991
ACTB-P-S323	0.03252653402670262	0.9679967646385408	1.0889963602183583
TOP2B-P-S1466-S1476	0.03252653402670262	0.9679967646385408	1.0869377659646375
TCEA1-P-S57	0.03252653402670262	0.9679967646385408	1.0848869399911192
TP53BP1-P-S484	-0.03252653402670262	0.9679967646385408	1.093137030789531
RPA1-P-S135	0.03252653402670262	0.9679967646385408	1.0828438384092152
PIAS1-P-S485	-0.029653257577518563	0.970782086528923	1.0798587254647571
TOP1-P-S112	0.029653257577518563	0.970782086528923	1.077840297940524
MSH6-P-S65	0.029653257577518563	0.970782086528923	1.0839183447334215
NBN-P-S604	0.029653257577518563	0.970782086528923	1.0818847268258542
TICRR-P-S1750	0.029653257577518563	0.970782086528923	1.0758294018622767
RFC1-P-S368	-0.029653257577518563	0.970782086528923	1.073825995154898
USP1-P-S327	0.029331749416187228	0.9710942510716514	1.0721746935623808
TOP2B-P-S1452	0.026878437111612138	0.973479573320533	1.0728142236593627
MSH6-P-S309	0.026878437111612138	0.973479573320533	1.0708275306525863
MEN1-P-S548	0.026878437111612138	0.973479573320533	1.0688481821670917
POLD2-P-S15	-0.025731977908531548	0.9745962679364747	1.0680999689193098
SLX4-P-S1469	-0.021322226112822956	0.978903485479434	1.0708446968228063
UBXN1-P-S132	0.015470486308402238	0.984648566937031	1.0751493543393316
TP53BP1-P-S103	0.015470486308402238	0.984648566937031	1.073176603230452
TP53BP1-P-S598	0.015470486308402238	0.984648566937031	1.0712110783161106
TP53BP1-P-T1638	0.015470486308402238	0.984648566937031	1.069252739964527
POLR2A-P-S1875-S1882	0.015470486308402238	0.984648566937031	1.061490469619957
POLR2A-P-S1920	-0.015470486308402238	0.984648566937031	1.0595674796387615
RIF1-P-S2205	-0.015470486308402238	0.984648566937031	1.0576514444133749
TP53BP1-P-S999	0.015470486308402238	0.984648566937031	1.0557423262826648
HMGN1-P-S99	-0.015470486308402238	0.984648566937031	1.0519446920154611
CHAF1A-P-S199	0.015470486308402238	0.984648566937031	1.0481742809329684
PPP4R2-P-S364	-0.015470486308402238	0.984648566937031	1.0388654507293007
SMARCC1-P-S330	0.015470486308402238	0.984648566937031	1.037023490710277
NSD2-P-T544	0.015470486308402238	0.984648566937031	1.0351880509037104
XRCC6-P-S6	0.015470486308402238	0.984648566937031	1.0333590967501702
CHAF1A-P-S141	-0.015470486308402238	0.984648566937031	1.0315365939340324
LRWD1-P-S259	-0.015470486308402238	0.984648566937031	1.0297205083813317
ATRX-P-S598	-0.015470486308402238	0.984648566937031	1.0279108062576385
SMARCC1-P-S328-S330	-0.015470486308402238	0.984648566937031	1.067301548833205
MDC1-P-S498	-0.015470486308402238	0.984648566937031	1.0653574658662956
TOP2A-P-S4	0.015470486308402238	0.984648566937031	1.0634204522919934
DDB1-P-T833-Y837	0.015470486308402238	0.984648566937031	1.0538400878569303
TICRR-P-S599	0.015470486308402238	0.984648566937031	1.0500561019041228
BABAM1-P-S66	-0.015470486308402238	0.984648566937031	1.0462991927738754
NBN-P-T497	0.015470486308402238	0.984648566937031	1.0444308013582078
SAMHD1-P-S583	0.015470486308402238	0.984648566937031	1.0425690708745032
TICRR-P-T1105	0.015470486308402238	0.984648566937031	1.0407139657661857
NHEJ1-P-S287	-0.015103949603793517	0.9850095429293877	1.017557684347924
BOD1L1-P-S2780	0.015103949603793517	0.9850095429293877	1.026483628947467
CCNH-P-T315	-0.015103949603793517	0.9850095429293877	1.0246859343258428
XRCC1-P-S447	-0.015103949603793517	0.9850095429293877	1.0228945253497488
RIF1-P-S2144	-0.015103949603793517	0.9850095429293877	1.021109369110046
MCM4-P-S131	0.015103949603793517	0.9850095429293877	1.0193304329269273
SMARCAL1-P-S198	-0.015103949603793517	0.9850095429293877	1.015791091145931
TP53BP1-P-S1114	0.014940665890464501	0.9851703920768874	1.014196209521094
POLR2C-P-S124	-0.010322844269399355	0.9897302534240364	1.0171276306814492
MCM4-P-T110	-0.010322844269399355	0.9897302534240364	1.008404409149018
PPP4R2-P-S159	0.010322844269399355	0.9897302534240364	1.0049568727074831
LIG3-P-S913	0.010322844269399355	0.9897302534240364	1.0153709335645553
RIF1-P-S1616	0.010322844269399355	0.9897302534240364	1.013620294023927
NBN-P-S432	0.010322844269399355	0.9897302534240364	1.0118756807812006
MCM2-P-S381	-0.010322844269399355	0.9897302534240364	1.0101370627729855
WEE1-P-S150	0.010322844269399355	0.9897302534240364	1.0066776892703384
MDC1-P-S998	0.008241616277420087	0.9917922527330144	1.0053320787088917
TINF2-P-S295	-0.0073620951701968305	0.9926649386698683	1.004502510340548
ATRX-P-S875	-0.006680693322865477	0.9933415728965844	1.003477711395529
SMARCAL1-P-S151	0.006538083297721193	0.9934832434648536	1.0019168872973228
MCM3-P-S672	-0.006538083297721193	0.9934832434648536	1.0002187230815645
RIF1-P-S2465	-0.0030169736969925093	0.996987572794787	1.0020484234181108
ACTB-P-S365	-0.0026836626114043376	0.9973199351919518	1.00068925929733
USP10-P-T74	0.0026836626114043376	0.9973199351919518	0.9990017563305554
MRE11-P-S689	-0.0016832656479297446	0.998318150249136	0.9983181502491358

Data type: org.panda.causalpath.data.ProteinData
Row ID	Change amount	P-value	Q-value
SOD1-G	-2.3630249091369455	0.09413504214128521	12.049285394084507
CDK6-G	2.3630249091369455	0.09413504214128521	24.098570788169013
YY1-G	-1.4503084410617801	0.23449794814195524	20.01049157478018
BARD1-G	1.2881259071337223	0.2757871498090951	10.085930050161192
GINS4-G	1.2881259071337223	0.2757871498090951	8.825188793891042
RPS27A-G	-1.2881259071337223	0.2757871498090951	17.650377587782085
UIMC1-G	-1.2881259071337223	0.2757871498090951	14.120302070225668
XPA-G	-1.2881259071337223	0.2757871498090951	11.766918391854723
ASCC1-G	1.2881259071337223	0.2757871498090951	7.844612261236482
GTF2H1-G	0.856734804067439	0.4245460476571495	10.868378820023027
TIPIN-G	-0.8227056893949405	0.43924159394234125	10.222349822658124
TTK-G	0.7791239338155461	0.45880778127332367	9.787899333830905
BAP1-G	-0.7791239338155461	0.45880778127332367	8.38962800042649
TYMS-G	0.7791239338155461	0.45880778127332367	5.872739600298543
RNF168-G	-0.7791239338155461	0.45880778127332367	6.909105412115933
RAD23B-G	-0.7791239338155461	0.45880778127332367	5.106730087216124
POLL-G	-0.7791239338155461	0.45880778127332367	7.340924500373179
GINS2-G	0.7791239338155461	0.45880778127332367	6.525266222553936
PTEN-G	-0.7791239338155461	0.45880778127332367	6.181831158208992
RAD1-G	-0.7791239338155461	0.45880778127332367	9.034984000459296
RAD23A-G	-0.7791239338155461	0.45880778127332367	7.830319467064724
POLR2G-G	0.7791239338155461	0.45880778127332367	5.59308533361766
RAD17-G	-0.7791239338155461	0.45880778127332367	5.338854182089585
UNG-G	-0.7791239338155461	0.45880778127332367	4.893949666915453
USP1-G	-0.6417004038920211	0.5263965758207271	4.991019385559486
TIMELESS-G	-0.6417004038920211	0.5263965758207271	5.390300936404246
POLR2H-G	-0.6417004038920211	0.5263965758207271	5.182981669619466
CUL5-G	-0.6417004038920211	0.5263965758207271	4.812768693218076
UBE2N-G	-0.6068164489762635	0.5450834106439585	4.651378437495112
CHEK1-G	0.6068164489762635	0.5450834106439585	4.501333971769464
MBD4-G	0.6068164489762635	0.5450834106439585	4.811770797408737
RNF4-G	-0.6068164489762635	0.5450834106439585	4.360667285151668
TERF1-G	-0.5077055842058975	0.6018749471697318	4.669090499256101
BLM-G	0.500727621706337	0.6060894953589114	4.4331117374823235
KDM4B-G	-0.500727621706337	0.6060894953589114	4.563497376820039
CHAF1A-G	-0.43704210182034947	0.6459442354099729	4.469235790944677
CCNH-G	0.43704210182034947	0.6459442354099729	4.59338122958203
CETN2-G	-0.3942462772967415	0.6741879985953799	4.5418980958004544
RECQL4-G	-0.3437483097624432	0.7091073809963127	4.538287238376401
XRCC1-G	-0.3437483097624432	0.7091073809963127	4.65465357782195
BABAM1-G	-0.3293229260864422	0.7194106627626424	4.491929991883816
SMARCC1-G	0.3293229260864422	0.7194106627626424	4.384979277791344
APBB1-G	-0.3290094002229153	0.7196362519740938	4.186974556940182
KPNA2-G	0.3290094002229153	0.7196362519740938	3.542824625103231
BRCA1-G	-0.3290094002229153	0.7196362519740938	3.4759788774597737
HMGN1-G	-0.3290094002229153	0.7196362519740938	3.4116088982475556
DDB1-G	-0.3290094002229153	0.7196362519740938	3.3495796455521454
BRCC3-G	-0.3290094002229153	0.7196362519740938	3.289765723310143
PIAS1-G	-0.3290094002229153	0.7196362519740938	2.924236198497905
HRAS-G	-0.3290094002229153	0.7196362519740938	4.284346058264372
CHEK2-G	0.3290094002229153	0.7196362519740938	3.68453761010736
LIG1-G	0.3290094002229153	0.7196362519740938	3.6122917746150587
CHTF18-G	0.3290094002229153	0.7196362519740938	2.9714012984736775
APTX-G	-0.3290094002229153	0.7196362519740938	3.9197208618163404
POLR2L-G	0.3290094002229153	0.7196362519740938	3.232050535181895
DDB2-G	-0.3290094002229153	0.7196362519740938	3.1763255259546206
NHEJ1-G	-0.3290094002229153	0.7196362519740938	3.122489500090983
ATRX-G	-0.3290094002229153	0.7196362519740938	4.093930677897067
CDK4-G	0.3290094002229153	0.7196362519740938	4.004932184899304
TICRR-G	0.3290094002229153	0.7196362519740938	3.8380600105285
FTO-G	0.3290094002229153	0.7196362519740938	3.759732255211592
BOD1L1-G	-0.3290094002229153	0.7196362519740938	3.0704480084228
XPC-G	-0.3290094002229153	0.7196362519740938	3.0201127951699673
TP53-G	0.3059685732304584	0.7364097620723302	2.945639048289321
SETMAR-G	-0.3059685732304584	0.7364097620723302	2.900321524469485
AURKB-G	0.30543960816830285	0.7367994001512769	2.8578885824049527
MRE11-G	-0.2611590788540393	0.7701583939549776	2.9426947589921535
PAXIP1-G	-0.24182114714554584	0.7851965996471635	2.9560342574952037
DNA2-G	0.23593861675313796	0.7898291547228166	2.808281439014459
UBXN1-G	-0.23593861675313796	0.7898291547228166	2.888518051557729
POLR2B-G	0.23593861675313796	0.7898291547228166	2.847834698718888
CDK7-G	0.23593861675313796	0.7898291547228166	2.7698118302608363
ERCC6L-G	0.23593861675313796	0.7898291547228166	2.732381940662717
PCLAF-G	-0.23593861675313796	0.7898291547228166	2.9303806320150874
GTF2H5-G	0.201983522285108	0.8171083919104264	2.7890633110542553
RMI1-G	0.201983522285108	0.8171083919104264	2.7523651095930153
LIG4-G	0.19679643490445167	0.8213578160781021	2.7307480638440795
UBE2I-G	0.19174818055576962	0.8255147229784278	2.7093816549035576
KAT5-G	0.19174818055576962	0.8255147229784278	2.675085684588323
SAMHD1-G	0.18889039090429105	0.8278772445979314	2.6492071827133805
RNASEH2C-G	-0.1713412787990393	0.8425339854138659	2.6628234600734526
YWHAG-G	0.15707484328385793	0.8546400923529565	2.6681446785653273
GMNN-G	-0.15481404887643746	0.8565744436555055	2.6419645491061376
POLB-G	-0.15481404887643746	0.8565744436555055	2.610512590188207
PCNA-G	0.1547192481660176	0.8566556513705053	2.5800452558923452
RRM2-G	0.1376800868672503	0.8713774122380047	2.5938676457317347
TOP2A-G	0.13315672732692435	0.8753278935567314	2.5177970870845305
NBN-G	-0.13315672732692435	0.8753278935567314	2.435695008157861
PLRG1-G	-0.13315672732692435	0.8753278935567314	2.263474148995184
USP7-G	-0.13315672732692435	0.8753278935567314	2.1546532764473385
LRWD1-G	-0.13315672732692435	0.8753278935567314	2.134132769052602
GTF2H3-G	0.13315672732692435	0.8753278935567314	2.0942424369207777
RRM1-G	-0.13315672732692435	0.8753278935567314	2.0748513032455853
TERF2IP-G	0.13315672732692435	0.8753278935567314	1.9830437234559577
MORF4L1-G	0.13315672732692435	0.8753278935567314	1.948556006526289
DUT-G	-0.13315672732692435	0.8753278935567314	1.9317581099183037
WRN-G	0.13315672732692435	0.8753278935567314	1.915247356842079
MMS22L-G	-0.13315672732692435	0.8753278935567314	1.792671526004186
RFC2-G	0.13315672732692435	0.8753278935567314	1.7506557871134627
UBE2T-G	0.13315672732692435	0.8753278935567314	2.5756774798910715
USP10-G	0.13315672732692435	0.8753278935567314	2.546408417619582
ATRIP-G	-0.13315672732692435	0.8753278935567314	2.358778323689718
TDP2-G	-0.13315672732692435	0.8753278935567314	2.175572240296342
KDM4A-G	0.13315672732692435	0.8753278935567314	2.113999441042672
ABL1-G	-0.13315672732692435	0.8753278935567314	2.0007494709868143
TCEA1-G	-0.13315672732692435	0.8753278935567314	1.883058325634649
CDK1-G	0.13315672732692435	0.8753278935567314	1.867366172921027
SUMO2-G	-0.13315672732692435	0.8753278935567314	1.8218206565083188
TP53BP1-G	-0.13315672732692435	0.8753278935567314	1.7784439742105018
XRCC6-G	0.13315672732692435	0.8753278935567314	1.7105644332101009
ATR-G	-0.13315672732692435	0.8753278935567314	1.697605611746388
PPP5C-G	0.13315672732692435	0.8753278935567314	1.6848416597783702
GTF2H4-G	0.13315672732692435	0.8753278935567314	2.4898215638947025
CUL4B-G	0.13315672732692435	0.8753278935567314	2.310143719077559
CCNA2-G	0.13315672732692435	0.8753278935567314	2.2865708239849307
DTYMK-G	-0.13315672732692435	0.8753278935567314	2.2408394075052325
GTF2H2-G	0.13315672732692435	0.8753278935567314	2.2186528787180517
FANCD2-G	-0.13315672732692435	0.8753278935567314	2.1969013799070907
AURKA-G	0.13315672732692435	0.8753278935567314	2.0558159701882865
PIAS4-G	-0.13315672732692435	0.8753278935567314	2.018774240995705
MLH1-G	0.13315672732692435	0.8753278935567314	1.965648603074765
COPS6-G	0.13315672732692435	0.8753278935567314	1.8990164470383324
RMI2-G	-0.13315672732692435	0.8753278935567314	1.8519333946324235
MNAT1-G	0.13315672732692435	0.8753278935567314	1.8071285544397033
PLK1-G	0.13315672732692435	0.8753278935567314	1.7370848120195599
PPP4C-G	0.13315672732692435	0.8753278935567314	2.4624608873683873
ERCC6-G	-0.13315672732692435	0.8753278935567314	2.409504739252938
RIF1-G	0.13315672732692435	0.8753278935567314	2.3838717101119493
INO80E-G	0.13315672732692435	0.8753278935567314	2.3342077161512838
CDC25C-G	0.13315672732692435	0.8753278935567314	2.037126734095666
WEE1-G	-0.13315672732692435	0.8753278935567314	1.8367536127092068
RAD50-G	-0.13315672732692435	0.8753278935567314	1.7644404783505765
MAPK8-G	-0.13315672732692435	0.8753278935567314	1.723722621157871
RBX1-G	-0.12740613599690512	0.8803760475761417	1.6819124491006887
TERF2-G	0.12531649132170297	0.8822176441672614	1.6248037187540931
MCM7-G	0.12531649132170297	0.8822176441672614	1.6606449772560214
PRKDC-G	0.12531649132170297	0.8822176441672614	1.6365776587450647
RNMT-G	-0.12531649132170297	0.8822176441672614	1.6131979779058494
ORC2-G	-0.12531649132170297	0.8822176441672614	1.6017568574951697
ABRAXAS1-G	-0.12531649132170297	0.8822176441672614	1.6729460511616217
RBBP8-G	-0.12531649132170297	0.8822176441672614	1.6485234810716711
PKMYT1-G	-0.1102996344377521	0.8955657527494143	1.6145410753792258
POLD1-G	0.08003763011913503	0.9230816100621159	1.6525097354958158
RECQL5-G	-0.07661444878741078	0.9262469003877642	1.6466611562449143
ACTB-G	0.07657666820836483	0.9262818951930583	1.6353666563408478
SIRT6-G	-0.07657666820836483	0.9262818951930583	1.6131167698600197
FANCL-G	0.07657666820836483	0.9262818951930583	1.624165514859061
WDHD1-G	0.0703587327613538	0.9320593996835954	1.6122108535067596
APEX1-G	-0.0703587327613538	0.9320593996835954	1.6013906464362444
MCM5-G	0.06656839838783828	0.9355989202099506	1.596755490491649
NSD2-G	0.03590610684400657	0.9647308708569078	1.6141902152899894
FANCI-G	0.03590610684400657	0.9647308708569078	1.583148095765182
PARP2-G	-0.03590610684400657	0.9647308708569078	1.5631082464516988
MCM6-G	0.03590610684400657	0.9647308708569078	1.5532773769771597
VCP-G	0.03590610684400657	0.9647308708569078	1.5245129811072122
MTOR-G	-0.03590610684400657	0.9647308708569078	1.4788688798764575
PIAS3-G	-0.03590610684400657	0.9647308708569078	1.4527711937609906
SMARCA4-G	-0.03590610684400657	0.9647308708569078	1.3644812317092176
UBE2V2-G	0.03590610684400657	0.9647308708569078	1.3569840820844417
APLF-G	0.03590610684400657	0.9647308708569078	1.6355702181415126
RFC4-G	0.03590610684400657	0.9647308708569078	1.6248098877590025
DHFR-G	0.03590610684400657	0.9647308708569078	1.593361954447538
POLE-G	-0.03590610684400657	0.9647308708569078	1.5730643499322827
NPLOC4-G	0.03590610684400657	0.9647308708569078	1.5435693933710524
MSH2-G	0.03590610684400657	0.9647308708569078	1.5339820058345863
XRCC4-G	0.03590610684400657	0.9647308708569078	1.4700660889248118
LIG3-G	-0.03590610684400657	0.9647308708569078	1.4613674730140143
MCM3-G	0.03590610684400657	0.9647308708569078	1.44427545578578
CLK2-G	-0.03590610684400657	0.9647308708569078	1.403244903064593
RTEL1-G	-0.03590610684400657	0.9647308708569078	1.3953169657591435
RPA3-G	0.03590610684400657	0.9647308708569078	1.5151601407323214
POLD3-G	0.03590610684400657	0.9647308708569078	1.5059213593863927
SMARCA5-G	0.03590610684400657	0.9647308708569078	1.4275786297073318
HLTF-G	-0.03590610684400657	0.9647308708569078	1.4193741548239562
ERCC3-G	0.03590610684400657	0.9647308708569078	1.4112634453678194
CDC5L-G	-0.03590610684400657	0.9647308708569078	1.387478106400946
TRIP13-G	0.03590610684400657	0.9647308708569078	1.3720616829964911
RFC5-G	0.03590610684400657	0.9647308708569078	1.6037084606452494
ELL-G	0.03590610684400657	0.9647308708569078	1.4967945632688993
POLR2E-G	-0.03590610684400657	0.9647308708569078	1.487777728550412
XRCC5-G	0.03590610684400657	0.9647308708569078	1.4358785054614442
MCM2-G	0.03590610684400657	0.9647308708569078	1.3797268320635105
FANCG-G	0.035482008050485125	0.9651400988257214	1.350141340433796
MCM4-G	0.035482008050485125	0.9651400988257214	1.3428036157575254
FEN1-G	0.03459418306705721	0.9659973548082964	1.3367314747617507
MSH6-G	0.0321631367311451	0.9683485959683239	1.325653692876422
BABAM2-G	-0.0321631367311451	0.9683485959683239	1.3327808632682308
RAD18-G	0.029450507458364736	0.9709789326672538	1.3221840785256223
POLR2I-G	0.027350299156245168	0.9730203336160714	1.311016870556391
PNKP-G	-0.027350299156245168	0.9730203336160714	1.304152907883321
PPP4R2-G	-0.027350299156245168	0.9730203336160714	1.2774010533626374
POLM-G	0.027350299156245168	0.9730203336160714	1.2708837010495626
REV3L-G	-0.027350299156245168	0.9730203336160714	1.2517246502799713
RPA2-G	0.027350299156245168	0.9730203336160714	1.2392696786353945
RAD9A-G	0.027350299156245168	0.9730203336160714	1.221045124537815
GPS1-G	0.027350299156245168	0.9730203336160714	1.1532092842857142
BAZ1B-G	0.027350299156245168	0.9730203336160714	1.1170098897117233
POLQ-G	-0.027350299156245168	0.9730203336160714	1.1070809129142858
COPS5-G	-0.027350299156245168	0.9730203336160714	1.1021823248040454
ORC1-G	-0.027350299156245168	0.9730203336160714	1.0830139365465838
HERC2-G	0.027350299156245168	0.9730203336160714	1.0783255645269016
ERCC2-G	-0.027350299156245168	0.9730203336160714	1.0554796839225182
ERCC4-G	-0.027350299156245168	0.9730203336160714	1.033581765168939
RAD51C-G	0.027350299156245168	0.9730203336160714	1.0125740057142858
EYA3-G	0.027350299156245168	0.9730203336160714	1.2331346802263083
UBA52-G	-0.027350299156245168	0.9730203336160714	1.2150888068571428
TRIM25-G	-0.027350299156245168	0.9730203336160714	1.2091903175034675
ETAA1-G	-0.027350299156245168	0.9730203336160714	1.1585730483986711
UBE2A-G	-0.027350299156245168	0.9730203336160714	1.1478949557867018
RUVBL2-G	0.027350299156245168	0.9730203336160714	1.1374118968297455
RCHY1-G	0.027350299156245168	0.9730203336160714	1.1322418427532468
TOP1-G	0.027350299156245168	0.9730203336160714	1.0973268960604154
BRIP1-G	0.027350299156245168	0.9730203336160714	1.0736776095073892
TOPBP1-G	-0.027350299156245168	0.9730203336160714	1.0645008778021978
CUL4A-G	-0.027350299156245168	0.9730203336160714	1.0599710868328267
MCRS1-G	0.027350299156245168	0.9730203336160714	1.0378883558571428
MPG-G	-0.027350299156245168	0.9730203336160714	1.02087379264637
DYNLL1-G	-0.027350299156245168	0.9730203336160714	1.2973604448214286
YWHAE-G	-0.027350299156245168	0.9730203336160714	1.2906383699777941
TOP2B-G	0.027350299156245168	0.9730203336160714	1.283985594874816
HUS1-G	-0.027350299156245168	0.9730203336160714	1.2454660270285713
STK19-G	0.027350299156245168	0.9730203336160714	1.203348818385093
PARP1-G	0.027350299156245168	0.9730203336160714	1.1975634875274725
POLR2J-G	-0.027350299156245168	0.9730203336160714	1.191833518687628
WDR48-G	0.027350299156245168	0.9730203336160714	1.1694516685714287
RFC1-G	0.027350299156245168	0.9730203336160714	1.1271185764964446
ERCC1-G	0.027350299156245168	0.9730203336160714	1.1220414657915059
RPA1-G	-0.027350299156245168	0.9730203336160714	1.1120232384183673
RRM2B-G	0.027350299156245168	0.9730203336160714	1.0925140587969926
PRPF19-G	0.027350299156245168	0.9730203336160714	1.0422309849611477
RFC3-G	0.027350299156245168	0.9730203336160714	1.0250749193650794
CIB1-G	-0.027350299156245168	0.9730203336160714	1.0084745158126085
UFD1-G	0.027350299156245168	0.9730203336160714	1.004408086313364
ATM-G	0.027350299156245168	0.9730203336160714	1.3179534677551021
SLX4-G	-0.027350299156245168	0.9730203336160714	1.2644325147498188
POLR2C-G	-0.027350299156245168	0.9730203336160714	1.2580464919480518
ACTL6A-G	-0.027350299156245168	0.9730203336160714	1.2270601251513018
BRCA2-G	0.027350299156245168	0.9730203336160714	1.186158120979592
TDP1-G	-0.027350299156245168	0.9730203336160714	1.1805365185104943
EYA2-G	0.027350299156245168	0.9730203336160714	1.174967950026954
CDK2-G	0.027350299156245168	0.9730203336160714	1.1639869411481976
SMARCAL1-G	-0.027350299156245168	0.9730203336160714	1.1426293825950196
RUVBL1-G	0.027350299156245168	0.9730203336160714	1.0877432550467874
NUDT5-G	0.027350299156245168	0.9730203336160714	1.0690695510974861
SUMO1-G	0.027350299156245168	0.9730203336160714	1.0510261831464738
JMJD6-G	-0.027350299156245168	0.9730203336160714	1.0466101067466986
TINF2-G	-0.027350299156245168	0.9730203336160714	1.0293107661393153
MDC1-G	0.027350299156245168	0.9730203336160714	1.0167069608396502
POLR2K-G	0.024711839024153165	0.9755909987815073	1.0030172517593008
POLD2-G	0.024711839024153165	0.9755909987815073	0.9990051827522636
MEN1-G	-0.024711839024153165	0.9755909987815073	0.9950250824225733
POLR2F-G	0.020533215502163776	0.9796761554986256	0.9952265706652705
YWHAB-G	0.018415652439372644	0.9817528795600736	0.9933942180528809
POLR2D-G	-0.013560661044891835	0.9865308705091732	0.9903996190209738
POLR2A-G	-0.013560661044891835	0.9865308705091732	0.9942988301194816
NABP2-G	0.003727851485414759	0.996279088326726	0.996279088326726

Data type: org.panda.causalpath.data.RNAData
Row ID	Change amount	P-value	Q-value
PAXIP1-R	-0.8375525373511978	0.4327684128546254	144.9774183062995
NABP2-R	-0.8375525373511978	0.4327684128546254	72.48870915314976
RBBP8-R	-0.8375525373511978	0.4327684128546254	48.32580610209984
XPA-R	-0.8375525373511978	0.4327684128546254	36.24435457657488
KDM4B-R	-0.8375525373511978	0.4327684128546254	28.995483661259904
GADD45G-R	-0.6449156501755164	0.524706799166444	29.29612962012646
PTEN-R	-0.62461281250113	0.5354687151795523	22.422752448143754
RAD51D-R	-0.62461281250113	0.5354687151795523	19.931335509461114
ORC6-R	0.62461281250113	0.5354687151795523	25.626002797878577
APBB1-R	-0.5961732754399849	0.5509158105409446	16.77789059374695
CDK6-R	0.5961732754399849	0.5509158105409446	18.455679653121646
RAD50-R	-0.5961732754399849	0.5509158105409446	15.379733044268038
MDM2-R	-0.42694820397751865	0.6524973481199587	16.81435474001432
BAP1-R	-0.3979488596350064	0.671696377581583	13.23636979351943
ACTB-R	0.3979488596350064	0.671696377581583	11.843067709991068
ERCC4-R	-0.3979488596350064	0.671696377581583	9.783403760427404
H2BC21-R	-0.3979488596350064	0.671696377581583	9.375761937076263
APLF-R	0.3979488596350064	0.671696377581583	16.072734749273593
ATRIP-R	-0.3979488596350064	0.671696377581583	14.063642905614394
TERF2-R	0.3979488596350064	0.671696377581583	11.250914324491514
H2BC5-R	-0.3979488596350064	0.671696377581583	9.000731459593212
XRCC3-R	-0.3979488596350064	0.671696377581583	12.501015916101684
RNMT-R	-0.3979488596350064	0.671696377581583	10.228103931355923
NEIL1-R	-0.3979488596350064	0.671696377581583	15.00121909932202
RBX1-R	0.3979488596350064	0.671696377581583	10.715156499515729
POLL-R	-0.35755821609053007	0.6993819824727571	9.011267851091294
RFC3-R	0.35755821609053007	0.6993819824727571	8.677517189939763
PPP4R2-R	-0.21089166871375103	0.8098617954993038	9.689417910438099
RNF111-R	-0.1752591237677859	0.8392395256833813	8.519552760725235
TOPBP1-R	-0.1752591237677859	0.8392395256833813	8.032721174398079
UFD1-R	0.1752591237677859	0.8392395256833813	9.694663486342508
CCNA2-R	0.1752591237677859	0.8392395256833813	9.069201325933314
EXO1-R	0.1752591237677859	0.8392395256833813	8.785788784497898
RFC5-R	-0.1752591237677859	0.8392395256833813	9.371508036797758
LIG4-R	0.1752591237677859	0.8392395256833813	8.268977679527433
XPC-R	-0.1752591237677859	0.8392395256833813	7.809590030664798
ATRX-R	-0.17310509608292546	0.8410492192212	7.614905092948702
VCP-R	0.1391162104474705	0.8701269047455928	7.474167002301887
YY1-R	-0.1391162104474705	0.8701269047455928	7.109573489994478
ERCC6-R	-0.1391162104474705	0.8701269047455928	7.6708556076256205
CUL5-R	-0.1391162104474705	0.8701269047455928	7.28731282724434
TICRR-R	0.09685893005219022	0.9076840440426306	7.239860827482888
CETN2-R	-0.09612464338701382	0.9083507890934066	7.076686380146308
KPNA2-R	0.06766759374238383	0.9345710792256446	6.957362478679799
CDC45-R	0.06766759374238383	0.9345710792256446	6.806115468273716
LIG3-R	-0.06766759374238383	0.9345710792256446	6.522527323762311
SLX1A-R	0.06766759374238383	0.9345710792256446	7.1154843531952485
POLR2L-R	-0.06766759374238383	0.9345710792256446	6.661304500863637
H2AZ1-R	0.055125802744809806	0.946366085013329	5.870974786656763
FAAP100-R	-0.055125802744809806	0.946366085013329	6.216326244695397
RRM2-R	0.055125802744809806	0.946366085013329	6.340652769589305
SMARCA5-R	0.055125802744809806	0.946366085013329	6.096781509220485
GINS4-R	0.055125802744809806	0.946366085013329	5.981747895838966
TERF1-R	-0.055125802744809806	0.946366085013329	6.470053846519698
CHEK2-R	0.049216091428962966	0.9519753937472452	5.798395580096857
TTK-R	0.045339170147126386	0.9556732910075669	5.426280550636185
PLK4-R	0.045339170147126386	0.9556732910075669	5.248369712910408
CCNA1-R	0.045339170147126386	0.9556732910075669	4.925393115192845
USP7-R	-0.045339170147126386	0.9556732910075669	4.850765946780832
POLM-R	-0.045339170147126386	0.9556732910075669	4.446535451215762
MCM6-R	0.045339170147126386	0.9556732910075669	4.268674033167132
PLRG1-R	0.045339170147126386	0.9556732910075669	4.104494262660704
H4C1-R	0.045339170147126386	0.9556732910075669	4.05253863908272
PARP2-R	0.045339170147126386	0.9556732910075669	3.9524759566362335
AURKB-R	0.045339170147126386	0.9556732910075669	3.6380744600856243
GMNN-R	0.045339170147126386	0.9556732910075669	3.5572283609726103
YWHAB-R	-0.045339170147126386	0.9556732910075669	3.479897309647119
USP37-R	-0.045339170147126386	0.9556732910075669	3.442479059005752
EYA4-R	0.045339170147126386	0.9556732910075669	3.3349015884118223
MTOR-R	0.045339170147126386	0.9556732910075669	3.2015055248753495
WRN-R	-0.045339170147126386	0.9556732910075669	3.169807450371633
FANCE-R	0.045339170147126386	0.9556732910075669	2.992061238201261
GPS1-R	-0.045339170147126386	0.9556732910075669	2.9643569674771753
BRCA1-R	-0.045339170147126386	0.9556732910075669	2.9104595680684993
ORC1-R	0.045339170147126386	0.9556732910075669	2.7131402753180924
CENPX-R	-0.045339170147126386	0.9556732910075669	2.690340777206176
KAT5-R	-0.045339170147126386	0.9556732910075669	2.6679212707294577
BLM-R	0.045339170147126386	0.9556732910075669	2.624184856455204
BRCC3-R	-0.045339170147126386	0.9556732910075669	2.6028500202238614
PLK2-R	0.045339170147126386	0.9556732910075669	2.5408774006947215
EME2-R	-0.045339170147126386	0.9556732910075669	2.5011761913088666
MSH6-R	0.045339170147126386	0.9556732910075669	2.3199315397647458
RMI1-R	-0.045339170147126386	0.9556732910075669	2.270571294237836
PIAS1-R	-0.045339170147126386	0.9556732910075669	2.2545813555460206
RAD51C-R	-0.045339170147126386	0.9556732910075669	2.1928120033392804
ACD-R	0.045339170147126386	0.9556732910075669	5.51983711185405
POLE-R	-0.045339170147126386	0.9556732910075669	4.573579321250499
RAD54L-R	0.045339170147126386	0.9556732910075669	4.212507269572828
CDC6-R	0.045339170147126386	0.9556732910075669	3.4058569413567543
ABL1-R	-0.045339170147126386	0.9556732910075669	3.1387309067405385
SETMAR-R	-0.045339170147126386	0.9556732910075669	3.1082577911411158
CENPS-R	-0.045339170147126386	0.9556732910075669	3.078370696995528
ETAA1-R	-0.045339170147126386	0.9556732910075669	3.049052880833666
DTL-R	-0.045339170147126386	0.9556732910075669	2.8842392115994135
FANCM-R	-0.045339170147126386	0.9556732910075669	2.8584870757815617
XRCC6-R	0.045339170147126386	0.9556732910075669	2.8083381797152187
TP53BP1-R	-0.045339170147126386	0.9556732910075669	2.7363295084404693
RTEL1-R	-0.045339170147126386	0.9556732910075669	2.4626965575964226
MPG-R	-0.045339170147126386	0.9556732910075669	2.443897347233091
TOP1-R	-0.045339170147126386	0.9556732910075669	2.425382973390416
PPP5C-R	0.045339170147126386	0.9556732910075669	2.407147011184473
DBF4-R	0.045339170147126386	0.9556732910075669	2.354048180055404
MCRS1-R	-0.045339170147126386	0.9556732910075669	2.3032413848024094
CDC25B-R	0.045339170147126386	0.9556732910075669	2.223267725607881
TOP2B-R	-0.045339170147126386	0.9556732910075669	5.616676359430437
TIMELESS-R	-0.045339170147126386	0.9556732910075669	5.163718588508628
MCM7-R	0.045339170147126386	0.9556732910075669	4.778366455037835
CUL4B-R	-0.045339170147126386	0.9556732910075669	4.6398630795294915
UBE2N-R	-0.045339170147126386	0.9556732910075669	4.326358817399121
RAD9B-R	-0.045339170147126386	0.9556732910075669	4.157799382954999
PRKDC-R	0.045339170147126386	0.9556732910075669	4.001881906094186
YWHAG-R	0.045339170147126386	0.9556732910075669	3.857235572138975
DCLRE1A-R	-0.045339170147126386	0.9556732910075669	3.722680842878313
POLR2J-R	-0.045339170147126386	0.9556732910075669	3.6798914079027
WDR48-R	-0.045339170147126386	0.9556732910075669	3.370005815658262
BRCA2-R	0.045339170147126386	0.9556732910075669	3.266842372321785
RFC1-R	-0.045339170147126386	0.9556732910075669	3.233843964520555
PLK1-R	0.045339170147126386	0.9556732910075669	3.0202882310144803
ERCC3-R	-0.045339170147126386	0.9556732910075669	2.783917847717695
POLD1-R	0.045339170147126386	0.9556732910075669	2.581859294254314
DDB2-R	-0.045339170147126386	0.9556732910075669	2.5612044199002795
RRM2B-R	-0.045339170147126386	0.9556732910075669	2.4817872285855422
MNAT1-R	-0.045339170147126386	0.9556732910075669	2.3891832275189175
TRIP13-R	0.045339170147126386	0.9556732910075669	2.3368653466243425
PLK3-R	0.045339170147126386	0.9556732910075669	2.2388150523603843
RAD1-R	-0.045339170147126386	0.9556732910075669	5.716974151563123
INO80E-R	-0.045339170147126386	0.9556732910075669	5.3358425414589155
RPS27A-R	0.045339170147126386	0.9556732910075669	5.081754801389443
MRE11-R	-0.045339170147126386	0.9556732910075669	5.002352382617733
FANCA-R	0.045339170147126386	0.9556732910075669	4.708096360110808
SLX4-R	-0.045339170147126386	0.9556732910075669	4.509162711092041
EYA2-R	-0.045339170147126386	0.9556732910075669	4.385624006678561
POLR2C-R	0.045339170147126386	0.9556732910075669	3.904275030335792
FTO-R	-0.045339170147126386	0.9556732910075669	3.8113161010420824
FAN1-R	-0.045339170147126386	0.9556732910075669	3.7664770880886462
BABAM1-R	-0.045339170147126386	0.9556732910075669	3.5971972189610666
CLSPN-R	0.045339170147126386	0.9556732910075669	3.5181379394234606
RNASEH2C-R	-0.045339170147126386	0.9556732910075669	3.3005211596653083
GTF2H2-R	0.045339170147126386	0.9556732910075669	2.9371610319957333
CCNH-R	-0.045339170147126386	0.9556732910075669	2.833190729978185
ASCC1-R	0.045339170147126386	0.9556732910075669	2.759918555927025
RFWD3-R	0.045339170147126386	0.9556732910075669	2.6458723346077266
RAD17-R	-0.045339170147126386	0.9556732910075669	2.520870492027834
H2BC4-R	-0.045339170147126386	0.9556732910075669	2.37148557398174
UNG-R	-0.045339170147126386	0.9556732910075669	2.2867896606252494
PER1-R	0.045339170147126386	0.9556732910075669	2.20793484474162
DCLRE1B-R	-0.04475505076463694	0.9562316813676114	2.1355840883876653
POLR2I-R	0.04475505076463694	0.9562316813676114	2.1074842977509856
RRM1-R	-0.04475505076463694	0.9562316813676114	2.0937098905761427
GTF2H5-R	0.04475505076463694	0.9562316813676114	2.0801143718061677
FANCI-R	0.04475505076463694	0.9562316813676114	1.9896746165102472
FEN1-R	0.04475505076463694	0.9562316813676114	1.9297446581816253
GTF2H3-R	-0.04475505076463694	0.9562316813676114	1.8954888358470403
RPA2-R	0.04475505076463694	0.9562316813676114	1.873319375778654
FANCG-R	-0.04475505076463694	0.9562316813676114	1.7996495126862349
H2BC9-R	0.04475505076463694	0.9562316813676114	1.7409652894464664
TERF2IP-R	0.04475505076463694	0.9562316813676114	1.6771602788384807
SAMHD1-R	0.04475505076463694	0.9562316813676114	1.6597803795759059
ERCC2-R	0.04475505076463694	0.9562316813676114	1.6260792551175118
DDB1-R	0.04475505076463694	0.9562316813676114	1.6178667336270192
DNA2-R	0.04475505076463694	0.9562316813676114	1.6097367500409538
SOD1-R	-0.04475505076463694	0.9562316813676114	1.593719468946019
POLD2-R	-0.04475505076463694	0.9562316813676114	1.5626225036982917
POLQ-R	0.04475505076463694	0.9562316813676114	1.5254172059911897
MMS22L-R	0.04475505076463694	0.9562316813676114	1.5181877405599518
RECQL4-R	-0.04475505076463694	0.9562316813676114	1.503932456611032
HMGN1-R	0.04475505076463694	0.9562316813676114	1.4762101993463126
MORF4L1-R	0.04475505076463694	0.9562316813676114	1.4364915392742144
UBE2V2-R	0.04475505076463694	0.9562316813676114	1.423722725591777
USP10-R	0.04475505076463694	0.9562316813676114	2.1644433328253365
MPLKIP-R	-0.04475505076463694	0.9562316813676114	2.053446238834294
EYA1-R	-0.04475505076463694	0.9562316813676114	2.014701970177043
RAD51-R	0.04475505076463694	0.9562316813676114	1.9773926744330235
TP53-R	0.04475505076463694	0.9562316813676114	1.9181893009470048
UBXN1-R	-0.04475505076463694	0.9562316813676114	1.8843389015185283
NPLOC4-R	-0.04475505076463694	0.9562316813676114	1.851662504382369
UBA52-R	0.04475505076463694	0.9562316813676114	1.8305006471894276
MSH2-R	0.04475505076463694	0.9562316813676114	1.8201000753303966
WDHD1-R	-0.04475505076463694	0.9562316813676114	1.8098170240573437
SMARCC1-R	-0.04475505076463694	0.9562316813676114	1.6512248106090197
XRCC4-R	-0.04475505076463694	0.9562316813676114	1.6343755778477032
CDK1-R	0.04475505076463694	0.9562316813676114	1.585829768604702
POLR2D-R	0.04475505076463694	0.9562316813676114	1.5702824179321069
PCNA-R	0.04475505076463694	0.9562316813676114	1.555036957563834
H2BC3-R	0.04475505076463694	0.9562316813676114	1.5400846791257203
CLK2-R	-0.04475505076463694	0.9562316813676114	1.5110264776327822
BRIP1-R	-0.04475505076463694	0.9562316813676114	1.4830445058247677
CUL4A-R	0.04475505076463694	0.9562316813676114	1.4694385929272928
CHTF18-R	-0.04475505076463694	0.9562316813676114	1.4627288276627846
TIPIN-R	0.04475505076463694	0.9562316813676114	2.1791674371302707
DYNLL1-R	-0.04475505076463694	0.9562316813676114	2.0403669634277057
POLN-R	-0.04475505076463694	0.9562316813676114	2.0274532484693024
POLR2H-R	-0.04475505076463694	0.9562316813676114	2.002110082863436
XRCC1-R	-0.04475505076463694	0.9562316813676114	1.9532781296228647
APTX-R	-0.04475505076463694	0.9562316813676114	1.9414400803524232
H2BC15-R	0.04475505076463694	0.9562316813676114	1.8624279840590106
STK19-R	-0.04475505076463694	0.9562316813676114	1.8410207658514357
H3-4-R	0.04475505076463694	0.9562316813676114	1.789595604794133
MCM5-R	0.04475505076463694	0.9562316813676114	1.7796534069897212
FAAP20-R	-0.04475505076463694	0.9562316813676114	1.7698210677245847
GTF2H4-R	0.04475505076463694	0.9562316813676114	1.7600967761436803
PARP1-R	0.04475505076463694	0.9562316813676114	1.7504787609734962
ERCC1-R	-0.04475505076463694	0.9562316813676114	1.713035365016844
AURKA-R	0.04475505076463694	0.9562316813676114	1.6859874382007884
MLH1-R	-0.04475505076463694	0.9562316813676114	1.642756991067435
RECQL5-R	-0.04475505076463694	0.9562316813676114	1.6016880662907491
RPA1-R	-0.04475505076463694	0.9562316813676114	1.5780177993012305
NHEJ1-R	0.04475505076463694	0.9562316813676114	1.5327158529098077
FAAP24-R	-0.04475505076463694	0.9562316813676114	1.4560800602643174
CDK7-R	-0.04475505076463694	0.9562316813676114	1.4429622218835578
ATM-R	-0.04475505076463694	0.9562316813676114	2.1499168675043614
PPP4C-R	0.04475505076463694	0.9562316813676114	2.1214411474049655
POLR2A-R	-0.04475505076463694	0.9562316813676114	2.0666942790848375
MBD4-R	0.04475505076463694	0.9562316813676114	1.965261431031594
CDK4-R	0.04475505076463694	0.9562316813676114	1.906771507488987
ACTL6A-R	0.04475505076463694	0.9562316813676114	1.7315546662602692
ELL-R	0.04475505076463694	0.9562316813676114	1.7222452325706978
UIMC1-R	-0.04475505076463694	0.9562316813676114	1.7039234747773926
UBB-R	0.04475505076463694	0.9562316813676114	1.6949080066568774
POLR2E-R	-0.04475505076463694	0.9562316813676114	1.6684250690528637
RNF4-R	0.04475505076463694	0.9562316813676114	1.5475247017301923
BOD1L1-R	-0.04475505076463694	0.9562316813676114	1.4969047348511673
CDC25A-R	0.04475505076463694	0.9562316813676114	1.4899423872472084
POLH-R	0.04475505076463694	0.9562316813676114	1.4494914627065603
TINF2-R	-0.04475505076463694	0.9562316813676114	1.4300786306167403
H2AX-R	-0.04002052684499403	0.9607697173788474	1.4241498023093533
PIAS3-R	-0.03908356850116184	0.961670340439305	1.3946301473903342
EYA3-R	0.03908356850116184	0.961670340439305	1.406810323350075
FANCF-R	-0.03908356850116184	0.961670340439305	1.4129805440665226
CHEK1-R	0.03908356850116184	0.961670340439305	1.4006937567268138
TOP3A-R	-0.03908356850116184	0.961670340439305	1.3886188105481343
MUS81-R	-0.03908356850116184	0.961670340439305	1.4192051279610889
UBE2I-R	-0.021815372002880345	0.9784208622604162	1.3947701653499551
BARD1-R	-0.021815372002880345	0.9784208622604162	1.3888601222764383
YWHAE-R	-0.021815372002880345	0.9784208622604162	1.4067424414473797
PCLAF-R	0.021815372002880345	0.9784208622604162	1.4007307216121343
ORC2-R	-0.01886956270042298	0.981307352976419	1.3870800137008454
PNKP-R	-0.01798564511540512	0.9821751312677677	1.3824733990533704
NBN-R	-0.01798564511540512	0.9821751312677677	1.3652641866170214
XRCC2-R	-0.01798564511540512	0.9821751312677677	1.3108711911342716
RAD9A-R	0.01798564511540512	0.9821751312677677	1.2953884605303234
DUT-R	-0.01798564511540512	0.9821751312677677	1.2654948806719313
POLB-R	0.01798564511540512	0.9821751312677677	1.2141279297959489
RFC2-R	0.01798564511540512	0.9821751312677677	1.183556363218353
COPS5-R	0.01798564511540512	0.9821751312677677	1.1793142257157783
TYMS-R	-0.01798564511540512	0.9821751312677677	1.1709205301590824
SMARCA4-R	-0.01798564511540512	0.9821751312677677	1.1544865578059724
TERT-R	-0.01798564511540512	0.9821751312677677	1.3766889915259504
DHFR-R	-0.01798564511540512	0.9821751312677677	1.3709527873945924
CDKN2D-R	-0.01798564511540512	0.9821751312677677	1.3320998743915067
TDP2-R	-0.01798564511540512	0.9821751312677677	1.3161146758988087
USP1-R	-0.01798564511540512	0.9821751312677677	1.3056693213281831
LIG1-R	0.01798564511540512	0.9821751312677677	1.300508573022538
TRIM25-R	-0.01798564511540512	0.9821751312677677	1.2903085057831458
HELB-R	-0.01798564511540512	0.9821751312677677	1.280267194454094
HRAS-R	-0.01798564511540512	0.9821751312677677	1.2753049185065974
H2BC17-R	0.01798564511540512	0.9821751312677677	1.241617618772461
LRWD1-R	-0.01798564511540512	0.9821751312677677	1.2186246999063042
RUVBL2-R	0.01798564511540512	0.9821751312677677	1.209664224171699
RCHY1-R	0.01798564511540512	0.9821751312677677	1.2052332196875537
UBC-R	0.01798564511540512	0.9821751312677677	1.196467887180735
SUMO2-R	0.01798564511540512	0.9821751312677677	1.1921328586039934
TFPT-R	-0.01798564511540512	0.9821751312677677	1.187829129872571
APEX1-R	0.01798564511540512	0.9821751312677677	1.1504498915199377
RAD18-R	-0.01798564511540512	0.9821751312677677	1.1385075051027755
POLR2F-R	-0.01798564511540512	0.9821751312677677	1.130682711253272
DCLRE1C-R	-0.01798564511540512	0.9821751312677677	1.3484781515356645
HUS1-R	0.01798564511540512	0.9821751312677677	1.321400277006836
RPA3-R	0.01798564511540512	0.9821751312677677	1.2852682381824303
RMI2-R	-0.01798564511540512	0.9821751312677677	1.2703809612922863
PIAS4-R	-0.01798564511540512	0.9821751312677677	1.2606462412823838
BABAM2-R	-0.01798564511540512	0.9821751312677677	1.25583461440726
POLD3-R	-0.01798564511540512	0.9821751312677677	1.2277189140847096
COPS6-R	-0.01798564511540512	0.9821751312677677	1.2231549032516809
HLTF-R	-0.01798564511540512	0.9821751312677677	1.175102389195365
FANCB-R	0.01798564511540512	0.9821751312677677	1.1667683296975253
H2BC11-R	0.01798564511540512	0.9821751312677677	1.1585516513193739
EME1-R	0.01798564511540512	0.9821751312677677	1.1345816171541454
ABRAXAS1-R	-0.01798564511540512	0.9821751312677677	1.3596225990690172
GADD45A-R	0.01798564511540512	0.9821751312677677	1.3540274443403382
RAD23A-R	-0.01798564511540512	0.9821751312677677	1.342974159080417
RNF8-R	0.01798564511540512	0.9821751312677677	1.3375149145313097
RIF1-R	-0.01798564511540512	0.9821751312677677	1.3267285039302505
MEN1-R	-0.01798564511540512	0.9821751312677677	1.2510595778505786
MCM4-R	-0.01798564511540512	0.9821751312677677	1.2463207158132656
CDC25C-R	0.01798564511540512	0.9821751312677677	1.236949883363542
FANCL-R	0.01798564511540512	0.9821751312677677	1.232317112264802
SMARCAL1-R	0.01798564511540512	0.9821751312677677	1.2008345583018327
SUMO1-R	0.01798564511540512	0.9821751312677677	1.1626454734088416
JMJD6-R	-0.01798564511540512	0.9821751312677677	1.146441355312551
NUDT5-R	-0.01798564511540512	0.9821751312677677	1.1424606561621602
PRPF19-R	-0.017969725484168638	0.9821907672581264	1.126828448737919
UBE2A-R	0.015994815038363835	0.9841324227309133	1.1252025993681092
TOP2A-R	0.014017097250114673	0.9860806848506354	1.1122458903197403
PKMYT1-R	0.014017097250114673	0.9860806848506354	1.1235953381801458
RHNO1-R	-0.014017097250114673	0.9860806848506354	1.119786540423603
POLR2G-R	0.014017097250114673	0.9860806848506354	1.1160034777870367
UBE2T-R	-0.010482023057191413	0.9895727219002264	1.1124391336797848
POLR2K-R	-0.009442907137013498	0.9906015371062835	1.1024967273442026
RAD23B-R	-0.009442907137013498	0.9906015371062835	1.0880377538708361
ATAD5-R	-0.009442907137013498	0.9906015371062835	1.10617171643535
ERCC6L-R	0.009442907137013498	0.9906015371062835	1.0844820749366175
RAD52-R	-0.009442907137013498	0.9906015371062835	1.1098712873933276
CDC7-R	-0.009442907137013498	0.9906015371062835	1.0988460759291556
RUVBL1-R	0.009442907137013498	0.9906015371062835	1.0952195212231188
MCM2-R	-0.009442907137013498	0.9906015371062835	1.0916168254296217
MDC1-R	-0.009442907137013498	0.9906015371062835	1.080949560034544
EP300-R	-0.00412382395165275	0.99588466733414	1.0831862453147303
H2BC12-R	-0.0028910394257518424	0.9971131356043674	1.081012622742599
BAZ1B-R	0.0028910394257518424	0.9971131356043674	1.0570661405932376
HERC2-R	-0.0028910394257518424	0.9971131356043674	1.0373692559859102
RFC4-R	-0.0028910394257518424	0.9971131356043674	1.034157586462734
RNF168-R	-0.0028910394257518424	0.9971131356043674	1.0775254852498808
POLR2B-R	0.0028910394257518424	0.9971131356043674	1.0706182706008431
CDT1-R	0.0028910394257518424	0.9971131356043674	1.0671977649439714
ATR-R	-0.0028910394257518424	0.9971131356043674	1.0637990459473345
TCEA1-R	0.0028910394257518424	0.9971131356043674	1.0604219061189304
SIRT6-R	-0.0028910394257518424	0.9971131356043674	1.0504179258725252
CHAF1A-R	0.0028910394257518424	0.9971131356043674	1.0471250797099156
CIB1-R	-0.0028910394257518424	0.9971131356043674	1.0406009359111
TDP1-R	0.0028910394257518424	0.9971131356043674	1.0740607730786593
WEE1-R	0.0028910394257518424	0.9971131356043674	1.0537315470897888
MAPK8-R	-0.0028910394257518424	0.9971131356043674	1.043852813835822
CDC5L-R	-0.0024812965061682475	0.9975217793654317	1.0313882595290729
NSD2-R	-0.0016626745846298938	0.998338706893002	1.0290568209512483
REV3L-R	0.0016626745846298938	0.998338706893002	1.0043347351626297
KDM4A-R	-0.0016626745846298938	0.998338706893002	1.0196447158815722
GTF2H1-R	0.0016626745846298938	0.998338706893002	1.0165454918211418
FANCD2-R	0.0016626745846298938	0.998338706893002	1.0259002049360604
DTYMK-R	-0.0016626745846298938	0.998338706893002	1.022762895440843
GINS2-R	-0.0016626745846298938	0.998338706893002	1.0104032229883857
CDK2-R	-0.0016626745846298938	0.998338706893002	1.0134650509368353
XRCC5-R	0.0016626745846298938	0.998338706893002	1.0073598397866135
MCM3-R	-4.701475803938736E-5	0.999952986347137	1.0029468575637452
FANCC-R	-3.725450519254146E-5	0.9999627461887479	0.999962746188748