Overall graph size pval = 0.4526
Gene	Downstream crowded pval	Downstream suggests activation pval	Downstream suggests inhibition pval
MED19	1.0E-4	0.3703	1.0E-4
MED16	1.0E-4	0.3703	1.0E-4
MED15	1.0E-4	0.3703	1.0E-4
MED18	1.0E-4	0.3703	1.0E-4
MED17	1.0E-4	0.3703	1.0E-4
MED11	1.0E-4	0.3703	1.0E-4
MED14	1.0E-4	0.3703	1.0E-4
MED13	1.0E-4	0.3703	1.0E-4
MED10	1.0E-4	0.3703	1.0E-4
MED27	1.0E-4	0.3703	1.0E-4
MED26	1.0E-4	0.3703	1.0E-4
MED29	1.0E-4	0.3703	1.0E-4
MED28	1.0E-4	0.3703	1.0E-4
MED23	1.0E-4	0.3982	1.0E-4
MED22	1.0E-4	0.3703	1.0E-4
MED25	1.0E-4	0.3703	1.0E-4
MED24	1.0E-4	0.3703	1.0E-4
MED21	1.0E-4	0.3703	1.0E-4
MED20	1.0E-4	0.3703	1.0E-4
MED30	1.0E-4	0.3703	1.0E-4
MED31	1.0E-4	0.3703	1.0E-4
CCNC	1.0E-4	0.3703	1.0E-4
MED13L	1.0E-4	0.3703	1.0E-4
RELA	0.0246	0.9727	1.0E-4
MED8	1.0E-4	0.3703	1.0E-4
MED9	1.0E-4	0.3703	1.0E-4
MED4	1.0E-4	0.3703	1.0E-4
MED6	1.0E-4	0.3703	1.0E-4
MED7	1.0E-4	0.3703	1.0E-4
CDK19	1.0E-4	0.3714	1.0E-4
CDK8	1.0E-4	0.3718	1.0E-4
HELZ2	1.0E-4	0.3542	5.0E-4
SMAD4	5.0E-4	1.0	1.0E-4
THRAP3	1.0E-4	0.3974	1.0E-4
FAM120B	1.0E-4	0.3703	1.0E-4
MED12	5.0E-4	0.4255	2.0E-4
SRF	7.0E-4	0.5485	2.0E-4
ETS1	0.004	0.9287	2.0E-4
MED1	2.0E-4	0.3791	5.0E-4
RUNX2	0.0025	0.6456	2.0E-4
PARP1	2.0E-4	0.043	0.0059
NCOA1	3.0E-4	0.4279	5.0E-4
RXRA	0.0011	0.5501	4.0E-4
CBFB	5.0E-4	0.0407	0.0096
NCOA2	6.0E-4	0.4198	0.0011
CREBBP	0.0035	0.6262	7.0E-4
NFKB1	0.0362	0.9542	9.0E-4
SMAD3	0.0075	0.7045	0.0017
PPARGC1A	0.0023	0.161	0.0092
EPAS1	0.0205	1.0	0.0023
MAPK10	0.0296	0.0023	0.1969
FOXP3	0.03	1.0	0.0032
PPARA	0.0035	0.1702	0.0083
NCOA3	0.0035	0.0886	0.0205
VEGFA	0.0143	1.0	0.0036
IL13	0.0731	1.0	0.0038
IL4	0.0594	1.0	0.0041
TFE3	0.0046	0.027	0.1106
MSC	0.0455	1.0	0.0059
CHD9	0.012	0.531	0.0064
TGS1	0.012	0.531	0.0064
SMARCD3	0.012	0.531	0.0064
ELF1	0.0308	1.0	0.0065
EDNRA	0.0247	1.0	0.0065
E2F3	0.2322	0.0072	1.0
CDK6	0.1093	0.0077	0.3655
JUN	0.1164	0.9702	0.0081
TWIST2	0.0085	0.2075	0.0146
NKX2-5	0.0413	0.0094	1.0
NCOA6	0.0196	0.5684	0.0108
ARNT	0.1611	1.0	0.011
CARM1	0.0229	0.5783	0.0117
EGR1	0.116	0.9638	0.0121
STAT3	0.0123	0.2049	0.0211
TP53	0.0802	0.7791	0.0129
ZNF382	0.0452	0.0139	1.0
MITF	0.0721	1.0	0.015
CTNNB1	0.0757	0.9086	0.0158
NCOR1	0.0663	0.0163	1.0
HIPK2	0.0813	0.0175	1.0
TBL1X	0.0263	0.532	0.0181
TBL1XR1	0.0263	0.532	0.0181
SP3	0.0268	0.0222	0.2997
HEY1	0.0349	0.0223	0.421
CITED2	0.0237	0.2938	0.049
ESRRA	0.1726	0.0242	1.0
CEBPB	0.0978	0.9033	0.0246
RUNX1	0.0247	0.1981	0.0647
ATF5	0.1521	0.0254	1.0
LMO2	0.0275	0.116	0.1372
FOS	0.2319	0.9791	0.03
NFKB2	0.0312	0.3795	0.0477
SOX2	0.0328	0.1989	0.0718
POU5F1	0.046	0.0348	0.4004
CREB1	0.2511	0.0349	0.8291
CD3D	0.1053	1.0	0.0351
FOXP2	0.152	1.0	0.0379
NEK9	0.0511	1.0	0.0397
CREB5	0.2016	0.0422	1.0
STAT6	0.2461	1.0	0.0423
ZEB2	0.043	0.3633	0.0646
NOTCH1	0.1307	1.0	0.0446
STAT5B	0.0476	0.4218	0.0502
F2	0.209	0.0481	1.0
AURKB	0.0793	1.0	0.0519
PPARG	0.0875	0.5297	0.053
SNW1	0.1289	1.0	0.0536
MAMLD1	0.1565	1.0	0.054
MAML3	0.1565	1.0	0.054
GABPA	0.3709	0.054	1.0
PKC	0.0691	1.0	0.055
E2F2	0.3719	0.0582	1.0
TFDP1	0.0972	0.0582	0.4575
NR4A1	0.245	1.0	0.059
PRKCA	0.1227	1.0	0.061
MAPK3	0.1668	1.0	0.0613
SALL4	0.2114	1.0	0.0634
PITX2	0.1551	1.0	0.0635
MAML2	0.1875	1.0	0.0659
TWIST1	0.0663	0.3582	0.0786
PRKCB	0.1202	1.0	0.0679
NR3C1	0.3018	0.0688	0.8994
CDC42	0.0927	1.0	0.0696
FOSL1	0.0699	0.3113	0.1139
EDN1	0.1771	1.0	0.0699
UHMK1	0.0959	1.0	0.0738
HDAC7	0.244	0.0763	1.0
MAML1	0.1051	0.6034	0.0769
E2F6	0.4712	1.0	0.0777
FAM20C	0.0786	0.0979	0.3139
MAPK7	0.1013	1.0	0.0797
NOTCH3	0.0807	0.4764	0.0886
TP63	0.1608	0.7066	0.0814
ETV4	0.2105	1.0	0.0825
CEBPA	0.1824	0.8065	0.0884
KLF8	0.0955	0.0919	0.4922
DYRK2	0.1181	1.0	0.0945
EP300	0.3436	0.9432	0.0951
NANOG	0.0963	0.2592	0.1867
ERG	0.3251	1.0	0.0969
MAPKAPK5	0.1295	1.0	0.1014
CCNB2	0.1919	0.1085	1.0
CDK5	0.164	0.1506	0.1088
PRKAA2	0.1423	1.0	0.113
HOXB7	0.1606	0.1153	0.5741
ZBTB17	0.41	0.1158	1.0
SP1	0.2111	0.6901	0.1162
HDAC5	0.2789	0.1172	1.0
HIC1	0.1679	0.5958	0.1176
CHUK	0.1182	0.1741	0.3654
POU1F1	0.2095	1.0	0.1192
HIF1A	0.3904	0.939	0.1196
KIT	0.1709	1.0	0.1248
DAPK1	0.1773	1.0	0.1254
HEY2	0.1266	0.4444	0.1636
NFYA	0.6264	0.1278	0.9578
ELK1	0.5316	0.1286	1.0
TCF3	0.3209	0.1307	1.0
PRKCD	0.2188	1.0	0.1329
E2F1	0.7195	0.1363	0.9693
GATA2	0.19	0.6451	0.1387
TFDP2	0.139	0.1996	0.3105
KLF2	0.3794	1.0	0.1394
GSK3B	0.14	0.1397	0.4078
RBPJ	0.3599	1.0	0.1407
IL12RB2	0.1444	0.1439	0.4118
IL12A	0.1444	0.1439	0.4118
TSC22D3	0.1469	0.3677	0.24
PTGDR	0.1478	0.3013	0.2423
ERBB2	0.416	0.1511	1.0
MSX1	0.1513	0.2443	0.3705
MAPKAPK2	0.1893	1.0	0.1529
RAC1	0.2057	1.0	0.1535
FGA	0.2089	1.0	0.1539
STAT5A	0.1763	0.5245	0.158
CCNB1	0.3512	0.1584	1.0
CDK1	0.4581	0.1604	0.5306
ATF3	0.1667	0.1834	0.4984
CXCR4	0.2967	1.0	0.1668
GNAI3	0.2398	1.0	0.167
GNAI1	0.2398	1.0	0.167
GNAI2	0.2398	1.0	0.167
GNAZ	0.2398	1.0	0.167
GNAO1	0.2398	1.0	0.167
STAT4	0.5731	0.9679	0.1683
TFAP2A	0.1726	0.4043	0.2096
SNAI1	0.3737	0.1802	1.0
AKT2	0.2284	1.0	0.1834
JUND	0.257	0.7147	0.186
FOSL2	0.1906	0.5381	0.2015
VHL	0.2509	0.619	0.1917
ESR1	0.2557	0.1941	0.5115
SOX17	0.2021	0.4305	0.2773
ATF1	0.3804	1.0	0.2024
NR2F1	0.5502	1.0	0.2024
SATB1	0.2034	0.4517	0.259
ERBB4	0.2053	0.4886	0.2477
FLI1	0.3273	0.2054	0.7051
LEF1	0.5552	1.0	0.2062
CDKN1A	0.2667	0.6651	0.2082
SMAD7	0.2456	0.2098	0.5947
TAL1	0.2099	0.3192	0.4047
PROX1	0.4824	0.2146	1.0
CSNK2A1	0.6767	0.2155	1.0
PGR	0.2449	0.2163	0.5867
GATA6	0.2164	0.329	0.4143
CEBPD	0.2195	0.5531	0.2272
PIK3R1	0.4861	0.2196	1.0
IL12RB1	0.2203	0.3671	0.3123
IL12B	0.2203	0.3671	0.3123
PTTG1	0.2206	0.5576	0.2248
REST	0.4995	0.2223	1.0
IL18	0.2233	0.2386	0.4882
IL18RAP	0.2233	0.2386	0.4882
CDKN2A	0.2247	0.3656	0.3351
IL18R1	0.2264	0.2396	0.4916
HIST3H2BB	0.603	0.2303	1.0
HIST2H3C	0.603	0.2303	1.0
H2BFS	0.603	0.2303	1.0
H3F3B	0.603	0.2303	1.0
HIST1H3E	0.603	0.2303	1.0
HIST1H4C	0.603	0.2303	1.0
HIST1H2AC	0.603	0.2303	1.0
HIST1H2BH	0.603	0.2303	1.0
HIST1H2BG	0.603	0.2303	1.0
HIST1H2BB	0.603	0.2303	1.0
HIST1H2BA	0.603	0.2303	1.0
HIST1H2BD	0.603	0.2303	1.0
HIST1H2BN	0.603	0.2303	1.0
HIST1H2BM	0.603	0.2303	1.0
HIST1H2BO	0.603	0.2303	1.0
HIST1H2BJ	0.603	0.2303	1.0
HIST1H2BL	0.603	0.2303	1.0
HIST1H2BK	0.603	0.2303	1.0
TRIM28	0.6025	1.0	0.2308
PKN1	0.312	1.0	0.2313
SP4	0.6039	0.234	1.0
ETS2	0.4465	1.0	0.2378
SREBF2	0.6865	0.2385	0.95
HOXA10	0.2534	0.2391	0.5721
KAT2A	0.4507	1.0	0.2393
IRF1	0.5232	0.9162	0.2401
NKX3-1	0.5298	1.0	0.2403
FOXD3	0.532	0.2425	1.0
ZFHX3	0.5323	1.0	0.2431
TFAP2B	0.5369	0.244	1.0
PITX1	0.2441	0.3215	0.4436
WWTR1	0.4314	1.0	0.2456
XBP1	0.6167	1.0	0.2458
MAPK8	0.3081	0.2467	0.5729
MCM5	0.5402	0.2476	1.0
TYK2	0.2477	0.4065	0.3245
HDAC2	0.3194	0.2487	0.7068
PIK3CA	0.5587	0.2525	1.0
NR1I2	0.3335	0.7051	0.2543
ABCB1	0.4297	1.0	0.2562
CIITA	0.3689	0.2587	0.7001
PAK1	0.3165	1.0	0.2592
ASCL1	0.6687	1.0	0.2626
RPS6KB1	0.3404	1.0	0.2647
CCND2	0.4818	0.2656	1.0
CDC6	0.6597	0.2667	1.0
BCL2	0.4411	1.0	0.2697
MTOR	0.6854	0.2733	1.0
EZH2	0.2749	0.2757	0.5254
KAT2B	0.3281	0.6555	0.2798
MAPK1	0.5007	1.0	0.2799
MEF2D	0.6036	0.2805	1.0
TFAP2C	0.4751	1.0	0.2814
NFATC2	0.3755	0.7384	0.2832
PER1	0.5282	0.289	1.0
JAK2	0.2916	0.4564	0.3568
HDAC4	0.2926	0.2977	0.5642
MAPK14	0.7445	0.2929	1.0
TIMP3	0.5499	0.293	1.0
PAX5	0.4498	0.2948	0.7639
GATA4	0.5333	1.0	0.2983
POU4F1	0.5409	0.2983	1.0
CCND1	0.3038	0.5758	0.3046
SNAI2	0.3735	0.6601	0.3067
AKT1	0.4863	1.0	0.307
PRKCG	0.4071	1.0	0.3073
KDR	0.4132	1.0	0.31
MEF2A	0.6604	0.3108	1.0
HIST2H2BE	0.6609	0.3109	1.0
IL2RG	0.4977	1.0	0.3152
TBX21	0.3163	0.4827	0.4169
SIRT1	0.4979	0.3166	0.7913
RPS6KA3	0.4127	1.0	0.3192
GABPB1	0.7479	0.3201	1.0
CCNT1	0.751	0.3204	1.0
GTF2F1	0.751	0.3204	1.0
POLR2B	0.751	0.3204	1.0
POLR2C	0.751	0.3204	1.0
POLR2D	0.751	0.3204	1.0
POLR2E	0.751	0.3204	1.0
POLR2G	0.751	0.3204	1.0
POLR2H	0.751	0.3204	1.0
POLR2I	0.751	0.3204	1.0
POLR2J	0.751	0.3204	1.0
POLR2K	0.751	0.3204	1.0
POLR2L	0.751	0.3204	1.0
DDIT3	0.4155	0.3206	0.7009
GTF2F2	0.7527	0.3214	1.0
ING4	0.3655	0.3218	0.6449
POLR2A	0.7546	0.3222	1.0
MSX2	0.3238	0.4846	0.4154
AHR	0.5363	1.0	0.3252
MMP13	0.5348	1.0	0.3272
LHX2	0.5359	1.0	0.332
CDK2	0.5456	0.3376	0.7568
HES1	0.6564	0.3396	1.0
ETV6	0.5395	1.0	0.345
B2M	0.4655	1.0	0.3464
MTA1	0.4173	0.695	0.3465
NF1	0.6599	0.3483	1.0
PRKCH	0.5049	1.0	0.3489
CDK9	0.7941	0.3491	1.0
POLR2F	0.7859	0.3493	1.0
TEAD1	0.4678	1.0	0.3527
CEBPE	0.488	0.3537	1.0
CDK7	0.8054	0.354	0.6821
AGO2	0.5389	0.3546	1.0
FOXA2	0.7249	0.356	0.9043
MYCN	0.8842	0.3605	1.0
JUNB	0.6624	1.0	0.3611
TRBC1	0.4917	1.0	0.3633
CD3G	0.4917	1.0	0.3633
CD3E	0.4917	1.0	0.3633
TRAC	0.4917	1.0	0.3633
ZBTB16	0.6061	1.0	0.3644
IKBKB	0.5383	0.3669	1.0
NR2F2	0.5328	0.3689	1.0
NR1H4	0.6579	1.0	0.3693
GATA3	0.3696	0.5248	0.4017
FOXL2	0.539	0.3724	1.0
MAF	0.5376	1.0	0.3749
MAZ	0.5489	1.0	0.3774
MEF2C	0.7062	0.3775	1.0
DLX5	0.5495	1.0	0.3784
BTF3	0.385	0.5066	0.4809
IL8	0.6623	0.3854	1.0
MOV10	0.5843	0.3901	1.0
AGO3	0.5843	0.3901	1.0
AGO4	0.5843	0.3901	1.0
AGO1	0.5843	0.3901	1.0
TNRC6C	0.5843	0.3901	1.0
TNRC6B	0.5843	0.3901	1.0
TNRC6A	0.5859	0.3904	1.0
HDGF	0.6131	1.0	0.4003
PRKCE	0.5212	1.0	0.4023
NR3C2	0.6071	1.0	0.4046
DCT	0.6026	1.0	0.4046
CCND3	0.6204	1.0	0.4063
RUNX3	0.5813	0.4083	0.7666
HIF3A	0.5424	1.0	0.4091
NR1H2	0.5313	1.0	0.4092
FOXQ1	0.5342	1.0	0.4109
SERPINB5	0.544	1.0	0.4126
NOTCH2	0.5436	1.0	0.4126
PBX1	0.5418	1.0	0.4133
FOXF2	0.7068	1.0	0.4135
PAX3	0.5416	1.0	0.4141
CREB3L3	0.5463	1.0	0.4173
PAX8	0.7128	0.4183	1.0
KLF10	0.6573	1.0	0.419
IL10	0.8174	0.425	1.0
CD247	0.5657	1.0	0.4275
RXRG	0.6027	1.0	0.4295
JAK3	0.5573	1.0	0.4301
PRKCQ	0.5987	1.0	0.4327
SPDEF	0.7962	0.4338	1.0
ESR2	0.6728	0.434	1.0
NR0B1	0.7901	1.0	0.4396
ILF3	0.613	1.0	0.4425
NR5A1	0.8434	0.444	1.0
GLI2	0.4467	0.6094	0.4585
TNF	0.6186	1.0	0.4477
TRRAP	0.8463	0.4483	1.0
IL37	0.5838	0.4501	0.7528
POU2F1	0.4513	0.6121	0.4637
IL6ST	0.6195	1.0	0.4519
SPI1	0.8151	1.0	0.454
USF2	0.7423	1.0	0.4557
ELF3	0.6651	1.0	0.4575
MET	0.6258	1.0	0.4599
NFATC3	0.6921	1.0	0.4619
MECP2	0.4695	0.4628	0.608
NR1H3	0.5942	1.0	0.4658
IL23R	0.6649	1.0	0.4667
NOTCH4	0.6028	1.0	0.472
NR5A2	0.6116	1.0	0.4747
ZFP36	0.7111	0.4791	1.0
VDR	0.6295	0.8101	0.4797
MAX	0.8541	0.4852	0.9511
WT1	0.6513	0.7883	0.4861
NRF1	0.9041	0.4867	1.0
PPARD	0.4896	0.4951	0.6239
RARA	0.7866	1.0	0.4927
KLK3	0.6693	1.0	0.4939
TCF7L2	0.4967	0.5774	0.5441
IL23A	0.697	1.0	0.5001
JAK1	0.6409	1.0	0.5039
CDK4	0.6075	1.0	0.509
IRF3	0.7149	1.0	0.5192
GLI1	0.5746	0.521	0.701
KAT5	0.8497	0.5215	1.0
ATF2	0.5941	0.7112	0.5228
REL	0.583	0.5294	0.7049
NFIC	0.8482	0.5406	1.0
YY1	0.9656	0.5416	1.0
DNMT1	0.8209	0.5445	1.0
SMAD2	0.7083	1.0	0.5463
HDAC9	0.6653	0.7775	0.5503
TP73	0.6117	0.7036	0.5518
TBP	0.7861	1.0	0.5593
RAD51	0.7092	1.0	0.5702
APEX1	0.7557	1.0	0.5729
USF1	0.6943	0.8213	0.5734
HSF1	0.5859	0.5956	0.665
HDAC3	0.8085	0.5948	1.0
ABL1	0.781	1.0	0.5984
HMGA1	0.8161	1.0	0.5986
FOXO4	0.8016	0.605	0.8717
HDAC1	0.8832	0.9225	0.6153
OTX2	0.7548	1.0	0.6153
TCF4	0.6963	0.6166	0.7711
SREBF1	0.986	0.6339	1.0
HNF1A	0.9706	0.638	1.0
NFE2L2	0.7902	1.0	0.6385
CDX2	0.8117	0.6406	0.8703
CHEK1	0.7907	1.0	0.6416
PAX6	0.8209	1.0	0.6474
MYB	0.6721	0.6486	0.6619
NFYC	0.8701	0.6524	0.9182
FOXM1	0.7481	0.8101	0.6551
KLF4	0.7553	0.6558	0.7908
NFYB	0.883	0.6673	0.9264
PRKACA	0.7864	1.0	0.6748
IL2RB	0.8263	1.0	0.6806
FOXA1	0.8985	0.6855	0.9194
KLF5	0.8171	1.0	0.694
IL2RA	0.853	1.0	0.713
ERCC2	0.8682	1.0	0.7193
ATF4	0.7661	0.7586	0.7293
GATA1	0.836	0.8499	0.7449
MYC	0.9532	0.752	0.9507
HNF4A	0.9053	0.7715	0.9102
IL2	0.9114	1.0	0.781
RB1	0.9117	0.9088	0.785
FOXO1	0.9178	0.9263	0.7916
STAT1	0.9084	0.8827	0.8036
RBL2	0.9161	0.8039	1.0
NFATC1	0.9226	1.0	0.8088
YBX1	0.8823	0.8483	0.8258
FOXO3	0.9054	0.8324	0.8753
BRCA1	0.9365	0.8349	0.9084
NPAS2	0.9296	1.0	0.8381
BCL6	0.9557	0.8463	1.0
ARNTL	0.9394	1.0	0.8543
ATM	0.9726	1.0	0.8729
AR	0.9632	0.8808	0.9328
CLOCK	0.9624	1.0	0.8883
MDC1	1.0	1.0	1.0
EHMT2	1.0	1.0	1.0
ARAF	1.0	1.0	1.0
TBK1	1.0	1.0	1.0
PRKACG	1.0	1.0	1.0
AKT3	1.0	1.0	1.0
PRKACB	1.0	1.0	1.0
CSNK2A2	1.0	1.0	1.0
SND1	1.0	1.0	1.0
BCR	1.0	1.0	1.0
ATF6	1.0	1.0	1.0
SF1	1.0	1.0	1.0
PDGFB	1.0	1.0	1.0
SFN	1.0	1.0	1.0
ATG7	1.0	1.0	1.0
ZBTB7A	1.0	1.0	1.0
LYN	1.0	1.0	1.0
ABCA3	1.0	1.0	1.0
FN1	1.0	1.0	1.0
MLLT10	1.0	1.0	1.0
HLA-DRB1	1.0	1.0	1.0
HIST2H2AA3	1.0	1.0	1.0
LIN54	1.0	1.0	1.0
CTCF	1.0	1.0	1.0
HIST2H2AC	1.0	1.0	1.0
SMPD1	1.0	1.0	1.0
NELFB	1.0	1.0	1.0
IKBKG	1.0	1.0	1.0
NELFCD	1.0	1.0	1.0
NELFA	1.0	1.0	1.0
IKBKE	1.0	1.0	1.0
LIN52	1.0	1.0	1.0
NELFE	1.0	1.0	1.0
DUSP1	1.0	1.0	1.0
ACTL6A	1.0	1.0	1.0
LIN37	1.0	1.0	1.0
PTGS2	1.0	1.0	1.0
EGFR	1.0	1.0	1.0
SPP1	1.0	1.0	1.0
FLNA	1.0	1.0	1.0
CCNT2	1.0	1.0	1.0
RORA	1.0	1.0	1.0
STK11	1.0	1.0	1.0
RUVBL2	1.0	1.0	1.0
RUVBL1	1.0	1.0	1.0
PIM1	1.0	1.0	1.0
MAP3K8	1.0	1.0	1.0
NEK3	1.0	1.0	1.0
PIM2	1.0	1.0	1.0
MAP3K7	1.0	1.0	1.0
MAP3K5	1.0	1.0	1.0
CDKL5	1.0	1.0	1.0
TNNI3K	1.0	1.0	1.0
CDC25A	1.0	1.0	1.0
PIAS1	1.0	1.0	1.0
BLK	1.0	1.0	1.0
SHC1	1.0	1.0	1.0
CREM	1.0	1.0	1.0
TNFRSF11B	1.0	1.0	1.0
STK38	1.0	1.0	1.0
NEK6	1.0	1.0	1.0
ELOA2	1.0	1.0	1.0
ELOA3	1.0	1.0	1.0
MLXIPL	1.0	1.0	1.0
SP2	1.0	1.0	1.0
MDM2	1.0	1.0	1.0
PIN1	1.0	1.0	1.0
HLA-DRA	1.0	1.0	1.0
MNAT1	1.0	1.0	1.0
ITGB1	1.0	1.0	1.0
PPP1R13B	1.0	1.0	1.0
ITGB3	1.0	1.0	1.0
ONECUT1	1.0	1.0	1.0
ARRB2	1.0	1.0	1.0
HSP90AA1	1.0	1.0	1.0
NRG1	1.0	1.0	1.0
PRKAA1	1.0	1.0	1.0
ROCK1	1.0	1.0	1.0
SRC	1.0	1.0	1.0
ROCK2	1.0	1.0	1.0
FYN	1.0	1.0	1.0
E2F4	1.0	1.0	1.0
E2F5	1.0	1.0	1.0
E2F7	1.0	1.0	1.0
CCNK	1.0	1.0	1.0
CCNH	1.0	1.0	1.0
ACTB	1.0	1.0	1.0
TRIM24	1.0	1.0	1.0
EPHB3	1.0	1.0	1.0
CSNK2B	1.0	1.0	1.0
BTK	1.0	1.0	1.0
ULK1	1.0	1.0	1.0
SUPT4H1	1.0	1.0	1.0
EGR2	1.0	1.0	1.0
YES1	1.0	1.0	1.0
PTK6	1.0	1.0	1.0
PTK2	1.0	1.0	1.0
SMARCA4	1.0	1.0	1.0
GRB2	1.0	1.0	1.0
CALM1	1.0	1.0	1.0
CALM2	1.0	1.0	1.0
MLX	1.0	1.0	1.0
SYK	1.0	1.0	1.0
SUPT3H	1.0	1.0	1.0
PCNA	1.0	1.0	1.0
RXRB	1.0	1.0	1.0
HSF2	1.0	1.0	1.0
PAK2	1.0	1.0	1.0
PAK4	1.0	1.0	1.0
NPM1	1.0	1.0	1.0
MAP3K1	1.0	1.0	1.0
KITLG	1.0	1.0	1.0
STK17A	1.0	1.0	1.0
ELOA3D	1.0	1.0	1.0
TCEA1	1.0	1.0	1.0
ELOA3B	1.0	1.0	1.0
FOXA3	1.0	1.0	1.0
IHH	1.0	1.0	1.0
PRDM1	1.0	1.0	1.0
PDGFRB	1.0	1.0	1.0
SUPT7L	1.0	1.0	1.0
CCNE1	1.0	1.0	1.0
RAF1	1.0	1.0	1.0
H2AFB1	1.0	1.0	1.0
TCF7	1.0	1.0	1.0
GRK5	1.0	1.0	1.0
SUPT5H	1.0	1.0	1.0
CLK2	1.0	1.0	1.0
GH2	1.0	1.0	1.0
CLK1	1.0	1.0	1.0
GH1	1.0	1.0	1.0
IL6	1.0	1.0	1.0
GNAQ	1.0	1.0	1.0
GNB1	1.0	1.0	1.0
YWHAE	1.0	1.0	1.0
DYRK4	1.0	1.0	1.0
DYRK3	1.0	1.0	1.0
GSK3A	1.0	1.0	1.0
YWHAB	1.0	1.0	1.0
YWHAQ	1.0	1.0	1.0
MLST8	1.0	1.0	1.0
MYBL2	1.0	1.0	1.0
YWHAG	1.0	1.0	1.0
YWHAH	1.0	1.0	1.0
MMP7	1.0	1.0	1.0
PDPK1	1.0	1.0	1.0
YWHAZ	1.0	1.0	1.0
CCNA2	1.0	1.0	1.0
IRF4	1.0	1.0	1.0
IRF2	1.0	1.0	1.0
IRF7	1.0	1.0	1.0
IRF8	1.0	1.0	1.0
IRF9	1.0	1.0	1.0
TAF9	1.0	1.0	1.0
AURKA	1.0	1.0	1.0
INS	1.0	1.0	1.0
PTK2B	1.0	1.0	1.0
TAF12	1.0	1.0	1.0
EGF	1.0	1.0	1.0
TAF10	1.0	1.0	1.0
SSRP1	1.0	1.0	1.0
EPOR	1.0	1.0	1.0
MAPK12	1.0	1.0	1.0
MAPK13	1.0	1.0	1.0
MAPK11	1.0	1.0	1.0
CD4	1.0	1.0	1.0
ERCC3	1.0	1.0	1.0
POLE3	1.0	1.0	1.0
VIM	1.0	1.0	1.0
HOXA9	1.0	1.0	1.0
PRKCI	1.0	1.0	1.0
DAPK2	1.0	1.0	1.0
PRKD3	1.0	1.0	1.0
PRKD2	1.0	1.0	1.0
PRKD1	1.0	1.0	1.0
ASF1B	1.0	1.0	1.0
CTBP1	1.0	1.0	1.0
PRKDC	1.0	1.0	1.0
PRKCZ	1.0	1.0	1.0
PPP3R1	1.0	1.0	1.0
TERT	1.0	1.0	1.0
PLCG2	1.0	1.0	1.0
PLCG1	1.0	1.0	1.0
PLK4	1.0	1.0	1.0
PLK3	1.0	1.0	1.0
FZD2	1.0	1.0	1.0
PLK1	1.0	1.0	1.0
CDC7	1.0	1.0	1.0
BRAF	1.0	1.0	1.0
NR1D1	1.0	1.0	1.0
HBP1	1.0	1.0	1.0
CDK12	1.0	1.0	1.0
CDK16	1.0	1.0	1.0
RET	1.0	1.0	1.0
ELL	1.0	1.0	1.0
ING1	1.0	1.0	1.0
GLI3	1.0	1.0	1.0
ELOA	1.0	1.0	1.0
ELOB	1.0	1.0	1.0
ELOC	1.0	1.0	1.0
ZEB1	1.0	1.0	1.0
MTF1	1.0	1.0	1.0
HBEGF	1.0	1.0	1.0
CTDP1	1.0	1.0	1.0
CK1	1.0	1.0	1.0
CSNK1A1	1.0	1.0	1.0
GTF2H1	1.0	1.0	1.0
GTF2H2	1.0	1.0	1.0
GTF2H3	1.0	1.0	1.0
GTF2H4	1.0	1.0	1.0
GTF2H5	1.0	1.0	1.0
FOSB	1.0	1.0	1.0
EPO	1.0	1.0	1.0
CDH2	1.0	1.0	1.0
MEN1	1.0	1.0	1.0
SUPT16H	1.0	1.0	1.0
MAP2K1	1.0	1.0	1.0
DYRK1A	1.0	1.0	1.0
AIP	1.0	1.0	1.0
DYRK1B	1.0	1.0	1.0
ABL2	1.0	1.0	1.0
MAP2K7	1.0	1.0	1.0
ZNF300	1.0	1.0	1.0
FANCI	1.0	1.0	1.0
BCL3	1.0	1.0	1.0
MCM7	1.0	1.0	1.0
SIN3A	1.0	1.0	1.0
PRKG2	1.0	1.0	1.0
PRKG1	1.0	1.0	1.0
AMP	1.0	1.0	1.0
TRAF2	1.0	1.0	1.0
LCK	1.0	1.0	1.0
TRAF6	1.0	1.0	1.0
MCM6	1.0	1.0	1.0
SOS1	1.0	1.0	1.0
RBBP4	1.0	1.0	1.0
CSK	1.0	1.0	1.0
PTPN11	1.0	1.0	1.0
PML	1.0	1.0	1.0
KLF6	1.0	1.0	1.0
APC	1.0	1.0	1.0
RPS6KA4	1.0	1.0	1.0
RPS6KA5	1.0	1.0	1.0
PPP2R1B	1.0	1.0	1.0
PPP2R1A	1.0	1.0	1.0
RPS6KA2	1.0	1.0	1.0
CHEK2	1.0	1.0	1.0
RPS6KA1	1.0	1.0	1.0
SOX9	1.0	1.0	1.0
BTRC	1.0	1.0	1.0
SOX6	1.0	1.0	1.0
SKP2	1.0	1.0	1.0
SIK1	1.0	1.0	1.0
NLK	1.0	1.0	1.0
TP53BP2	1.0	1.0	1.0
INSR	1.0	1.0	1.0
TRERF1	1.0	1.0	1.0
ATR	1.0	1.0	1.0
RPTOR	1.0	1.0	1.0
ANKRD1	1.0	1.0	1.0
HRAS	1.0	1.0	1.0
VAV3	1.0	1.0	1.0
RHOA	1.0	1.0	1.0
HCK	1.0	1.0	1.0
RAD51D	1.0	1.0	1.0
SGK3	1.0	1.0	1.0
SGK1	1.0	1.0	1.0
PPP2CA	1.0	1.0	1.0
PURA	1.0	1.0	1.0
PPP2CB	1.0	1.0	1.0
CAMK4	1.0	1.0	1.0
CDK5R1	1.0	1.0	1.0
NEUROG3	1.0	1.0	1.0
HIST1H2AD	1.0	1.0	1.0
HIST1H2AB	1.0	1.0	1.0
WNT5A	1.0	1.0	1.0
HIST1H2AJ	1.0	1.0	1.0
FANCD2	1.0	1.0	1.0
STK3	1.0	1.0	1.0
MARK3	1.0	1.0	1.0
MARK2	1.0	1.0	1.0
TGFB1	1.0	1.0	1.0
PTCH1	1.0	1.0	1.0
NFKBIA	1.0	1.0	1.0
PKD1	1.0	1.0	1.0
H2AFJ	1.0	1.0	1.0
TOPBP1	1.0	1.0	1.0
H2AFZ	1.0	1.0	1.0
H2AFX	1.0	1.0	1.0
FGG	1.0	1.0	1.0
H2AFV	1.0	1.0	1.0
PPP2R5D	1.0	1.0	1.0
FGR	1.0	1.0	1.0
ZAP70	1.0	1.0	1.0
RBL1	1.0	1.0	1.0
IFNG	1.0	1.0	1.0
CAMK2B	1.0	1.0	1.0
CAMK2D	1.0	1.0	1.0
CAMK2A	1.0	1.0	1.0
LIN9	1.0	1.0	1.0
MAPK9	1.0	1.0	1.0
BUB1	1.0	1.0	1.0
CAMK2G	1.0	1.0	1.0
PDX1	1.0	1.0	1.0
WEE1	1.0	1.0	1.0
RBMX	1.0	1.0	1.0