

Data type: org.panda.causalpath.data.SiteModProteinData
Row ID	Change amount	P-value	Q-value
MLH1-P-S477	-32.66134750186964	6.536676742951991E-15	5.092071182759601E-12
PMS2-A-K210	-24.959262109194427	1.4465391548345891E-11	5.634270008080724E-9
FANCD2-P-S1412	9.143998477621471	1.0685920002907047E-4	0.027747772274215297
MSH6-P-S830	9.143998477621471	1.0685920002907047E-4	0.020810829205661473
MCM2-P-S139	7.297989709824848	6.768981700878438E-4	0.10546073489968606
MCM3-P-S711	6.914006924007328	9.937678558488933E-4	0.1290241932843813
TIMELESS-P-S1173	6.4606941528965285	0.001563709879829137	0.17401857091241396
MCM3-P-S672	6.388768802542654	0.0016803237386693202	0.16362152405292504
MCM2-P-S27	6.175740727275628	0.002079265178455331	0.17997195266852253
MCM3-P-S711-T713	6.175740727275628	0.002079265178455331	0.16197475740167028
PMS2-P-S445	-5.7035651115492145	0.0033340579557735272	0.23611192250432522
TIMELESS-P-S1121	5.056083204986701	0.006370462506890206	0.4135491910722892
TIMELESS-P-S1149	4.668318669592288	0.009388040663281333	0.5625602828227814
MCM3-P-S672-T674	4.460112950513539	0.01156105738634999	0.6432902645690459
MCM3-P-T674	4.460112950513539	0.01156105738634999	0.6004042469311095
DTL-P-S478	4.460112950513539	0.01156105738634999	0.5628789814979152
FANCD2-P-S1435	3.282239604071837	0.03754407870800678	1.7204021949139576
CDK1-A-K33	3.266362687648048	0.0381449200402257	1.6508273728519898
DTL-P-S679	3.1641771899014906	0.04224889033004549	1.7322045035318652
MCM3-P-T722	3.1641771899014906	0.04224889033004549	1.6455942783552717
CLK2-P-S50	3.004620194284384	0.04955757300397635	1.8383499700046466
XRCC6-P-T455	2.936809377581128	0.05303467269251503	1.877909546703146
MRE11-P-S688-S689	-2.9296617529955618	0.05341510258834525	1.8091463007096065
MCM4-P-S120	2.9296617529955618	0.05341510258834525	1.733765204846706
MCM2-P-T39	2.8855163125653487	0.055825958450378535	1.739536865313795
CDK1-P-Y15	2.7302774129425145	0.06520119950241104	1.9535282466299309
MRE11-P-S619	-2.4392529543732455	0.08722598892218825	2.5166313100142457
TP53BP1-P-S1426-S1430	-2.167441580800492	0.11447010511227004	3.184721852944942
MRE11-P-S649	-2.1327590778373486	0.11850986441805211	3.1834201510918136
MSH6-P-S43	-2.1327590778373486	0.11850986441805211	3.07730614605542
TP53BP1-P-S523-S525	-2.1327590778373486	0.11850986441805211	2.978038205860084
TP53BP1-P-S1758-S1759	-2.1305627755873724	0.11877043393988802	2.891317751224149
MCM3-P-S668	2.103219142787674	0.12206285734551839	2.881423208247237
PARP1-P-S782	1.8373602067742307	0.15923722512000626	3.6484058343672023
TP53BP1-P-S580	-1.8337162398591464	0.15981853880065577	3.5571040493060244
UNG-P-S23	1.8337162398591464	0.15981853880065577	3.458295603491968
RRM2-P-S20	1.769800567426271	0.17036696215934397	3.5869152303278096
TP53BP1-P-S1678	1.752063644113008	0.1734157056398573	3.5550219656170747
DTL-P-S676-S679	1.740474476287026	0.1754371401031466	3.5042444138551585
MSH6-P-S41	-1.740474476287026	0.1754371401031466	3.4166383035087797
MDC1-P-T1891	1.740474476287026	0.1754371401031466	3.333305661959785
ORC1-P-S199	1.5682379351170868	0.20841209463359525	3.865548136180255
ORC1-P-T230	1.5682379351170868	0.20841209463359525	3.775651667896993
RBBP8-P-S327	1.5682379351170868	0.20841209463359525	3.689841402717516
ATRX-P-S634	-1.5682379351170868	0.20841209463359525	3.607844927101571
DTL-P-S485	1.5682379351170868	0.20841209463359525	3.5294135156428412
SIRT6-P-S303	1.5682379351170868	0.20841209463359525	3.4543196110546956
XRCC1-P-S447	1.5682379351170868	0.20841209463359525	3.382354619157723
UNG-P-T60	1.5682379351170868	0.20841209463359525	3.31332697386879
TP53BP1-P-S1068	-1.4562616932856347	0.23310606992256075	3.6317925693934967
TOP2A-P-S1351	1.4562616932856347	0.23310606992256075	3.560580950385781
TP53BP1-P-S1216-S1219	-1.4470558783748693	0.2352619091602845	3.5244043699204157
CDC6-P-S45	1.4470558783748693	0.2352619091602845	3.45790617426154
KAT5-P-S90	1.4251083869507877	0.2404823966420397	3.469181240447202
BRCA1-P-S114	1.4224570369328398	0.24112084565058142	3.415147977487326
WEE1-P-T190	1.382673558195079	0.250906841487618	3.4902933842652573
MDC1-P-S329-T331	-1.3713965251984865	0.25375234045556055	3.4679486528926606
POLA1-P-S215	1.2959189015742272	0.2736462947542759	3.675352820923809
NBN-P-S397	-1.2959189015742272	0.2736462947542759	3.613058705314931
VCP-P-S746	1.2666558414941067	0.28177233931264445	3.658344205409167
WEE1-P-S165-T173	1.2643900240574852	0.2824115078383581	3.6065338460013274
PIAS3-P-S431	-1.2643900240574852	0.2824115078383581	3.5483639452593705
NBN-P-S343	-1.2643900240574852	0.2824115078383581	3.4920407080330316
TERF2-P-S365	1.227564158229563	0.293005423988707	3.566425395112543
PARP1-P-T368	1.227564158229563	0.293005423988707	3.5115573121108112
MCM4-P-T110	1.227564158229563	0.293005423988707	3.4583518982909505
MDC1-P-S453-T455	1.227564158229563	0.293005423988707	3.4067347057791455
YY1-P-S247	1.227564158229563	0.293005423988707	3.3566356659882755
MDC1-P-S299	1.215324357860062	0.29661378967519925	3.3487266979272494
RUVBL2-P-T360	-1.215324357860062	0.29661378967519925	3.300887745099717
TP53BP1-P-T593	-1.2036820059474138	0.30008725219934085	3.2925066121589652
TP53-P-S15	-1.1249051049885321	0.324683276719767	3.5128926745097013
BRCA2-P-S93	1.0984092801406609	0.33340100971169145	3.5577998159644886
MCM3-P-S160	-1.06459083592998	0.34486893387960965	3.630444587732647
FANCD2-P-S592	1.0296988996378322	0.35711447167927596	3.709228979175413
TCEA1-P-S100	1.0296988996378322	0.35711447167927596	3.6604233347125787
PTEN-P-S294	-1.0296988996378322	0.35711447167927596	3.612885369326701
XRCC1-P-S241	1.0296988996378322	0.35711447167927596	3.566566326130205
ATRX-P-S84	-1.0296988996378322	0.35711447167927596	3.521419916938683
PARP1-P-S257	1.0296988996378322	0.35711447167927596	3.47740216797695
MDC1-P-S498	1.0296988996378322	0.35711447167927596	3.4344712770142714
ELL-P-T180	-1.0296988996378322	0.35711447167927596	3.3925874809531216
ATRX-P-S1352	1.0296988996378322	0.35711447167927596	3.351712932989831
TP53BP1-P-S1101	-1.0296988996378322	0.35711447167927596	3.311811588549476
PRKDC-P-S3205	-1.0296988996378322	0.35711447167927596	3.272849099272423
PRKDC-P-S511	-1.0296988996378322	0.35711447167927596	3.2347927143971624
NBN-P-T497	-1.0125612252390948	0.36328732632468635	3.252883071344031
DDB2-P-S26	0.9758747072957566	0.37686256491488707	3.336090205326103
CDC6-P-S54	0.9758747072957566	0.37686256491488707	3.298606045715697
PRKDC-P-S4026	-0.9729976035554143	0.37794839888947396	3.2713533637211136
XRCC6-P-S520	-0.906514339908347	0.403929734800609	3.4578160814249936
BRCA1-P-T967	0.906514339908347	0.403929734800609	3.4202311240182
RAD9A-P-S375-S387	0.906514339908347	0.403929734800609	3.383454445265316
TOP2B-P-S1340	0.8912551989667804	0.4101406214395676	3.398931320227906
CLK2-P-S76	0.8826918903151655	0.4136678630463695	3.39207647698023
CDK1-P-T14-Y15	0.8804699637708712	0.4145880245388498	3.3642090741225417
PARG-P-S68	-0.8424278973594872	0.4306636459589572	3.458628661876574
TOP2B-P-S1581-S1596	-0.8335361365116353	0.43451007954582743	3.4539117547571383
XRCC6-P-S2	-0.8335361365116353	0.43451007954582743	3.419023757234339
TOP2B-P-S1500	0.8335361365116353	0.43451007954582743	3.3848335196619956
CHEK2-P-S163	-0.8335361365116353	0.43451007954582743	3.3513203164970253
ATR-P-S435	-0.8223829678284846	0.43938336955338403	3.3556827929616286
YWHAG-P-S71	0.8173145793884427	0.44161598825438786	3.3399888820404677
MTOR-P-S2481	0.8173145793884427	0.44161598825438786	3.30787360432854
DTL-P-S485-S490	0.7997759020063988	0.44942966912002025	3.334340116614245
TOP2A-P-S1525	0.7822977479166887	0.4573539190320533	3.3611198389242407
TP53BP1-P-S1094-S1101	0.7398337714494869	0.47719323206779574	3.4741451194468493
APBB1-P-T709	-0.7209820042261229	0.48627449780620025	3.5074799425095367
ATRX-P-S25-S26	-0.7209820042261229	0.48627449780620025	3.475301227440642
ATRX-P-S1527	0.7209820042261229	0.48627449780620025	3.443707579918454
PARG-P-S137	0.7209820042261229	0.48627449780620025	3.4126831873065764
XRCC5-P-S145	0.7180034191414248	0.48772506702189966	3.3923020286612484
MDM2-P-S166	0.7145757035787825	0.489399718298888	3.373826376591449
PIAS1-P-S483-S485	0.7145757035787825	0.489399718298888	3.3442314083757347
PRKDC-P-S2624	-0.7145757035787825	0.489399718298888	3.315151135259424
TP53BP1-P-S1094-S1101-S1104	-0.7145757035787825	0.489399718298888	3.28657224616236
EP300-P-S973	-0.7145757035787825	0.489399718298888	3.258481885084049
CDK1-P-T14	0.7145757035787825	0.489399718298888	3.230867631820625
PCLAF-P-S72	0.7106174375591562	0.49134073156297403	3.216423780567704
MCM2-P-S108	-0.6739046956225034	0.5097144073907699	3.3088960279784145
FANCD2-P-S8	0.6589371587441218	0.517400957442387	3.331035916096029
MCM2-P-S41	0.6555263092864896	0.5191687473362017	3.3150201161877138
CDK1-P-S39	0.6220719751227711	0.5368309840249391	3.399929565491281
MAPK8-P-T183-Y185	-0.6153813270577121	0.5404347736098177	3.395150714855226
SMARCA4-P-S1663	0.6153813270577121	0.5404347736098177	3.3679895091363843
CDK1-A-K6	0.6023536961835765	0.547521419225547	3.3850729014023897
ATM-A-K2440	-0.6023536961835765	0.547521419225547	3.3584187840685127
ATRX-P-S1082	-0.5996128696877223	0.5490241388445632	3.3413265949993343
MCM3-P-S711-T713-T722	0.5871415750579213	0.5559140544218888	3.357031382904274
POLR2A-P-S1944-S1966	-0.5833825853560881	0.5580076620871687	3.343753605891572
MCM8-P-S670	0.5514006365398881	0.5761422790553435	3.426067445680249
NFRKB-P-S228	-0.5514006365398881	0.5761422790553435	3.4001123892735805
MCM4-P-S406	0.5504940530277741	0.5766648369815763	3.37760833089209
TP53BP1-P-S124	0.5504940530277741	0.5766648369815763	3.3524022985719997
DBF4-P-S612-S613	0.5464804326850001	0.5789840017123056	3.340952128399156
TP53BP1-P-S999	-0.5464804326850001	0.5789840017123056	3.3163863039256327
TP53BP1-P-T922	-0.5462368810177004	0.5791250314045737	3.292981017986591
SIRT6-P-S330	0.5399670613041766	0.5827674476575483	3.2896800125016674
ORC1-P-S311	0.5378664521071834	0.5839929009664362	3.272881078078085
TOP2B-P-S1336	0.5284938255466847	0.5894921794253829	3.2801029126598094
CDK1-P-T161	0.5174561628995773	0.5960348366323307	3.2929867924580543
POLR2A-P-S1917	0.507011151422994	0.6022930540210046	3.3041287963546666
TP53BP1-P-S395-S398	0.507011151422994	0.6022930540210046	3.2810230005759626
DBF4-P-S508	0.5062664635850411	0.6027417413784913	3.260665392596144
RBBP8-P-S539	-0.5053923989188343	0.6032688069486181	3.241009659399817
ATRX-P-S703	-0.49658028474545435	0.6086083724301307	3.2473008364593956
CDK1-P-Y19	0.49658028474545435	0.6086083724301307	3.2252103545787194
TOP2A-P-S1247	0.49658028474545435	0.6086083724301307	3.203418392723458
CDC25C-P-S216	0.49658028474545435	0.6086083724301307	3.1819189404233006
SMARCC1-P-S573	0.49658028474545435	0.6086083724301307	3.160706147487145
TERF1-P-S437	0.49658028474545435	0.6086083724301307	3.1397743186958396
ATRX-P-S1996	0.49658028474545435	0.6086083724301307	3.1191179087044194
TOP2B-P-S1524	0.49658028474545435	0.6086083724301307	3.0987315171442598
RBBP8-P-S347	-0.49658028474545435	0.6086083724301307	3.0786098839160503
MCM3-P-S704	0.49658028474545435	0.6086083724301307	3.058747884664979
WRN-P-S1133	0.49658028474545435	0.6086083724301307	3.0391405264299474
KDM4B-P-S622	0.49658028474545435	0.6086083724301307	3.019782943459056
MCM6-P-S762	-0.49658028474545435	0.6086083724301307	3.0006703931839986
VCP-P-S197	0.49658028474545435	0.6086083724301307	2.9817982523463633
MCM4-P-S326	0.49658028474545435	0.6086083724301307	2.9631620132691987
MDC1-P-S1033	0.49181952947283925	0.6115127158968454	2.9588099731903266
WEE1-P-S150	0.49181952947283925	0.6115127158968454	2.9405457140965594
PCNA-A-K181	0.4854876406637457	0.615397030967061	2.9410692461554633
TOP1-A-K101	0.4854876406637457	0.615397030967061	2.9231358970935397
PARP1-A-K621	0.4854876406637457	0.615397030967061	2.9054199219596395
XRCC6-A-K461	0.4854876406637457	0.615397030967061	2.88791739230928
FEN1-A-K375	0.4854876406637457	0.615397030967061	2.870624473792458
PARP1-A-K84	0.4854876406637457	0.615397030967061	2.8535374233532176
PARP1-A-K418	0.4854876406637457	0.615397030967061	2.836652586528642
MCM4-A-K858	0.4854876406637457	0.615397030967061	2.8199663948431795
MTOR-A-K230	-0.4854876406637457	0.615397030967061	2.803475363294389
PCLAF-A-K93	0.4854876406637457	0.615397030967061	2.7871760879263983
TOP1-A-K673	0.4854876406637457	0.615397030967061	2.7710652434875174
PARG-P-S197-T199-S201	0.4757120945501794	0.6214423731403711	2.7822046475652247
PARP1-A-K433	0.47047614332536913	0.624704748460977	2.7808285660062917
SOD1-A-K123	-0.46930747345785184	0.6254352488503525	2.7682616980365036
TOP1-A-K172	0.46930747345785184	0.6254352488503525	2.752621801437427
MRE11-P-S689	-0.46592858387151764	0.6275520997884262	2.7464218299729435
RAD9A-P-S387	0.46592858387151764	0.6275520997884262	2.731078691258011
CDC7-P-S471	-0.46592858387151764	0.6275520997884262	2.7159060318621333
TP53BP1-P-S349-S366	-0.46592858387151764	0.6275520997884262	2.7009010261612376
SIRT6-P-T294	0.46592858387151764	0.6275520997884262	2.6860609106328788
TTK-P-S436	0.4639156614020718	0.6288165857399707	2.676765684652662
PIAS1-P-S485	0.4628480361146415	0.6294882847256721	2.665061814137492
NFRKB-P-S494	-0.4628480361146415	0.6294882847256721	2.650656074601614
NFRKB-P-S176	0.4585914120750785	0.6321734905925789	2.64765133963236
MCM4-P-S32	0.4557888064263844	0.6339477086437203	2.6408837702323966
ATRX-P-S1348	0.4557888064263844	0.6339477086437203	2.6268365161354157
YY1-P-S118	0.44830702884697743	0.6387085519740899	2.6325606454381805
TP53BP1-P-S1426	-0.44830702884697743	0.6387085519740899	2.6187050630937687
KDM4B-P-S566	0.44830702884697743	0.6387085519740899	2.604994565381236
MDC1-P-T1664	-0.44830702884697743	0.6387085519740899	2.5914268853532088
SMARCA4-P-S1602-S1618	0.44830702884697743	0.6387085519740899	2.577999803045679
XRCC1-A-K260	-0.4420075886174424	0.6427447578929435	2.5809183834979534
ATRX-P-S729-S731	-0.4353462472539759	0.6470405922593472	2.5848442121540076
YY1-A-K339	0.4313519195225245	0.6496302529740933	2.5819488115654012
PARP1-A-K105	0.4313519195225245	0.6496302529740933	2.5688424724203993
ATRX-P-S875-S876	-0.42227699497120685	0.6555524295157532	2.579168396933191
KAT5-P-S199	0.4186807082690028	0.6579142283079302	2.5754531851853146
NFRKB-P-S209-S210	-0.4186218273926165	0.6579529680147828	2.562726810417579
XRCC1-A-K298	0.41771766149216305	0.65854813567717	2.5522835706095295
PCNA-A-K80	0.41771766149216305	0.65854813567717	2.5396485034282943
PARP1-A-K518	0.41771766149216305	0.65854813567717	2.5271379196675636
MDC1-P-S495	0.4168275355403172	0.6591345874325177	2.516989429460448
XRCC1-P-S446-S447	-0.39479483111367303	0.6738182716122662	2.560509432126611
NBN-P-S509	-0.39463424389149127	0.6739264869055238	2.548488996599044
BRCA1-P-S1524	0.39463424389149127	0.6739264869055238	2.536177455552672
MSH6-P-S65	0.39463424389149127	0.6739264869055238	2.5239842947086686
ATRX-P-S819	-0.3883152301255103	0.6781985209593758	2.527830850848583
PRKDC-P-S2612	-0.3856852814807455	0.6799844957219973	2.52241867698779
CCNH-P-T315	0.3856852814807455	0.6799844957219973	2.510464086101592
CLK2-P-S98	0.3856852814807455	0.6799844957219973	2.4986222743746973
POLR2A-P-S27	0.38388800765792863	0.681207712954967	2.4913652976146445
TP53BP1-P-S507	-0.37562693616022985	0.686858527330502	2.500293424254491
ATRX-P-S1348-S1352	-0.37562693616022985	0.686858527330502	2.4886641525137727
MSH6-P-S79	-0.37562693616022985	0.686858527330502	2.477142559215098
XPC-P-S884	0.37562693616022985	0.686858527330502	2.4657271557164107
SUMO1-P-S2	-0.37562693616022985	0.686858527330502	2.4544164806901887
TIMELESS-P-S962	0.37480563609508283	0.687422876001823	2.445216531531598
MAPK8-P-S377	0.37480563609508283	0.687422876001823	2.434101910933727
ATRX-P-S925	-0.37480563609508283	0.687422876001823	2.423087875137647
MCM2-P-S381	0.37480563609508283	0.687422876001823	2.4121730648892794
EP300-P-S2326	0.36489570483355155	0.6942690560089171	2.42527172480245
TP53-P-S6	-0.36422292659137856	0.6947363022829531	2.4160695512429484
PLK4-P-S401	0.36422292659137856	0.6947363022829531	2.4053314643485355
MCM6-P-S13	0.3577581093396359	0.6992421947076952	2.4102197773331615
TP53BP1-P-S1028	0.3560739989770947	0.7004207878956659	2.4036466685934963
TP53BP1-P-S1104	-0.3520408037310829	0.7032514261088211	2.4027757058718056
ABL1-P-S809-T814	-0.34433188782537033	0.7086936822090129	2.410796412405332
MCM4-P-S131	0.34433188782537033	0.7086936822090129	2.400314688873135
TP53BP1-P-S1635	0.34184257183757244	0.7104600423246925	2.395880402471582
TFPT-P-S249	0.34184257183757244	0.7104600423246925	2.3855533317712734
ATRX-P-S1322-S1324-S1326	0.34184257183757244	0.7104600423246925	2.3753149054546587
KPNA2-P-S490	0.34184257183757244	0.7104600423246925	2.3651639870552796
ATRX-P-S2379	0.34184257183757244	0.7104600423246925	2.355099459450789
ATRX-P-S92-S108-S112	-0.34184257183757244	0.7104600423246925	2.345120224453116
TP53BP1-P-T919	-0.34184257183757244	0.7104600423246925	2.3352252024090103
TOP2A-P-S1351-S1354	0.34184257183757244	0.7104600423246925	2.3254133318106534
SMARCC1-P-S328	0.34184257183757244	0.7104600423246925	2.315683568916048
BRCA1-P-S1189-S1191	0.34184257183757244	0.7104600423246925	2.306034887378898
KDM4B-P-T1065	0.34184257183757244	0.7104600423246925	2.296466277887699
MDC1-P-T1239	0.34184257183757244	0.7104600423246925	2.286976747813783
KAT5-P-S199-S202	0.34184257183757244	0.7104600423246925	2.2775653208680473
ACTL6A-P-S233	0.34184257183757244	0.7104600423246925	2.268231036766129
VCP-P-S775	0.34184257183757244	0.7104600423246925	2.2589729509017773
MDC1-P-S402-T404	0.34184257183757244	0.7104600423246925	2.249790134028193
NBN-P-S673	-0.34184257183757244	0.7104600423246925	2.240681671947107
TP53BP1-P-S500-S507	-0.34184257183757244	0.7104600423246925	2.231646665205385
MDC1-P-T1425	0.328939249454187	0.7196867367811278	2.251550072098388
SMARCC1-P-T375	-0.32878997066347165	0.7197941787660936	2.2428786610351477
XPC-P-S61	-0.3275064056700625	0.7207186745747172	2.2368121414091817
MDC1-P-S793	0.323946153762108	0.72328918773297	2.2358820525554908
ACTL6A-P-S86	0.323946153762108	0.72328918773297	2.227044574086892
PRKDC-P-S893	0.3167786618178863	0.7284919803730121	2.2342332783880963
MCM4-P-T23	0.31598497535252035	0.7290704041111437	2.2272386070689447
KAT5-P-S86-S90	-0.31598497535252035	0.7290704041111437	2.218538456260082
ATRX-P-S1110	-0.31570149993941665	0.7292771069413316	2.2105325537248923
TOP2B-P-S1461	0.30653933156529256	0.7359895699882483	2.2222320737242067
MCM2-P-S40-S41	0.30653933156529256	0.7359895699882483	2.213652027107511
MGMT-P-S14	0.29534038408103724	0.7442782038920205	2.2299720031995536
YWHAG-P-S215	-0.29534038408103724	0.7442782038920205	2.2214280491643064
SMARCA4-P-S1453	0.29534038408103724	0.7442782038920205	2.2129493161522285
TP53BP1-P-T1372	-0.2943021058344335	0.7450513730734561	2.206825169673849
TP53BP1-P-S1094	0.29084042389317905	0.7476349731778522	2.2060895610058595
TOP2B-P-S1342-S1344	-0.28889172401085866	0.7490933098308401	2.2020516541819792
XRCC6-A-K94	-0.28583283343146193	0.7513882124379395	2.2004940507111086
NBN-A-K334	-0.28583283343146193	0.7513882124379395	2.1922524999593818
ATRX-P-T591-S598	0.2816874330238413	0.7545094824272571	2.1931451000404225
ATRX-P-S1244-S1245	-0.2775524967854888	0.7576357901154148	2.1940456524160155
PLK4-P-S665	0.27663896712474173	0.7583282291153557	2.187917372151341
TERF1-P-T371	0.27663896712474173	0.7583282291153557	2.1798438763131442
SMARCC1-A-K750	0.27460186576386825	0.7598745951002447	2.1762584911143037
XRCC5-A-K265	-0.27460186576386825	0.7598745951002447	2.1682868482897093
PRKDC-A-K832	0.27460186576386825	0.7598745951002447	2.1603733926390167
XRCC6-A-K516	0.27460186576386825	0.7598745951002447	2.1525174893930568
XRCC5-A-K665	0.27460186576386825	0.7598745951002447	2.1447185129822124
SMARCA4-A-K455	0.27460186576386825	0.7598745951002447	2.1369758468703632
VCP-A-K696	-0.27460186576386825	0.7598745951002447	2.1292888833924124
PARP1-A-K654	0.27460186576386825	0.7598745951002447	2.121657023595307
APEX1-A-K35	0.27460186576386825	0.7598745951002447	2.1140796770824664
PRKDC-A-K3241	-0.27460186576386825	0.7598745951002447	2.1065562618615323
RAD9A-A-K2	0.27460186576386825	0.7598745951002447	2.099086204195357
XRCC5-A-K532	0.27460186576386825	0.7598745951002447	2.0916689384561504
PRKDC-A-K3260	-0.27460186576386825	0.7598745951002447	2.0843039069827136
PRKDC-A-K3264	-0.27460186576386825	0.7598745951002447	2.076990559940669
TOP2B-A-K1422	0.27460186576386825	0.7598745951002447	2.0697283551856316
MDC1-A-K1025	0.27460186576386825	0.7598745951002447	2.0625167581292354
XRCC1-A-K169	0.27460186576386825	0.7598745951002447	2.0553552416079537
TOP2B-A-K3	0.27460186576386825	0.7598745951002447	2.048243285754639
PRKDC-A-K2752	0.27460186576386825	0.7598745951002447	2.041180377872726
NBN-A-K544	-0.27460186576386825	0.7598745951002447	2.034166012313026
YWHAG-A-K142	-0.27460186576386825	0.7598745951002447	2.02719969035305
SUMO2-A-K11	0.2743710510621787	0.7600500055711132	2.020747284436509
TIMELESS-A-K1142	0.2743710510621787	0.7600500055711132	2.013873994353392
TP53BP1-P-S598	-0.2656029674839578	0.7667434891729461	2.024722637510932
ATRX-P-S812	0.2656029674839578	0.7667434891729461	2.017882358330152
TP53BP1-P-S222	-0.2656029674839578	0.7667434891729461	2.0110881416354376
ATRX-P-S849	0.2656029674839578	0.7667434891729461	2.0043395237104864
MDC1-P-S882	0.2656029674839578	0.7667434891729461	1.9976360470425585
TP53BP1-P-S294-S310	-0.26300798348672705	0.7687357600949248	1.996150523713155
TOP2B-P-S1466	-0.2577802743351037	0.7727650097595692	1.9999466531651309
TOP2B-P-S1461-S1466	-0.2577802743351037	0.7727650097595692	1.993324313253988
TP53BP1-P-S63	0.2577802743351037	0.7727650097595692	1.98674568515744
TOP2A-P-S1106	0.2577802743351037	0.7727650097595692	1.980210337508896
ERCC4-P-S521	0.2577802743351037	0.7727650097595692	1.9737178445990307
MDC1-P-S1086	-0.2577802743351037	0.7727650097595692	1.9672677862833476
XRCC6-A-K565	-0.2545612637599317	0.7752565565043118	1.9671819463089866
MDC1-P-T1343	0.25350293184759454	0.7760774695809389	1.9628712623491928
MSH6-P-S219-S227	-0.25350293184759454	0.7760774695809389	1.9565189281668331
TP53BP1-P-S366	-0.2387914089596456	0.7875791471936819	1.9791101795608974
TOP2B-P-T1292	-0.2387914089596456	0.7875791471936819	1.9727464812343352
POLR2F-P-S2	0.23664886801764431	0.7892683767371415	1.9706412355071576
SMARCC1-A-K354	-0.22937664247583686	0.7950290354025249	1.9786824874714597
PRKDC-A-K3631	-0.22937664247583686	0.7950290354025249	1.9723809508871557
MEN1-A-K507	-0.22937664247583686	0.7950290354025249	1.9661194240589426
SUMO1-P-T76	0.22299156601822331	0.8001215974770693	1.9724516596032817
POLR2H-A-K20	0.22067304628321446	0.8019788473945443	1.9707934451746054
MGMT-A-K3	-0.22067304628321446	0.8019788473945443	1.9645959815105345
KAT5-A-K76	0.22067304628321446	0.8019788473945443	1.958437373418025
YWHAE-A-K106	0.22067304628321446	0.8019788473945443	1.9523172566260936
PARP1-A-K600	0.22067304628321446	0.8019788473945443	1.9462352714029594
TOP2B-A-K28	0.22067304628321446	0.8019788473945443	1.9401910624855587
YWHAE-A-K69	0.22067304628321446	0.8019788473945443	1.9341842790103714
MRE11-A-K416	-0.22067304628321446	0.8019788473945443	1.9282145744455246
YWHAG-A-K77	-0.22067304628321446	0.8019788473945443	1.9222816065241537
TOP2A-A-K1433	0.22067304628321446	0.8019788473945443	1.9163850371789874
SOD1-A-K31	-0.22067304628321446	0.8019788473945443	1.9105245324781344
EP300-A-K1542-K1546	0.22067304628321446	0.8019788473945443	1.9046997625620425
NBN-A-K233	-0.22067304628321446	0.8019788473945443	1.8989104015816107
ACTL6A-A-K379	-0.22067304628321446	0.8019788473945443	1.893156127637424
PRKDC-A-K520	-0.22067304628321446	0.8019788473945443	1.8874366227200905
ATRX-A-K866	0.22067304628321446	0.8019788473945443	1.8817515726516565
YWHAE-A-K142	0.22067304628321446	0.8019788473945443	1.876100667028078
PRKDC-A-K2908	0.22067304628321446	0.8019788473945443	1.8704835991627244
YWHAE-A-K153	0.22067304628321446	0.8019788473945443	1.8649000660308954
MTOR-A-K1218	0.22067304628321446	0.8019788473945443	1.8593497682153273
KAT5-P-T158	-0.21791728642542033	0.8041919565070526	1.8589481724599226
NFRKB-P-S298	0.21791728642542033	0.8041919565070526	1.8534483257958398
SMARCC1-P-S328-S330	0.21720321377566756	0.8047664130657943	1.8493009904963238
PER1-P-S592	0.21461931757407218	0.8068485347784351	1.848632378212944
XRCC6-P-S477	0.21451281174804335	0.8069344734245139	1.8434074920753556
TOP2B-P-S1400	-0.21451281174804335	0.8069344734245139	1.8380174116891705
TP53BP1-P-S512	-0.21451281174804335	0.8069344734245139	1.832658760343138
UNG-P-S14	0.21451281174804335	0.8069344734245139	1.8273312639467916
PRKDC-P-S3995	0.21451281174804335	0.8069344734245139	1.8220346515875254
TP53BP1-P-T543-S552	-0.21451281174804335	0.8069344734245139	1.8167686554846714
APBB1-P-S205	-0.21451281174804335	0.8069344734245139	1.8115330109443697
PARG-P-S291	0.21451281174804335	0.8069344734245139	1.8063274563152192
MSH6-P-S252	0.21451281174804335	0.8069344734245139	1.8011517329446884
XPC-P-S397-S398	0.21451281174804335	0.8069344734245139	1.796005585136275
TOP2A-P-S1374	0.21451281174804335	0.8069344734245139	1.7908887601073968
PER1-P-S979-S980	0.21451281174804335	0.8069344734245139	1.785801007948001
ATRX-P-S1061	-0.21451281174804335	0.8069344734245139	1.7807420815798762
SMARCA4-P-S1484	0.21451281174804335	0.8069344734245139	1.7757117367166562
TP53BP1-P-S659-S660-S662	-0.21443295311291743	0.8069989166833387	1.7708511439332981
CLK2-P-S17	0.2139662001281734	0.8073756737557899	1.766701263639776
DTL-P-S697	0.21207344093629119	0.808905288623235	1.7650902516456586
PARG-P-S286	-0.20975810301069828	0.8107803475761005	1.764239918329001
ATR-P-T1989	-0.20975810301069828	0.8107803475761005	1.7593256010077503
TP53BP1-P-S630	-0.20975810301069828	0.8107803475761005	1.7544385854493953
TP53BP1-P-S727	-0.20975810301069828	0.8107803475761005	1.74957864476948
TP53BP1-P-S1288	-0.20637320071814322	0.8135294098621909	1.7506613543719525
WRN-P-S478	0.20637320071814322	0.8135294098621909	1.7458385958199636
MDC1-P-S329	-0.20479618063955835	0.8148133742287552	1.74379016078077
CDK7-P-T170	0.20479618063955835	0.8148133742287552	1.7390126534909598
PARG-P-S286-S291	-0.20479618063955835	0.8148133742287552	1.7342612527983614
DDB2-P-T148	-0.20479618063955835	0.8148133742287552	1.7295357452975484
PARG-P-S302	0.20398312724865716	0.8154761303971887	1.7262388738570922
ATRX-P-T591	-0.20398312724865716	0.8154761303971887	1.7215607197273983
TP53BP1-P-S500	0.20394566665202907	0.8155066791917538	1.7169721705145302
ABL1-P-S180	-0.20354639200984398	0.8158323553420752	1.713028045313953
TOP2B-P-S1441	-0.20354639200984398	0.8158323553420752	1.7084231312136466
ATRX-P-S703-S706	0.20354639200984398	0.8158323553420752	1.70384290834176
ATRX-P-S849-S850	-0.20354639200984398	0.8158323553420752	1.6992871786403116
BRCA1-P-S1342	0.20354639200984398	0.8158323553420752	1.6947557461639375
XRCC5-A-K565	0.2025042623778553	0.8166830015791514	1.6920107931653166
TP53BP1-A-K1667	0.1900885045643157	0.8268859475242196	1.7086051806932816
RCHY1-P-S257	0.18896232170393748	0.827817696867402	1.7060052535971062
ABL1-P-T781	-0.18896232170393748	0.827817696867402	1.7015039204741587
SUMO1-P-S9	0.18896232170393748	0.827817696867402	1.697026278578174
TP53BP1-P-S566	-0.1886983149168322	0.8280362752096743	1.6930190508880216
XRCC1-P-T257-S266	0.1886983149168322	0.8280362752096743	1.6885870638438123
PER1-P-S645-T646	-0.18778659426845848	0.8287915572301741	1.6857144205804324
TOP2B-P-S1473	0.18637489962717288	0.8299623840607967	1.683699732248335
POLR2A-P-S1910-S1917	-0.18637489962717288	0.8299623840607967	1.679326486190547
TOP2A-A-K1422	0.18559988687006962	0.8306058648170486	1.6762745302914013
SIRT6-P-S10	0.18216440604759107	0.8334643025793241	1.677696877801792
ATRX-P-S875	0.18176921014173233	0.8337937493531032	1.6740343575929573
MDC1-P-T1384	0.1788057594962375	0.8362683208020303	1.6746864316318293
XPC-P-S397-S398-S399	-0.1788057594962375	0.8362683208020303	1.6703923638584144
TP53BP1-P-S525	-0.1788057594962375	0.8362683208020303	1.66612026062604
SMARCC1-P-S357	-0.1788057594962375	0.8362683208020303	1.6618699538387287
NBN-P-S432	-0.1788057594962375	0.8362683208020303	1.6576412771114035
RUVBL2-P-S220	0.1788057594962375	0.8362683208020303	1.6534340657481768
EP300-A-K1203	0.17708299829172505	0.8377102531175705	1.652091866274905
MAPK8-P-T183	-0.1760645589297378	0.8385638448051925	1.649599078543548
TP53BP1-P-S784	-0.17376588052356262	0.8404936505591075	1.6492306140693824
MDC1-P-S1814	0.17376588052356262	0.8404936505591075	1.6450868185566452
DBF4-P-S359	0.17165756765698958	0.84226754344037	1.6444271086216746
TP53BP1-P-S78	0.17165756765698958	0.84226754344037	1.6403160408501205
DBF4-P-S629	0.16703799847029135	0.8461674576572955	1.6438016197382375
TP53BP1-P-S639-S640	-0.1625651549436623	0.8499607092791183	1.6470631654936145
DBF4-P-S381	0.1625651549436623	0.8499607092791183	1.6429761601201813
ELL-P-S319	-0.1625651549436623	0.8499607092791183	1.6389093874466165
MDC1-P-S998	0.1625651549436623	0.8499607092791183	1.6348626976010694
RAD9A-P-S328	0.1625651549436623	0.8499607092791183	1.6308359421882588
ABL1-P-S917	0.1625651549436623	0.8499607092791183	1.6268289742713344
XPC-P-S903	0.1625651549436623	0.8499607092791183	1.6228416483540027
RAD9A-P-S375-S380-S387	0.1625651549436623	0.8499607092791183	1.6188738203629172
CHEK2-P-S303	-0.1625651549436623	0.8499607092791183	1.6149253476303247
TOP2B-P-S1522-S1524	0.1625651549436623	0.8499607092791183	1.610996088876966
MDC1-P-S376	0.15639282966876777	0.8552231673418825	1.6170360372799186
TP53BP1-P-S1067	-0.15639282966876777	0.8552231673418825	1.6131206957852942
SMARCA4-P-S1382	-0.15639282966876777	0.8552231673418825	1.6092242689838803
TOP2A-P-S4	-0.15639282966876777	0.8552231673418825	1.6053466201429554
ELL-A-K355	-0.15594717857268847	0.8556043834221736	1.6022014776102722
PTEN-P-T383-S385	-0.15436373323905273	0.856960259384976	1.600892187196394
NBN-P-S604	-0.15436373323905273	0.856960259384976	1.5970623015810914
RRM2B-P-S20	0.15436373323905273	0.856960259384976	1.5932506970427118
SMARCA4-P-S699	0.15436373323905273	0.856960259384976	1.5894572430021339
MNAT1-P-S279	0.15350241430648195	0.857698693448813	1.587048176239015
SMARCA4-P-S1602-S1607-S1618	-0.1522651846889439	0.8587605204017008	1.5852475009311018
MSH6-P-S309	-0.1522651846889439	0.8587605204017008	1.58149987090526
APBB1-P-S517	-0.1522651846889439	0.8587605204017008	1.57776991837954
ABL1-P-S16	-0.15196125610423503	0.8590215619382533	1.5745359923527045
TP53BP1-A-K1360	-0.15151555781819986	0.8594045117097655	1.5715401751687965
XRCC6-A-K338	-0.15151555781819986	0.8594045117097655	1.5678597532128977
TP53BP1-P-S724-S727	-0.1456617792821362	0.8644500286558401	1.5733798418759333
EP300-P-T887	-0.1456617792821362	0.8644500286558401	1.5697122897969684
TP53BP1-P-S993	-0.1421157714170617	0.8675208165577264	1.57162492115923
USP7-P-S963	0.1421157714170617	0.8675208165577264	1.5679784596252178
TP53BP1-P-S103	0.14109990776962322	0.8684025472018904	1.5659388524774829
POLR2A-P-S1861-S1868	0.14109990776962322	0.8684025472018904	1.56232236552026
CDK7-P-S164	0.14109990776962322	0.8684025472018904	1.5587225444015498
TOP2B-P-S1476	0.14109990776962322	0.8684025472018904	1.5551392741845347
PARG-P-S261-S264	-0.14109990776962322	0.8684025472018904	1.5515724409868639
SMARCA4-P-S1659-S1663	0.14109990776962322	0.8684025472018904	1.5480219319685873
CDC25C-P-T48	0.14109990776962322	0.8684025472018904	1.5444876353202572
TOP2B-P-S1550	0.14109990776962322	0.8684025472018904	1.5409694402511904
RAD9A-P-S375	0.1410551170745454	0.8684414444266972	1.537536102746357
XRCC1-P-S226	0.14095994404122922	0.8685241005664762	1.53419563342695
MDC1-P-T1567	0.14095994404122922	0.8685241005664762	1.5307246025820926
MDC1-P-T1526	-0.14095994404122922	0.8685241005664762	1.5272692423053837
USP7-P-S49-T54	0.14095994404122922	0.8685241005664762	1.5238294467146059
TP53BP1-P-T302	0.14095994404122922	0.8685241005664762	1.520405110879292
TP53BP1-P-S265	-0.14095994404122922	0.8685241005664762	1.516996130810056
ATRX-P-S1073	0.14095994404122922	0.8685241005664762	1.5136024034480648
XRCC5-P-S318	-0.14095994404122922	0.8685241005664762	1.510223826654654
MTOR-P-S1261	-0.13970850247471608	0.8696116881116344	1.50874722725827
TP53BP1-P-S809	-0.13960971496863936	0.8696975991249556	1.5055431771518675
PRKDC-A-K309	-0.13901755534837887	0.8702127514361401	1.5030947524806055
TOP2A-P-T1343	0.13671705459783096	0.8722169810058541	1.503223513724691
YY1-A-K351	-0.13380801684646126	0.874757987280637	1.504274772829175
UBA7-P-S485	-0.13320266102452508	0.8752876874333823	1.5018702830630062
MDC1-P-T1548	0.13221359957740797	0.8761538290031681	1.5000523797658636
ATRX-P-S92	-0.13221359957740797	0.8761538290031681	1.4967627912137456
NBN-P-S488	-0.13221359957740797	0.8761538290031681	1.493487599110433
TP53BP1-P-S1462	-0.13221359957740797	0.8761538290031681	1.4902267091560435
TOP2B-P-S1400-S1413	-0.13221359957740797	0.8761538290031681	1.4869800278724792
TP53BP1-P-S1342	-0.13221359957740797	0.8761538290031681	1.4837474625944955
ABL1-P-S683	-0.13111712651416457	0.8771150349478398	1.4821531718532912
EP300-A-K1707	0.12865801445976224	0.8792746133377138	1.4825864151300412
TOP2A-P-S1332-S1337	0.1167898842631336	0.8897721286501343	1.497046410838995
TOP3A-P-S971	0.1167898842631336	0.8897721286501343	1.4938200177121868
ATRX-P-S54	0.11575498774197553	0.8906934273728926	1.492150924566631
POLR2A-P-S1944	-0.11404520020027653	0.8922176265555578	1.4914968478257071
XRCC1-P-T453	0.11404520020027653	0.8922176265555578	1.488303064425652
PIAS4-P-T98	0.11404520020027653	0.8922176265555578	1.4851229296726058
APEX1-A-K24	-0.11380989967316807	0.8924275905347305	1.4823051024020364
MEN1-P-S492	-0.11328441085180796	0.8928966744958244	1.4799287434728665
POLR2C-P-S124	0.11119683906880821	0.8947626073553918	1.4798727624837584
ERCC4-P-S521-S524	0.11119683906880821	0.8947626073553918	1.4767374388344283
TOPBP1-P-S805	0.11119683906880821	0.8947626073553918	1.473615372367548
TOP2B-P-S1552	-0.11119683906880821	0.8947626073553918	1.4705064791768991
TP53BP1-P-S1635-T1638	-0.11119683906880821	0.8947626073553918	1.4674106760628425
PARP1-A-K108	0.11050120702482459	0.8953852494366101	1.465346868300671
SMARCC1-P-S328-S330-T335	-0.1072370320491184	0.8983127188483265	1.4670557819346883
SIRT6-P-S326-S330	-0.1072370320491184	0.8983127188483265	1.4639866275791766
ATRX-P-S1073-S1076	-0.1072370320491184	0.8983127188483265	1.4609302880643975
TP53BP1-P-S294	-0.1072370320491184	0.8983127188483265	1.4578866832975967
TOP2B-P-S1581	-0.1072370320491184	0.8983127188483265	1.4548557338520716
PIAS1-P-S503	0.1072370320491184	0.8983127188483265	1.4518373609602622
PARG-P-S197-T199	0.1072370320491184	0.8983127188483265	1.4488314865069283
POLR2A-P-S1910-S1920	0.10602374576700267	0.8994032908013678	1.4475933130873255
ATRX-P-S1253	-0.10356480866364144	0.9016175882173362	1.4481651571573295
ATRX-P-S316	0.10356480866364144	0.9016175882173362	1.445185393459475
MCM3-P-S668-S672-T674	0.09901992808705934	0.9057246584838566	1.4487874927287974
TP53BP1-P-S119	0.09459739333252938	0.9097391277858549	1.4522270093138954
MDC1-P-T1321	0.09275710427516333	0.9114148521834867	1.451926727711526
SMARCC1-P-S310	0.09275710427516333	0.9114148521834867	1.4489636119406861
TOP2B-P-S1526	0.09275710427516333	0.9114148521834867	1.4460125658878538
TP53BP1-P-S640	-0.09275710427516333	0.9114148521834867	1.4430735159571875
ATRX-A-K1274	0.09015498933886745	0.9137895466575737	1.443898695428499
MSH6-P-S252-S254-S256	-0.08873018320565673	0.9150924475783114	1.4430303981042605
MDC1-P-S299-T301	0.0882344987162074	0.9155461571500971	1.4408292048887388
TP53BP1-P-S349	-0.0882344987162074	0.9155461571500971	1.4379243072982373
PRKDC-P-T2603	-0.0882344987162074	0.9155461571500971	1.4350310994364701
PARP1-A-K633	0.08785903375472258	0.9158899771948799	1.4326873338048423
EP300-A-K1583	0.08785903375472258	0.9158899771948799	1.4298162169034296
POLR2A-P-S1882	-0.08456911812419723	0.9189081399748796	1.4316588820808624
XRCC6-P-S27	-0.08391932783133262	0.9195054316004037	1.4297300024285717
TTK-P-S455	0.08391932783133262	0.9195054316004037	1.4268819346946504
TOP2B-P-S1454	-0.08282035423667121	0.9205164992564493	1.4256110396039245
TOP2A-P-S1377	0.08282035423667121	0.9205164992564493	1.4227824462713772
RBBP8-P-S593	-0.08136686867180581	0.9218554295225251	1.422030454649598
ATRX-P-T977-S978	-0.08136686867180581	0.9218554295225251	1.4192201177827017
TP53BP1-P-S1631	-0.0803320568895225	0.9228098701305795	1.4178873546976754
VCP-P-S7	-0.0803320568895225	0.9228098701305795	1.4150962378577192
TFPT-P-S252	0.0803320568895225	0.9228098701305795	1.412316088078038
USP7-P-S18	0.0803320568895225	0.9228098701305795	1.4095468408465126
MDC1-P-S168	-0.0803320568895225	0.9228098701305795	1.4067884321560105
TOP2B-P-S1522-S1524-S1526	-0.0803320568895225	0.9228098701305795	1.4040407984994558
TOP2A-P-S1332-S1337-T1343	-0.0803320568895225	0.9228098701305795	1.401303876864954
TP53BP1-P-S398	0.0803320568895225	0.9228098701305795	1.3985776047309755
RAD9A-P-S336-S341-T355	0.0803320568895225	0.9228098701305795	1.395861920061595
ATRX-P-S675-S677	-0.0803320568895225	0.9228098701305795	1.3931567613017857
NFRKB-P-S347-S351	-0.0803320568895225	0.9228098701305795	1.3904620673727686
TERF1-P-S365-S367-T371	-0.0803320568895225	0.9228098701305795	1.3877777776674158
MDC1-P-T1198	0.0803320568895225	0.9228098701305795	1.3851038320457059
TFPT-P-S167	0.0803320568895225	0.9228098701305795	1.3824401708302334
TFPT-P-S180	-0.0803320568895225	0.9228098701305795	1.3797867348017685
TOP2B-P-S1522	0.0803320568895225	0.9228098701305795	1.3771434651948686
TP53BP1-P-S862	0.0803320568895225	0.9228098701305795	1.37451030369354
TOP2A-P-S1332	-0.0803320568895225	0.9228098701305795	1.3718871924269491
PARG-P-S133	-0.0803320568895225	0.9228098701305795	1.3692740739651836
VCP-P-S13	0.07672105577353597	0.92614816126054	1.3716148623991649
TOPBP1-P-S888	0.07672105577353597	0.92614816126054	1.3690121776507793
TP53BP1-P-S208	0.07672105577353597	0.92614816126054	1.3664193515567438
DDB2-P-S24-S26	-0.076307492897096	0.9265312609705693	1.3644004769301956
XRCC1-P-S461	-0.07598050475057834	0.9268342752486234	1.36227151022392
TOP2B-P-T1317	0.07292880114381621	0.9296670188978561	1.3638617847861203
PER1-P-S704	-0.07292880114381621	0.9296670188978561	1.361298134814718
POLA1-P-T412	-0.07292880114381621	0.9296670188978561	1.3587441045430204
PRKDC-A-K1051	-0.07119287052143018	0.9312822579103945	1.3585559530190963
EP300-A-K1542	0.06859030924778108	0.9337091337263411	1.3595503087342424
SMARCC1-A-K854	-0.06183062892339365	0.9400420892492739	1.3662178871738515
PLK1-P-T210	-0.06170426838692502	0.9401608809771097	1.3638460452163286
XRCC5-P-S695	-0.06170426838692502	0.9401608809771097	1.3613110153925063
MDC1-P-S453	0.061112789261067474	0.9407171310020779	1.3595893229139493
MCM3-P-S672-T674-S681	0.06040386139250753	0.9413842680407557	1.358033971858794
SOX4-P-S354	0.06040386139250753	0.9413842680407557	1.3555237427056352
XRCC6-P-S324	0.06040386139250753	0.9413842680407557	1.3530227763906801
VCP-P-S770	-0.06040386139250753	0.9413842680407557	1.350531021738027
SMARCC1-P-S816	-0.06040386139250753	0.9413842680407557	1.3480484279480673
PTEN-P-S385	0.057172527772315275	0.9444311147134992	1.3499299786455337
TP53BP1-P-T591	-0.057172527772315275	0.9444311147134992	1.347457579417245
TOP2B-P-S1457-S1461-S1466	0.05713705525613428	0.9444646166556933	1.345041931215329
XPC-P-S883-S884	-0.05713705525613428	0.9444646166556933	1.342587475136469
SMARCA4-P-T1455	-0.05713705525613428	0.9444646166556933	1.3401419606098088
POLR2A-P-T1903	0.048653175696381265	0.9525114265299048	1.3491025477578107
TCEA1-P-S135	0.04840572319250528	0.9527471570322188	1.3469873599421025
EP300-P-S12	0.04840572319250528	0.9527471570322188	1.3445471654494539
TOP1-P-S394	-0.04840572319250528	0.9527471570322188	1.3421157962533425
YWHAG-A-K10	0.04840459557955639	0.9527482313628558	1.3396947152196113
PARP1-A-K662	-0.04840459557955639	0.9527482313628558	1.3372808508678642
SUMO2-A-K33	-0.04840459557955639	0.9527482313628558	1.3348756694814112
EP300-A-K1558-K1560	-0.04840459557955639	0.9527482313628558	1.3324791242938325
TOP2B-P-S1550-S1552	0.04483049485731032	0.9561595420573017	1.3348535542341182
ATRX-P-S729	-0.043250101591378674	0.9576718448605425	1.3345731075963552
TOP2B-A-K1318	0.03640156693175785	0.9642530036068271	1.3413448032316397
POLR2A-P-S1910	0.0354140413423441	0.9652056984504035	1.3402767185256048
SMARCC1-P-T398	0.0354140413423441	0.9652056984504035	1.3378918845068761
KAT5-P-S190	0.0354140413423441	0.9652056984504035	1.3355155223674322
MDC1-P-S495-S498	0.0354140413423441	0.9652056984504035	1.3331475870440856
ATRX-P-S784	-0.0354140413423441	0.9652056984504035	1.3307880337926803
XRCC6-P-S6	-0.0354140413423441	0.9652056984504035	1.3284368181852728
SMARCC1-P-S350	0.0354140413423441	0.9652056984504035	1.3260938961073445
WEE1-P-S270	0.0354140413423441	0.9652056984504035	1.3237592237550428
VCP-P-S718	-0.0354140413423441	0.9652056984504035	1.3214327576324505
MDC1-P-T1485	-0.0354140413423441	0.9652056984504035	1.3191144545488849
CDT1-P-S318	0.0354140413423441	0.9652056984504035	1.3168042716162247
TP53BP1-P-S1114	-0.0354140413423441	0.9652056984504035	1.3145021662462664
POLR2A-P-S1845	-0.0354140413423441	0.9652056984504035	1.3122080961481053
TOP2B-P-S1336-S1340	0.0354140413423441	0.9652056984504035	1.3099220193255476
EP300-P-T1906-T1909	-0.0354140413423441	0.9652056984504035	1.3076438940745467
CDA-A-K11	-0.034390699159267915	0.9661939397252222	1.3067102066769933
XRCC5-A-K648	0.034390699159267915	0.9661939397252222	1.3044455442737402
USP7-A-K914	-0.034390699159267915	0.9661939397252222	1.3021887180725746
ACTL6A-A-K62	0.034390699159267915	0.9661939397252222	1.299939687471413
XRCC5-A-K347	-0.034390699159267915	0.9661939397252222	1.2976984121481865
EP300-A-K1340	0.034390699159267915	0.9661939397252222	1.2954648520584304
EP300-P-T1906	-0.03105037640388241	0.9694267356131407	1.2975660258464545
MDC1-P-T1302	-0.030042112654236112	0.9704046663718175	1.2966470584968195
NFRKB-A-K1249	-0.029750505445465997	0.9706876846310325	1.2948042916568052
TOP1-A-K106	-0.029750505445465997	0.9706876846310325	1.2925909509873066
ATRX-A-K967	0.029750505445465997	0.9706876846310325	1.290385164381526
YWHAE-A-K78	0.029750505445465997	0.9706876846310325	1.288186893232665
NFRKB-A-K1095	0.029750505445465997	0.9706876846310325	1.2859960991965549
XRCC6-A-K468	0.029750505445465997	0.9706876846310325	1.28381274418943
EP300-A-K14	0.029750505445465997	0.9706876846310325	1.281636790385719
YWHAG-A-K69	-0.029750505445465997	0.9706876846310325	1.2794682002158617
SUMO2-A-K45	0.029750505445465997	0.9706876846310325	1.2773069363641458
SOD1-A-K10	-0.029750505445465997	0.9706876846310325	1.2751529617665671
PARP1-A-K134	0.029750505445465997	0.9706876846310325	1.273006239608711
EP300-A-K636	0.029750505445465997	0.9706876846310325	1.2708667333236543
EP300-A-K1554-K1555	0.029750505445465997	0.9706876846310325	1.2687344065898898
VCP-A-K502	0.029750505445465997	0.9706876846310325	1.2666092233292703
TOP2B-A-K221	-0.029750505445465997	0.9706876846310325	1.2644911477049738
XPC-P-S94	-0.028563052209533014	0.971841015490938	1.2638800518655104
PIAS1-P-S488	-0.028563052209533014	0.971841015490938	1.2617735851124012
ABL1-P-S569	0.028563052209533014	0.971841015490938	1.2596741282320145
TP53BP1-P-S771	-0.028563052209533014	0.971841015490938	1.2575816462914298
XRCC1-P-S485	-0.028563052209533014	0.971841015490938	1.255496104589454
XRCC1-P-S266	-0.028563052209533014	0.971841015490938	1.2534174686547033
RRM2B-P-S329	0.028563052209533014	0.971841015490938	1.2513457042437037
TP53BP1-P-S552	-0.028563052209533014	0.971841015490938	1.249280777339011
TP53BP1-P-S1101-S1104	-0.028563052209533014	0.971841015490938	1.2472226541473488
MTOR-P-S2478	0.028563052209533014	0.971841015490938	1.2451713010977645
ABL1-P-T852	0.028563052209533014	0.971841015490938	1.2431266848398042
XRCC1-P-S461-S485	0.028563052209533014	0.971841015490938	1.241088772241706
PARG-P-S261	-0.028563052209533014	0.971841015490938	1.2390575303886102
PRKDC-P-S2695	0.028563052209533014	0.971841015490938	1.2370329265807856
WEE1-P-S127	0.028563052209533014	0.971841015490938	1.2350149283318772
MAPK8-P-Y185	0.028563052209533014	0.971841015490938	1.2330035033671674
WEE1-P-S139	0.028563052209533014	0.971841015490938	1.230998619621855
MDC1-P-T1466	-0.028563052209533014	0.971841015490938	1.2290002452393518
MNAT1-P-T51	0.028563052209533014	0.971841015490938	1.2270083485695962
MSH6-P-S252-S254	0.028563052209533014	0.971841015490938	1.2250228981673799
MDC1-P-S402	-0.028563052209533014	0.971841015490938	1.2230438627906959
NBN-P-S347	-0.028563052209533014	0.971841015490938	1.221071211399098
ABL1-P-Y393	0.028563052209533014	0.971841015490938	1.2191049131520786
SIRT6-P-S326	0.028563052209533014	0.971841015490938	1.217144937407461
RAD9A-P-S375-S380	0.028563052209533014	0.971841015490938	1.2151912537198086
MPG-P-T67	0.028563052209533014	0.971841015490938	1.2132438318388474
YWHAE-P-S233	0.028563052209533014	0.971841015490938	1.2113026417079051
POLA1-P-T225	-0.028563052209533014	0.971841015490938	1.2093676534623654
SIRT6-P-S338	-0.028062601429624492	0.9723274958046605	1.2080432523633662
MSH6-P-S274-S275-S285	0.028050415297165527	0.9723393447885144	1.2061343146341603
ATRX-P-S92-S112	0.025325522336777047	0.9749924785353367	1.2075026085517127
TP53BP1-P-T1638	-0.025325522336777047	0.9749924785353367	1.2055859377444877
TOP2A-P-S1374-S1377	0.025325522336777047	0.9749924785353367	1.203675341963593
TOP2B-P-S1613	0.025325522336777047	0.9749924785353367	1.2017707923718786
ATR-P-S435-S436	-0.025325522336777047	0.9749924785353367	1.199872260314419
SMARCC1-P-S822-S825	-0.025325522336777047	0.9749924785353367	1.1979797173170776
TOP2B-P-S1236	-0.025325522336777047	0.9749924785353367	1.1960931350850823
TOP2B-P-S1466-S1476	-0.025325522336777047	0.9749924785353367	1.1942124855016152
MTOR-P-S2448	0.025325522336777047	0.9749924785353367	1.1923377406264164
TCEA1-P-S81	-0.025325522336777047	0.9749924785353367	1.1904688726944
MSH6-P-S261	0.025325522336777047	0.9749924785353367	1.1886058541142837
EP300-P-S2309	0.025325522336777047	0.9749924785353367	1.1867486574672301
ATRX-P-S598	-0.025325522336777047	0.9749924785353367	1.1848972555055026
ATRX-P-S1012-S1013	0.025325522336777047	0.9749924785353367	1.1830516211511328
MDC1-P-S372-S376	0.025325522336777047	0.9749924785353367	1.181211727494599
MGMT-P-S201	0.025325522336777047	0.9749924785353367	1.1793775477935204
SMARCA4-P-S1659	0.025325522336777047	0.9749924785353367	1.1775490554713601
ABL1-P-Y185	-0.025325522336777047	0.9749924785353367	1.1757262241161412
TP53BP1-P-S124-S127	-0.025325522336777047	0.9749924785353367	1.1739090274791766
YWHAE-P-S210	-0.025325522336777047	0.9749924785353367	1.1720974394738075
TP53BP1-P-S1634	-0.02413729109087692	0.9761516836283164	1.1716828375138035
ATRX-P-S962	-0.02413729109087692	0.9761516836283164	1.169880248533013
ATRX-P-S731	0.02413729109087692	0.9761516836283164	1.1680831974599977
RBBP8-P-T315	-0.02413729109087692	0.9761516836283164	1.1662916588135865
NFRKB-P-S351	0.02413729109087692	0.9761516836283164	1.164505607268696
XPC-P-S515	-0.02413729109087692	0.9761516836283164	1.1627250176551354
TP53BP1-P-S999-S1002	-0.02413729109087692	0.9761516836283164	1.1609498649564252
MDC1-P-S1775	0.02413729109087692	0.9761516836283164	1.1591801243086257
EP300-P-S2326-S2328	0.02413729109087692	0.9761516836283164	1.1574157709991757
TOP2B-P-S1375	-0.02413729109087692	0.9761516836283164	1.1556567804657423
ABL1-P-T814	0.02413729109087692	0.9761516836283164	1.1539031282950811
TP53BP1-P-S1430	-0.02413729109087692	0.9761516836283164	1.1521547902219067
TOP2B-P-S1441-S1452	-0.02413729109087692	0.9761516836283164	1.1504117421277738
TFPT-P-S249-S252	-0.02413729109087692	0.9761516836283164	1.1486739600399676
DTL-P-T516	-0.02413729109087692	0.9761516836283164	1.146941420130405
MDC1-P-S485	0.02413729109087692	0.9761516836283164	1.1452140987145458
PIAS1-P-T480	-0.02413729109087692	0.9761516836283164	1.1434919722503134
MSH6-P-S274-S275	-0.02413729109087692	0.9761516836283164	1.1417750173370247
SMARCA4-P-S1449	-0.02413729109087692	0.9761516836283164	1.1400632107143305
EP300-P-S1726	-0.02413729109087692	0.9761516836283164	1.1383565292611655
ATRX-P-S677	0.02413729109087692	0.9761516836283164	1.1366549499947063
POLR2A-P-S1861	-0.02413729109087692	0.9761516836283164	1.134958450069341
SMARCA4-P-S695	0.02413729109087692	0.9761516836283164	1.133267006775646
TERF2-A-K297	-0.023545716203940525	0.9767293212913133	1.132250210246924
SOD1-A-K137	-0.023545716203940525	0.9767293212913133	1.130567817661119
XRCC6-A-K287	0.023545716203940525	0.9767293212913133	1.1288904173381795
MRE11-A-K673	-0.023545716203940525	0.9767293212913133	1.1272179870902712
TOP2B-A-K37	0.023545716203940525	0.9767293212913133	1.1255505048608476
UBA7-A-K429	0.023545716203940525	0.9767293212913133	1.1238879487236824
TOP1-A-K134	-0.023545716203940525	0.9767293212913133	1.1222302968819071
TOP2B-A-K1322	0.023545716203940525	0.9767293212913133	1.1205775276670589
RUVBL1-A-K171	-0.023545716203940525	0.9767293212913133	1.1189296195381369
YWHAE-A-K50	0.023545716203940525	0.9767293212913133	1.1172865510806653
EP300-A-K1180	0.023545716203940525	0.9767293212913133	1.115648301005767
PRKDC-A-K2359	-0.023545716203940525	0.9767293212913133	1.1140148481492431
PRKDC-A-K3455	-0.023545716203940525	0.9767293212913133	1.1123861714706622
EP300-A-K1546	0.023545716203940525	0.9767293212913133	1.110762250052457
ATRX-A-K448	-0.023545716203940525	0.9767293212913133	1.1091430630990278
RUVBL1-A-K2	0.023545716203940525	0.9767293212913133	1.107528589935856
SUMO2-A-K21	0.023545716203940525	0.9767293212913133	1.1059188100086237
EP300-A-K1704	-0.023545716203940525	0.9767293212913133	1.104313702882341
YWHAE-A-K118	-0.023545716203940525	0.9767293212913133	1.1027132482404827
XRCC6-A-K392	-0.023545716203940525	0.9767293212913133	1.1011174258841288
POLG2-A-K288	0.023545716203940525	0.9767293212913133	1.0995262157311172
XRCC6-A-K591	0.023545716203940525	0.9767293212913133	1.0979395978151991
XRCC5-A-K702	0.023545716203940525	0.9767293212913133	1.096357552285206
TOP2B-A-K1209	-0.023545716203940525	0.9767293212913133	1.09478005940422
RRM1-A-K496	-0.023545716203940525	0.9767293212913133	1.0932070995487544
TOP2B-A-K1481	0.023545716203940525	0.9767293212913133	1.0916386532079383
TOP2B-A-K1485	0.023545716203940525	0.9767293212913133	1.090074700982712
SOD1-A-K92	0.023545716203940525	0.9767293212913133	1.0885152235850257
VCP-A-K109	-0.023545716203940525	0.9767293212913133	1.0869602018370472
SMARCA4-P-S695-S699	-0.0225882256208391	0.9776649782885874	1.0864493838613547
NFRKB-P-S1291	0.0225882256208391	0.9776649782885874	1.0849017351663954
MSH6-P-S137	0.0225882256208391	0.9776649782885874	1.0833584894549213
SMARCC1-P-S830	0.021628108932081377	0.9786041015120539	1.0828587998265482
POLR2A-P-S1875-S1882	-0.021322678015132705	0.9789030431107878	1.0816531497635513
TOP2A-P-S1213	-0.021322678015132705	0.9789030431107878	1.0801210631491553
RBBP8-P-S568	-0.021322678015132705	0.9789030431107878	1.078593310584588
XRCC1-P-S461-S485-T488	-0.021322678015132705	0.9789030431107878	1.0770698737052313
PER1-P-S645	0.021322678015132705	0.9789030431107878	1.0755507342500759
POLR2A-P-S1875	-0.021322678015132705	0.9789030431107878	1.0740358740609912
TP53BP1-P-S1460-S1462	0.021322678015132705	0.9789030431107878	1.0725252750820025
SUMO1-A-K16	-0.020336459005651703	0.9798689321111015	1.0720756995990843
PRKDC-A-K1612	-0.020336459005651703	0.9798689321111015	1.0705720871171782
MRE11-P-S676	-0.017848346822615744	0.9823099914943385	1.0717359711121703
MSH6-P-S200	-0.017848346822615744	0.9823099914943385	1.0702370396840415
MTOR-P-S2478-S2481	-0.017848346822615744	0.9823099914943385	1.068742295215209
TOP2B-P-S1424	-0.012019517771385206	0.9880524280923252	1.0734907133666964
TOP2B-P-S1413	-0.012019517771385206	0.9880524280923252	1.0719956009525367
PARG-P-S197	-0.012019517771385206	0.9880524280923252	1.0705046474046194
POLR2A-P-S1857	0.012019517771385206	0.9880524280923252	1.0690178353943351
MEN1-P-S548	0.012019517771385206	0.9880524280923252	1.0675351476892114
SMARCA4-P-S1449-S1453	0.012019517771385206	0.9880524280923252	1.0660565671522457
ATRX-P-S978	-0.01086334798411866	0.989195445091456	1.0658136261773778
TOP2B-P-S1452	0.01086334798411866	0.989195445091456	1.064341507909177
XRCC6-P-S560	-0.01086334798411866	0.989195445091456	1.0628734506568884
RECQL4-P-S251	-0.01086334798411866	0.989195445091456	1.0614094376394547
TOP2B-P-S1400-T1403-S1413	-0.01086334798411866	0.989195445091456	1.0599494521681487
RUVBL2-A-K427	-0.010434606165225641	0.9896196454755493	1.0589473953646331
CDK7-P-S321	0.00944983369885444	0.9905946756672401	1.0585366973179424
NFRKB-A-K1191	0.009331590329638425	0.9907118138444884	1.0572116479244609
TOP2B-P-S1342	-0.008756712738944229	0.9912815156038012	1.0563725043164995
VCP-P-S3	0.008243372721035775	0.9917905107073739	1.0554710489631751
TP53BP1-P-S1618	0.008243372721035775	0.9917905107073739	1.0540311157449445
TP53BP1-P-S127	-0.008243372721035775	0.9917905107073739	1.052595106050469
MCM4-P-T19	-0.008243372721035775	0.9917905107073739	1.0511630038653663
TP53BP1-P-T1609	0.008243372721035775	0.9917905107073739	1.0497347932622885
PER1-P-S830	0.008243372721035775	0.9917905107073739	1.0483104584003313
RAD9A-P-S336-T355	0.008243372721035775	0.9917905107073739	1.0468899835244503
BARD1-P-T299	0.008243372721035775	0.9917905107073739	1.0454733529648772
TP53BP1-P-S782	0.008243372721035775	0.9917905107073739	1.0440605511365464
TOP2B-P-S1457	0.008243372721035775	0.9917905107073739	1.0426515625385213
MSH6-P-S227	0.008243372721035775	0.9917905107073739	1.0412463717534288
MSH6-P-S219	-0.008243372721035775	0.9917905107073739	1.0398449634468967
SMARCC1-P-S330	-0.008243372721035775	0.9917905107073739	1.038447322366995
RECQL4-P-S89	0.008243372721035775	0.9917905107073739	1.0370534333436836
ATRX-P-S594	0.008243372721035775	0.9917905107073739	1.0356632812882631
PRKDC-P-T2603-S2612	-0.008243372721035775	0.9917905107073739	1.0342768511928304
MSH6-P-S14	-0.008243372721035775	0.9917905107073739	1.0328941281297384
PIAS1-P-S510	0.008243372721035775	0.9917905107073739	1.0315150972510605
TTK-P-S281	-0.008243372721035775	0.9917905107073739	1.030139743788059
SMARCC1-P-S822	-0.008243372721035775	0.9917905107073739	1.0287680530506582
NFRKB-P-T1035	0.008243372721035775	0.9917905107073739	1.0274000104269205
XRCC5-P-S341	0.008243372721035775	0.9917905107073739	1.026035601382529
TFPT-P-T207	0.008243372721035775	0.9917905107073739	1.0246748114602708
PRKDC-A-K2829	-0.007755383702234963	0.992274611693926	1.023817115906713
KAT5-A-K104	-0.007755383702234963	0.992274611693926	1.022462860462392
SUMO2-A-K42	-0.007755383702234963	0.992274611693926	1.0211121829716887
XRCC1-A-K431	0.007755383702234963	0.992274611693926	1.019765069273837
WRN-A-K493	-0.007755383702234963	0.992274611693926	1.0184215052826988
TOP2B-A-K1429	0.007755383702234963	0.992274611693926	1.0170814769862742
TCEA1-A-K265	-0.006276155670503239	0.9937434982559672	1.0172486007114303
RBBP8-P-S549	-0.005661850828490808	0.9943541472417752	1.0165379011828648
AURKA-P-S10	0.003465420707538695	0.9965405769326856	1.0174378891619424
ATRX-P-S213	0.003465420707538695	0.9965405769326856	1.0161061641761284
MDC1-P-T1157	-8.677219126530627E-4	0.9991326544491388	1.0174174350534366
TOP2B-P-T1403	-8.677219126530627E-4	0.9991326544491388	1.01608921385885
MDC1-P-S108	8.677219126530627E-4	0.9991326544491388	1.0147644560832842
ATRX-P-T674-S675-S677	-8.677219126530627E-4	0.9991326544491388	1.0134431481977593
MDC1-P-S780	-8.677219126530627E-4	0.9991326544491388	1.012125276743666
TP53BP1-P-S316	-8.677219126530627E-4	0.9991326544491388	1.0108108283323105
TCEA1-P-S57	-8.677219126530627E-4	0.9991326544491388	1.0094997896444606
CLK2-P-S142	-8.677219126530627E-4	0.9991326544491388	1.0081921474298952
POLR2A-P-S1966	-8.677219126530627E-4	0.9991326544491388	1.0068878885069588
ELL-P-S442	8.677219126530627E-4	0.9991326544491388	1.0055869997621176
ORC1-P-S273	-8.677219126530627E-4	0.9991326544491388	1.0042894681495214
MDC1-P-T1444	-8.677219126530627E-4	0.9991326544491388	1.0029952806905658
TP53BP1-P-S1362	-8.677219126530627E-4	0.9991326544491388	1.0017044244734608
WEE1-P-S165	8.677219126530627E-4	0.9991326544491388	1.000416886652801
ATRX-P-S889	1.498502929193757E-4	0.999850160934075	0.999850160934075

Data type: org.panda.causalpath.data.ProteinData
Row ID	Change amount	P-value	Q-value
MLH1-G	-58.03647534782268	6.238483163269236E-26	9.54487923980193E-24
MRE11-G	-33.59548019190615	2.5684335591051576E-15	1.9648516727154455E-13
PMS2-G	-29.47787767979514	1.5773220896357525E-13	8.044342657142338E-12
RRM1-G	21.382670117935394	5.171593243861353E-10	1.9781344157769674E-8
NBN-G	-15.793972844427389	1.3828171156653545E-7	4.231420373935985E-6
MCM7-G	10.23719904723885	3.58130198669931E-5	9.132320066083241E-4
MCM5-G	9.245236335246613	9.657058799129937E-5	0.002110757137524115
TOP3A-G	8.978327028891956	1.261136556167356E-4	0.002411923663670068
MCM3-G	8.645802977179748	1.7586340412571573E-4	0.0029896778701371672
MCM4-G	8.625999452586305	1.7938083316608865E-4	0.002744526747441156
MCM6-G	8.134138176441413	2.933517443085794E-4	0.003740234739934388
RFC2-G	8.134138176441413	2.933517443085794E-4	0.004080256079928423
MCM2-G	7.976500830527498	3.434390739223191E-4	0.004042013716162678
RRM2-G	7.340596181384583	6.486636844297229E-4	0.007088967408410543
RFC3-G	7.074790307336119	8.461699708767938E-4	0.008630933702943296
ATM-G	-6.967974901565986	9.415577235349157E-4	0.00900364573130263
FANCI-G	6.527562110771779	0.0014625670836149695	0.013163103752534724
PARP1-G	6.12944256265457	0.002177794606462285	0.01851125415492942
FEN1-G	6.096028745144912	0.002251792428223386	0.018132854816746213
CDK1-G	5.185799301122522	0.005595462368059472	0.042805287115654955
SMUG1-G	-4.4846804510528795	0.011280491614086062	0.08218643890262703
TYMS-G	4.4846804510528795	0.011280491614086062	0.07845069167978035
FANCD2-G	4.4846804510528795	0.011280491614086062	0.07503979204152902
PCNA-G	4.39353475542953	0.012356973054732722	0.0787757032239211
VCP-G	-4.314685117570386	0.013370759040428178	0.08182904532742045
DHFR-G	4.141148207499181	0.01590457925917791	0.0935923317943931
POLA1-G	3.8137545603393823	0.022065178195921797	0.12503600977689017
HLTF-G	3.7946680288712487	0.022490370731356634	0.12289381149634161
POLD1-G	3.787036990200378	0.022662652127092234	0.11956502673948662
CCNA2-G	3.4808642132999155	0.030780798359570004	0.15698207163380704
KPNA2-G	3.43629366256829	0.03218374837895214	0.1588423710316025
MCM8-G	3.285778863727458	0.03741143533306235	0.17887342518620436
POLE3-G	3.193868914652373	0.041012888227907315	0.19015066360211574
PRKDC-G	-3.116589131491658	0.04430803986994224	0.19938617941474007
ATRX-G	-2.862449096201816	0.057128675173172244	0.2497339228998672
SUMO2-G	-2.4773648677325655	0.08396419107690846	0.35684781207686095
TIMELESS-G	2.465765027068256	0.08494383317631182	0.3512542290804246
POLK-G	2.3686663455697494	0.09360548043377748	0.37688522385178824
POLR2H-G	2.2747100063866608	0.10282672320504112	0.4033971448813152
PARG-G	-2.2723880663759157	0.10306575809276511	0.39422652470482655
CDK2-G	2.1567306893110296	0.11570277168124819	0.43176887968856037
CHEK1-G	1.9666272863662988	0.13992799832241387	0.5097377081745077
USP7-G	-1.709946655493123	0.18087544107098388	0.6435800577641985
TDG-G	1.4731884114683138	0.2291935555993064	0.7969685001521337
TOP2A-G	1.4279702843482782	0.23979514458845497	0.8153034916007469
RCHY1-G	1.3208607018715621	0.26690547703105183	0.8877508257771941
RECQL4-G	1.234373334821167	0.2910170755049027	0.9086859704540838
DTL-G	1.234373334821167	0.2910170755049027	0.9276169281718772
DDB2-G	1.234373334821167	0.2910170755049027	0.9473534585585129
GTF2H1-G	-1.1874916303334089	0.30498532132583167	0.9332550832570449
YY1-G	1.180331238574934	0.30717697288494533	0.903809170219166
YWHAE-G	1.180331238574934	0.30717697288494533	0.9215309186548359
KDM4B-G	1.107517425232903	0.3303781322423351	0.9537330987373069
ACTL6A-G	-1.1048244582486149	0.33126902868374236	0.9385955812706034
POLR2A-G	1.0819739829142478	0.3389258310798371	0.9428300391857286
RAD51-G	1.0717827226411318	0.34239757310253927	0.935479083655152
TCEA1-G	1.0686828057729474	0.34346062394836885	0.9219206221772006
SUMO1-G	-0.9899692992328925	0.37158809888661354	0.9802237780974461
EP300-G	0.9026419188575168	0.40549695331523694	1.051542946732733
RRM2B-G	-0.8730754641917314	0.4176650580526798	1.0650458980343334
MSH2-G	-0.8548353140861084	0.4253532350007253	1.0668695894280487
CLK2-G	-0.8459394433262292	0.42915400291172257	1.059041329766025
POLB-G	-0.7710965924636424	0.462505609958305	1.1232279098987408
CHEK2-G	0.7505725327015188	0.47209618484708255	1.1112417889477482
WEE1-G	0.7505725327015188	0.47209618484708255	1.1286049419000568
ERCC1-G	0.7252918170145487	0.48418325542542634	1.1224248193953066
UBA7-G	-0.6837667194404735	0.5047122977686663	1.1356026699794992
BLM-G	-0.6837667194404735	0.5047122977686663	1.1191446602696513
TP53BP1-G	-0.6837667194404735	0.5047122977686663	1.1525519635612826
MPG-G	0.6499189733977538	0.5220880780702665	1.1411353706392966
GMNN-G	0.6359231168770446	0.5294465216459736	1.109661887833342
ERCC2-G	-0.6359231168770446	0.5294465216459736	1.1250738584976938
ABL1-G	-0.6359231168770446	0.5294465216459736	1.14091996918076
WRN-G	0.625102966653729	0.5352063172781841	1.1065752235616508
RBBP8-G	-0.6243205838792605	0.5356252173303336	1.0926754433538806
MSH6-G	-0.5784683243787805	0.5607566063485193	1.1288915890963613
MNAT1-G	0.5370051322168925	0.5844961223540119	1.1614013859761536
PTEN-G	-0.513540255510716	0.5983734297217012	1.1737324967617984
APEX1-G	-0.47984662287280266	0.6188783063038039	1.198587099550405
TP53-G	-0.46586566546370567	0.6275915856095434	1.1854507728180266
TFPT-G	-0.46586566546370567	0.6275915856095434	1.2002689074782518
CDK4-G	0.45177316725939914	0.6364985320578314	1.1876131146932707
BARD1-G	0.4375774447420378	0.645598526280465	1.190079211095315
PCLAF-G	0.42728239328291995	0.6522793269166207	1.1880802025981307
MAPK8-G	0.42728239328291995	0.6522793269166207	1.1741027884499173
RUVBL2-G	0.4022548211115323	0.668810296991022	1.1898601795305392
POLR2F-G	-0.4022548211115323	0.668810296991022	1.1761836257428318
APBB1-G	-0.4013983982702621	0.6693833267487039	1.1638141930971784
TERF2-G	0.39055845500904585	0.6766788742530814	1.163279413041814
UBE2I-G	-0.3851409117306674	0.6803547594830424	1.1438931670429173
HRAS-G	0.3851409117306674	0.6803547594830424	1.156603091121172
CDK7-G	0.3851409117306674	0.6803547594830424	1.131459545662016
CDA-G	0.36453278373295867	0.6945210666260506	1.1425991741267283
MTOR-G	-0.33183378990376433	0.7176065864025511	1.1680192310594715
DDX11-G	-0.33183378990376433	0.7176065864025511	1.1557242917851613
PIAS1-G	-0.33183378990376433	0.7176065864025511	1.13189492494423
MDC1-G	0.33183378990376433	0.7176065864025511	1.1436854970790657
POLR2B-G	0.3040301180444669	0.7378386438588572	1.1519317603102568
TTK-G	-0.299775888805521	0.7409842649435406	1.14515750036729
POLR2G-G	0.28012766795068783	0.755687258253328	1.156201505127592
PER1-G	-0.28012766795068783	0.755687258253328	1.1447539654728633
BABAM2-G	-0.27281208883291425	0.7612358189010839	1.141853728351626
CCNH-G	-0.27281208883291425	0.7612358189010839	1.1307677698239402
SOD1-G	0.26921698558141766	0.7639774655672648	1.1239283868441492
COPS5-G	0.26921698558141766	0.7639774655672648	1.113224306969443
ERCC3-G	0.25779380649864986	0.7727545526478282	1.1153910052369596
GTF2H5-G	-0.2465985611887601	0.7814543366728517	1.117406668326601
POLR2L-G	0.24343213274039927	0.78393267758947	1.1105712932517493
UNG-G	0.22895523973707657	0.7953641334160889	1.1164285542446017
YWHAG-G	-0.2041862316972096	0.815310520386051	1.13402281471878
PIAS3-G	0.20007748684155274	0.8186673146756962	1.1284333256340677
BRCA2-G	0.18722697284166717	0.8292554965470271	1.1328222408187067
MGMT-G	-0.14806472853253524	0.8623752928482231	1.1676408832369747
TOPBP1-G	0.1322067416526689	0.8761598376207905	1.1656735230954864
ELL-G	-0.1322067416526689	0.8761598376207905	1.1758987294384293
XRCC5-G	-0.1262565977579622	0.8813886554116858	1.1625212437757582
XPA-G	0.11040100548239246	0.895474972914815	1.171005733811681
XRCC6-G	-0.08396477846948079	0.9194636404414813	1.192185906674124
TOP2B-G	0.07544903147253092	0.9273269938208759	1.1922775634839833
POLR2C-G	0.07544903147253092	0.9273269938208759	1.1823419171216167
SMARCC1-G	0.07043522530870966	0.9319881068125481	1.1784643003497508
XRCC1-G	0.07043522530870966	0.9319881068125481	1.168804756904261
TERF1-G	0.06664767151405306	0.9355247552983434	1.1637015248833054
POLR2J-G	0.04760736203136048	0.9535080970708535	1.1765059584825854
AURKB-G	-0.035672606121656646	0.9649561625139849	1.1356791758818436
POLE2-G	0.035672606121656646	0.9649561625139849	1.1625062430286588
PLK1-G	0.035672606121656646	0.9649561625139849	1.1534241630049975
SIRT6-G	-0.035672606121656646	0.9649561625139849	1.1444828904235633
CDK6-G	0.035672606121656646	0.9649561625139849	1.1811063429171174
NEIL1-G	-0.035672606121656646	0.9649561625139849	1.1717324830526958
NFRKB-G	0.035672606121656646	0.9649561625139849	1.1270098691957227
AURKA-G	-0.02281524290150171	0.9774430566347956	1.132945361099422
RAD9A-G	-0.019917159545044392	0.9802798767742186	1.0868320372931555
GTF2H3-G	-0.019917159545044392	0.9802798767742186	1.0790131017730609
KAT5-G	0.019917159545044392	0.9802798767742186	1.1109838603441144
TOP1-G	0.019917159545044392	0.9802798767742186	1.1192747846750406
MEN1-G	-0.019917159545044392	0.9802798767742186	1.1276903845598154
RUVBL1-G	0.019917159545044392	0.9802798767742186	1.102814861370996
UBE2B-G	0.019917159545044392	0.9802798767742186	1.094765117857339
SOX4-G	-0.019386741168740618	0.980799973156926	1.0718742563786408
POLR2K-G	-0.008926027217463215	0.9911136914988475	1.0754637929030049
ORC1-G	0.00801176452046352	0.9920202441259484	1.0688668827554233
ATR-G	0.00801176452046352	0.9920202441259484	1.061392289169721
PIAS4-G	0.006986599825148669	0.9930377497235585	1.055102609081281
POLR2I-G	-0.005966504222744229	0.9940512600158814	1.0488954674650335
SMARCA4-G	-0.005966504222744229	0.9940512600158814	1.0207371998820796
ERCC4-G	0.005966504222744229	0.9940512600158814	1.0072175018703964
EYA3-G	0.005966504222744229	0.9940512600158814	1.013932285216199
POLG2-G	0.005966504222744229	0.9940512600158814	1.0346247808328561
POLR2E-G	0.005966504222744229	0.9940512600158814	1.0417112519344511
XPC-G	0.005966504222744229	0.9940512600158814	1.0276340728542557
GTF2H4-G	0.003601012168386329	0.9964054637003726	1.0029607628036645
POLR2D-G	-0.002336262745422125	0.9976664641923579	0.9976664641923579

Data type: org.panda.causalpath.data.RNAData
Row ID	Change amount	P-value	Q-value
MLH1-R	-89.67064534658576	1.1390257368124081E-39	2.073026840998583E-37
EXO1-R	25.261441069991868	1.0692900813926009E-11	9.730539740672669E-10
TYMS-R	24.74831751304051	1.786250106517757E-11	1.083658397954106E-9
DTL-R	22.480499266468055	1.7252149707999617E-10	7.849728117139826E-9
CDC45-R	21.463011555044606	4.772352523810805E-10	1.7371363186671328E-8
PCLAF-R	21.41034454829366	5.03043459837563E-10	1.5258984948406078E-8
ORC1-R	19.010562455511565	5.543928591229804E-9	1.441421433719749E-7
DHFR-R	18.286225079085018	1.1439139423017646E-8	2.6024042187365143E-7
CCNA2-R	16.320468132299453	8.167906320034426E-8	1.651732166940295E-6
RAD51-R	15.867121816043039	1.2852764545239152E-7	2.3392031472335254E-6
MCM5-R	15.580152147171836	1.7124815267323502E-7	2.8333785260480705E-6
CDT1-R	15.52522270292656	1.8091786324071304E-7	2.7439209258174813E-6
PLK4-R	14.851980965286302	3.5470443728237974E-7	4.965862121953316E-6
POLE2-R	14.789842387146487	3.77444466704442E-7	4.906778067157746E-6
RRM1-R	14.568323816767574	4.710395308813139E-7	5.715279641359942E-6
GTF2H3-R	14.568323816767574	4.710395308813139E-7	5.358074663774946E-6
AURKB-R	14.448927634740837	5.307749997747479E-7	5.366724997722451E-6
YWHAE-R	14.448927634740837	5.307749997747479E-7	5.6824147034708305E-6
FANCA-R	13.772022272443575	1.0444477590787063E-6	1.000471011328024E-5
BRCA1-R	13.666397628789333	1.160804070453442E-6	1.0563317041126322E-5
FANCI-R	13.510948644964525	1.3560308133910684E-6	1.175226704938926E-5
BARD1-R	13.457186189597056	1.4309296935388156E-6	1.1837691101093837E-5
MCM10-R	13.192443686800495	1.8646378858559702E-6	1.475496066199072E-5
FEN1-R	13.026306988771802	2.2016422720848022E-6	1.6695787229976416E-5
POLE3-R	12.927946992357459	2.4292038395128264E-6	1.7684603951653376E-5
RRM2-R	12.910224607266432	2.472638874787743E-6	1.73084721235142E-5
FANCD2-R	12.730941464767554	2.958164850703627E-6	1.994022232696519E-5
CDC6-R	12.690802663128716	3.0793172330664743E-6	2.0015562014932084E-5
BLM-R	12.614774822175066	3.3225605504028955E-6	2.0851931730114724E-5
PARP1-R	11.093312954743507	1.5213719253257398E-5	9.229656346976154E-5
CDC7-R	10.630345150665136	2.4171286182369418E-5	1.4190884145778173E-4
MCM4-R	9.828884175481308	5.387283610338932E-5	3.0640175533802675E-4
TOP3A-R	9.635795783512881	6.534721186128817E-5	3.603997745077105E-4
MCM6-R	9.452756819729641	7.847293107365489E-5	4.200609839825056E-4
DDB2-R	8.580838876901042	1.876674814404685E-4	9.758709034904361E-4
CDC25A-R	8.355640963901577	2.350667682641689E-4	0.0011883931062244095
DBF4-R	8.241456275971261	2.6350024084216577E-4	0.0012620274692966887
CHEK1-R	8.241456275971261	2.6350024084216577E-4	0.0012961363198182208
APBB1-R	-8.050409175666875	3.1897138044840393E-4	0.0014885331087592184
CDK1-R	7.957413543201683	3.5005735579673623E-4	0.00159276096887515
CHEK2-R	7.620127627619682	4.904792284216926E-4	0.0021772492578719035
TDG-R	7.540739829489985	5.310046235605072E-4	0.0023010200354288647
MDM2-R	7.524011263672628	5.399622848731228E-4	0.0022854217638815896
XRCC6-R	7.511960641438596	5.465085303353897E-4	0.002260558011841839
CDC25C-R	7.489690577609464	5.588158438653649E-4	0.0022600996351888093
RFC2-R	7.413240655025825	6.03212719356906E-4	0.0023866242374555842
BRCA2-R	7.350456806267082	6.422988871734658E-4	0.002487199946075974
DDX11-R	7.152820569119954	7.826534370229174E-4	0.0029675609487118952
SOD1-R	7.064529949398292	8.54896670627324E-4	0.003175330490901489
SUMO2-R	6.528253812652585	0.0014615557730154715	0.005320063013776316
PCNA-R	6.516105528579748	0.0014794194545793011	0.005279496877126133
UNG-R	6.508719498341398	0.0014903869446532057	0.00521635430628622
PLK1-R	6.453317913096653	0.0015752868235459983	0.005409475507271165
POLR2E-R	6.435066692591342	0.0016043017037930172	0.005407090927598688
TTK-R	6.266131200643315	0.0018995634152834267	0.006285828028756066
TERT-R	6.241263008449811	0.0019473943933846747	0.006329031778500193
GMNN-R	6.171104074500513	0.0020889283942913915	0.006669911715105847
POLR2L-R	6.026916897245917	0.0024129218082271004	0.007571582225816074
MCM2-R	5.95422316708138	0.0025948588235995052	0.008004479760934066
POLR2B-R	5.91380693636367	0.0027018813931266603	0.008195706892484203
TP53-R	5.908233153012915	0.0027169831424937517	0.008106408720227259
RECQL4-R	5.879040904206012	0.0027974670276624926	0.008211919339267315
MCM7-R	5.725800114427938	0.0032607432642298485	0.009419924985552896
RCHY1-R	5.720183687244869	0.003279108516610938	0.009324964844112354
CDK2-R	5.046728512316358	0.006430335837486546	0.01800494034496233
TIMELESS-R	5.01545467923855	0.00663461472973678	0.01829545273957718
KPNA2-R	4.870842681382494	0.007666901809535228	0.020826509393065844
TOP2A-R	4.760476029634265	0.008561532883936915	0.02291469095406645
POLR2D-R	4.699730687938339	0.009097726899388682	0.023996902836068697
AEN-R	4.698906568206157	0.009105227605960095	0.023673591775496248
RUVBL2-R	4.622153916976826	0.009831596795407004	0.02520212136287429
CDK6-R	-4.3355324821739165	0.013094899415708006	0.0331009957452619
APEX1-R	4.176810503056606	0.015347380007667418	0.038263330978020135
MCM3-R	4.141935636530573	0.015892060461216474	0.03908587843164051
FANCC-R	4.12603835167772	0.016146719906958783	0.03918270697421998
HRAS-R	3.715924737937173	0.024332929125097866	0.05827096185220804
BABAM2-R	-3.4012737318507678	0.033330788424199634	0.07878186354810822
ATR-R	-3.388813560753358	0.03374869393099262	0.07874695250564945
TOPBP1-R	3.3515973133736985	0.0350283581262974	0.07968951473732658
RBBP8-R	3.3515973133736985	0.0350283581262974	0.08069824277197629
ERCC2-R	2.9152190691953623	0.05419215790007599	0.1217650955285658
RFC3-R	2.784711993119109	0.061746869993747754	0.13704793096173282
MPG-R	2.752613511798934	0.0637610031249222	0.13981328396067275
ATM-R	-2.7000653553961187	0.06720112064036857	0.14560242805413187
POLR2H-R	2.659186485619649	0.07000514878126653	0.14989337739047656
CDK7-R	2.6137803612296726	0.07325708140917372	0.15503242809848394
RUVBL1-R	2.611320817029817	0.07343748219976864	0.15362783632595278
KAT5-R	2.577992990878985	0.07592623585429203	0.15702926051683128
PIAS1-R	2.5620148944380086	0.07714913636728593	0.1560126979871782
MSH2-R	2.5620148944380086	0.07714913636728593	0.1577656496499555
NBN-R	2.5056103386882964	0.08162576341748266	0.16325152683496533
MRE11-R	-2.4325748656691153	0.08781044115337769	0.1737119596729863
OGG1-R	-2.2567040699869327	0.10469498406028424	0.20488695805345947
POLD1-R	2.1913308054739877	0.11176790825638844	0.2164016947091776
RNF111-R	2.1777518276847294	0.11329595336601524	0.2170511948696292
NEIL1-R	2.1712464144060184	0.11403539293769113	0.21619209911103943
WEE1-R	2.1237911177678277	0.1195774359646157	0.22436178706762946
CLK2-R	2.0632928070960377	0.12703497876539357	0.2359221034214452
CCNH-R	1.9765219335907365	0.13855028736441635	0.2547086090941796
AURKA-R	1.9054541819675712	0.14875506540883263	0.2707342190440754
XPA-R	1.7487807538412654	0.17398594587879557	0.3135192292073346
POLK-R	1.6954252508542151	0.18352116989727288	0.3274593423657222
CDK4-R	1.6660078536028475	0.18900007755042922	0.3339613020793992
YWHAG-R	1.615933038572067	0.19870518431998319	0.3477340725599706
MNAT1-R	1.6078576207535242	0.20031630819989668	0.34721493421315425
DNTT-R	-1.5349822106319184	0.21545952402442947	0.3699399374759072
GTF2H4-R	1.4967426413296607	0.2238581601450574	0.38076808548037805
TERF2-R	1.3501559475913942	0.25919983590380385	0.4367997234675213
GADD45A-R	1.2740851612947377	0.27968671945431145	0.46699984349252005
PIAS3-R	1.2546550668342078	0.2851741973002264	0.47183367189673825
MTOR-R	1.2299183471920911	0.29231644516496824	0.479293630811029
KDM4B-R	1.2069857411679772	0.29909747924913904	0.48603340377985094
ERCC3-R	-1.197222324299369	0.30203199476167486	0.4864586110320781
TERF1-R	1.19086812701852	0.3039572759719377	0.48526512479730405
GTF2H5-R	1.1747838769555041	0.3088857297989669	0.48884524194271284
ELL-R	-1.169894850144692	0.31039957802029644	0.4870062344801203
MAPK8-R	1.1677778535454661	0.31105738891740803	0.48386704942707914
MCM8-R	1.1147369016524633	0.3280015642178637	0.5059007176919592
TCEA1-R	1.0910500097224611	0.3358636483974104	0.5136738151960394
POLG2-R	-1.0759925027595052	0.34095918438112344	0.5171214296447039
XRCC5-R	1.0393383035328219	0.3536886390689001	0.5319944819052878
POLR2F-R	1.0308466708868278	0.3567048210936365	0.5321334216314905
PIAS4-R	1.0263535088051903	0.3583111597375906	0.5301839924572479
USP7-R	-1.0131641787207613	0.3630683469902438	0.5328906383243901
TOP2B-R	0.991083833326507	0.37117418198671825	0.5404296089726618
XPC-R	0.960926756674675	0.382538201815691	0.5525551804004425
POLR2I-R	0.9372827795619393	0.39169070066214245	0.5613205316575585
POLR2G-R	0.9372827795619393	0.39169070066214245	0.5569352150039838
POLR2K-R	-0.9066347449745823	0.40388110254197984	0.5698167493227932
PLK2-R	0.8212742298656129	0.4398708007422608	0.6158191210391651
PER1-R	-0.7734444420072136	0.46142099013338356	0.6410581694982886
ATRX-R	-0.7554615346904848	0.46979373857872736	0.6477459122827908
PTEN-R	0.753180342385471	0.47086665173546316	0.6443438392169496
WRN-R	0.7453985148115013	0.4745451489820911	0.6445314710055268
GTF2H2-R	-0.7453985148115013	0.4745451489820911	0.6397571638128932
EYA3-R	0.7381942105777997	0.4779762611558462	0.6396447024291472
GTF2H1-R	0.7013607113959962	0.4959100540236708	0.6588002177540736
XRCC1-R	0.6479909174777688	0.5230956641089235	0.6898797888972759
POLR2C-R	0.610207022043463	0.5432383951099633	0.7112905605036929
RAD51D-R	0.5446542900407215	0.5800422750731504	0.7540549575950956
YY1-R	0.5173974445825795	0.5960698358223465	0.7693951072316814
ERCC4-R	-0.46997755887278636	0.6250162941954902	0.8010772221378818
CDC25B-R	-0.46997755887278636	0.6250162941954902	0.7954752835215331
POLR2A-R	0.46619758757190805	0.6273833086551329	0.7929427928835708
POLR2J-R	-0.4629283512345233	0.6294377293288287	0.790052874054116
CDA-R	0.46193615978859054	0.6300625619851651	0.7854204539815072
ACTL6A-R	0.46193615978859054	0.6300625619851651	0.7800774576959186
VCP-R	-0.40829342606893065	0.6647837853082283	0.8175043846357943
UBE2I-R	0.3970774570735131	0.6722819506234234	0.8211766108286112
TFPT-R	0.3808579913541647	0.6832749136758336	0.8290402285933447
MSH6-R	-0.3397885089639268	0.7119208717249338	0.8580768122777348
HLTF-R	0.33847049762869047	0.712859810133468	0.8535558252913894
TOP1-R	0.3164077163887257	0.728762261269944	0.8668936702688224
MDC1-R	0.300419709441151	0.7405073575209862	0.8751450588884383
ERCC5-R	0.26768037165515796	0.7651523063874189	0.8984369016936145
CDKN2D-R	0.2571069667131093	0.7732854935338339	0.9021664091228063
UBA7-R	-0.2304792750677094	0.7941528935966279	0.9206103607298488
TP53BP1-R	-0.20684696089894494	0.8131440833052839	0.9366596402630485
COPS5-R	0.19931291765337164	0.8192934818234191	0.9378076332821527
POLA1-R	0.19931291765337164	0.8192934818234191	0.9319463355741393
NFRKB-R	0.19931291765337164	0.8192934818234191	0.9261578490177782
PLK3-R	0.16163756589341474	0.8507494893014852	0.9557802904498167
SMARCC1-R	-0.1604214089065389	0.8517847636374379	0.9510725581718632
MGMT-R	0.15134118608193098	0.8595543806327021	0.9538957150923889
UBE2B-R	-0.15134118608193098	0.8595543806327021	0.9481145289403139
SOX4-R	-0.14499315681210587	0.8650282126410799	0.94840442590769
GADD45G-R	-0.11017772201751572	0.8956749399933182	0.9761247849028977
EP300-R	0.10750718130921545	0.8980700731087531	0.9729092458678158
CCNA1-R	0.10358316958138512	0.9016010338429399	0.970954959523166
SIRT6-R	0.09897181672715964	0.9057682351771296	0.9697048164837505
RAD9A-R	-0.08764618275154386	0.9160849460442486	0.9750143870178553
SUMO1-R	0.08185547097098252	0.9214051188605229	0.9749751839105534
MEN1-R	0.07007720080302947	0.9323218411327571	0.9808241334460219
SMUG1-R	0.0685034740172085	0.9337902160946081	0.9767230995932108
PMS2-R	0.05366175207429458	0.9477526276513203	0.9800623763212517
ABL1-R	0.05366175207429458	0.9477526276513203	0.9745253007488153
ERCC1-R	0.05366175207429458	0.9477526276513203	0.9856627327573732
SMARCA4-R	-0.048863951021270356	0.9523106817812804	0.9737109218213092
POLB-R	0.047738320995037095	0.9533832348146981	0.9693617247836595
PARG-R	-0.03803445634131129	0.9626797698970022	0.9733762117847466
PRKDC-R	0.007188672312259976	0.9928371043888101	0.9928371043888101
RRM2B-R	-0.007188672312259976	0.9928371043888101	0.9983223922583616