

Data type: org.panda.causalpath.data.SiteModProteinData
Row ID	Change amount	P-value	Q-value
TTK-P-S821	3.440247504629346	0.03205675015184051	22.18327110507363
TP53BP1-P-S1618	0.7924737403403318	0.45272348858662925	156.64232705097373
TCEA1-P-S100	-0.7924737403403318	0.45272348858662925	78.32116352548687
DDB2-P-S26	-0.7924737403403318	0.45272348858662925	62.65693082038949
PER1-P-S815	0.7924737403403318	0.45272348858662925	44.754950585992496
RECQL4-P-S89	-0.7924737403403318	0.45272348858662925	31.328465410194745
BOD1L1-P-S2986	-0.7924737403403318	0.45272348858662925	104.42821803398249
CETN2-P-S20	-0.7924737403403318	0.45272348858662925	52.214109016991245
TIMELESS-P-S1121	-0.7924737403403318	0.45272348858662925	39.16058176274343
CHEK2-P-S303	0.7924737403403318	0.45272348858662925	34.809406011327496
TIMELESS-P-S1173	-0.7924737403403318	0.45272348858662925	28.480423100177042
TP53BP1-P-S1635	-0.7840466380788965	0.45655475629003406	26.32799094605863
TOP2B-P-S1375	0.6725815085274902	0.5103893013237746	25.227814036860856
RECQL5-P-S815	-0.6725815085274902	0.5103893013237746	19.621633139780666
KAT5-P-S86-S90	-0.6725815085274902	0.5103893013237746	18.588915606108
XRCC6-P-T455	0.6725815085274902	0.5103893013237746	27.168415116619386
CDT1-P-S318	0.6725815085274902	0.5103893013237746	23.5459597677368
MCM6-P-S762	0.6725815085274902	0.5103893013237746	22.07433728225325
SETMAR-P-S508	-0.6725815085274902	0.5103893013237746	20.77584685388541
XRCC1-P-S461	-0.6434996023771148	0.5254503353913829	18.18058160454185
MPLKIP-P-S93	-0.6195578424116266	0.5381823464025967	17.734389700504614
PTEN-P-S294	-0.5957362351973923	0.5511566355417067	17.336381445220955
DDB2-P-S24	-0.5648489439436956	0.5684460074845984	16.39019321580592
XPC-P-S94	-0.5648489439436956	0.5684460074845984	15.734585487173684
RAD9A-P-S387	-0.5648489439436956	0.5684460074845984	15.129409122282388
BAP1-P-S292	-0.5648489439436956	0.5684460074845984	14.04873704211936
RAD50-P-S635	0.5648489439436956	0.5684460074845984	13.564297833770416
TP53BP1-P-S1426-S1430	0.5648489439436956	0.5684460074845984	13.112154572644735
XRCC6-P-S2	0.5648489439436956	0.5684460074845984	11.56954815233359
ATR-P-S435	-0.5648489439436956	0.5684460074845984	17.10281031214531
TP53BP1-P-S635	-0.5648489439436956	0.5684460074845984	14.56906063627193
CLK2-P-S57	-0.5648489439436956	0.5684460074845984	12.689181844494906
SIRT6-P-S330	-0.5648489439436956	0.5684460074845984	12.29264491185444
NSD2-P-S121	-0.5648489439436956	0.5684460074845984	11.920140520586124
RBBP8-P-T315	-0.5468852038414781	0.5787496931122309	11.124855212046217
RIF1-P-S1454	0.5468852038414781	0.5787496931122309	11.44270821810468
DBF4-P-S413	-0.5468852038414781	0.5787496931122309	10.82418344955848
RAD23B-P-S160	-0.5468852038414781	0.5787496931122309	10.539336516675363
MCM3-P-T722	-0.5468852038414781	0.5787496931122309	10.269097118811892
WRN-P-S1133	0.5468852038414781	0.5787496931122309	10.012369690841595
SAMHD1-P-S102	0.5468852038414781	0.5787496931122309	9.76816555204058
YY1-P-S247	-0.5468852038414781	0.5787496931122309	9.5355901817539
APBB1-P-T709	0.5275363972622361	0.5900568461822537	9.495798547863245
RNF8-P-S157	0.5275363972622361	0.5900568461822537	9.279984944502717
NBN-P-S509	0.5166484160570255	0.5965164763849787	9.173097814631229
TP53BP1-P-S523-S525	-0.5166484160570255	0.5965164763849787	8.97368264474794
TICRR-P-S599	0.48572323632933984	0.6152520631715084	9.058604844993273
DDB2-P-S24-S26	-0.48545824832923723	0.615415119188277	8.872234634964327
XRCC6-P-S520	0.48545824832923723	0.615415119188277	8.69116862200587
BAZ1B-P-S493	0.46159630153657816	0.6302767303375193	8.22927353572761
KDM4A-P-S410	0.46159630153657816	0.6302767303375193	8.076879581362284
SETMAR-P-S410	-0.46159630153657816	0.6302767303375193	7.788419596313632
TP53BP1-P-S1426	0.46159630153657816	0.6302767303375193	7.392398260907854
CLSPN-P-S1289	0.46159630153657816	0.6302767303375193	8.723029947871268
TP53BP1-P-S630	-0.46159630153657816	0.6302767303375193	8.55199014497183
SLX4-P-S1028	0.46159630153657816	0.6302767303375193	8.387528796030065
BRIP1-P-S128	-0.46159630153657816	0.6302767303375193	7.930027225337516
HERC2-P-S1942	-0.46159630153657816	0.6302767303375193	7.6517806560274275
SMARCA4-P-S699	-0.46159630153657816	0.6302767303375193	7.5198534033373
ORC6-P-T195	0.4494882199239248	0.6379545605233798	7.357742598036314
CUL4B-P-S146	-0.4494882199239248	0.6379545605233798	7.237123866920965
ORC2-P-S111	-0.4494882199239248	0.6379545605233798	7.120396062615788
HMGN1-P-S7	-0.4494882199239248	0.6379545605233798	7.007373902891728
RECQL5-P-S491	-0.4494882199239248	0.6379545605233798	6.897883685659044
FANCD2-P-S1435	-0.44566436069564586	0.6403986789611443	6.817782859094028
BOD1L1-P-S2905	0.4405129494047603	0.6437061476983126	6.749161427382307
HMGN1-P-S8	-0.4379414101279722	0.6453635935199785	6.665546368892913
RAD23A-P-S133	-0.4272683801032059	0.6522884674880967	6.6379944044376895
CUL4B-P-S61	-0.4272683801032059	0.6522884674880967	6.448337421453756
SAMHD1-P-S278	0.4272683801032059	0.6522884674880967	6.357515767630463
UNG-P-S12	-0.4272683801032059	0.6522884674880967	6.269216937524485
DTL-P-S478	-0.4272683801032059	0.6522884674880967	6.541791586982071
XRCC6-P-S477	0.42348302466019383	0.654762290384467	6.2067877389870025
H2AX-P-S122	-0.42348302466019383	0.654762290384467	6.122912229000692
POLD3-P-S458	0.42348302466019383	0.654762290384467	6.041273399280683
USP10-P-S576	-0.42348302466019383	0.654762290384467	5.961782959816463
RAD18-P-S471	0.42348302466019383	0.654762290384467	5.884357207091574
KAT5-P-S155	-0.42348302466019383	0.654762290384467	5.808916730077579
BOD1L1-P-S1531	0.42348302466019383	0.654762290384467	5.73538613855761
TP53BP1-P-T1609	0.42348302466019383	0.654762290384467	5.5255549383664775
TERF2IP-P-S154	0.42348302466019383	0.654762290384467	5.207994309724726
MUS81-P-S95	0.42348302466019383	0.654762290384467	5.034394499400569
BOD1L1-P-S1077	-0.42348302466019383	0.654762290384467	4.4860941083767445
TP53BP1-P-T591	0.42348302466019383	0.654762290384467	5.66369381182564
TOP2A-P-S4	0.42348302466019383	0.654762290384467	5.593771666000632
RBBP8-P-S347	-0.42348302466019383	0.654762290384467	5.458981987301821
RIF1-P-S1236	-0.42348302466019383	0.654762290384467	5.393994106500609
TOP2A-P-S1374	0.42348302466019383	0.654762290384467	5.330535352306485
CLSPN-P-S846	0.42348302466019383	0.654762290384467	5.268552383093618
ELL-P-T180	-0.42348302466019383	0.654762290384467	5.148812556205127
TP53BP1-P-S862	-0.42348302466019383	0.654762290384467	5.090960729730912
UFD1-P-S129	0.42348302466019383	0.654762290384467	4.979071482923639
BOD1L1-P-S2954	0.42348302466019383	0.654762290384467	4.924951140717948
NBN-P-S343	0.42348302466019383	0.654762290384467	4.87199467683926
CLK2-P-S75	0.42348302466019383	0.654762290384467	4.820164946234587
SMARCA4-P-S1453	-0.42348302466019383	0.654762290384467	4.76942636785317
SMARCAL1-P-S112	-0.42348302466019383	0.654762290384467	4.719744843188033
CLSPN-P-S775	-0.42348302466019383	0.654762290384467	4.671087679856198
TICRR-P-T1105	0.42348302466019383	0.654762290384467	4.623423519857665
BAZ1B-P-S189	-0.42348302466019383	0.654762290384467	4.576722272182335
DUT-P-S99	-0.42348302466019383	0.654762290384467	4.530955049460512
DUT-P-S88	-0.42348302466019383	0.654762290384467	4.442112793588737
BAZ1B-P-S1468	0.4065109077837985	0.6659698313215101	4.474282750237719
USP10-P-S365	0.4065109077837985	0.6659698313215101	4.431260800716202
TOP2B-P-S1400	-0.4065109077837985	0.6659698313215101	4.307019843686776
TOP2B-P-S1413	-0.4065109077837985	0.6659698313215101	4.189555666131682
TOP2A-P-S1525	0.4065109077837985	0.6659698313215101	4.078328524552965
LIG1-P-T195	0.4065109077837985	0.6659698313215101	3.9728545109869398
RBBP8-P-T245	-0.4065109077837985	0.6659698313215101	3.905517993851568
TCEA1-P-S81	0.4065109077837985	0.6659698313215101	3.872698514911639
RIF1-P-S2348	0.4065109077837985	0.6659698313215101	4.389058316899857
MDC1-P-S495	0.4065109077837985	0.6659698313215101	4.347652106363066
TP53BP1-P-S294	-0.4065109077837985	0.6659698313215101	4.267140030319306
ATRX-P-S1348	-0.4065109077837985	0.6659698313215101	4.227991956646652
TICRR-P-S1057	0.4065109077837985	0.6659698313215101	4.151811921391757
GPS1-P-S483	-0.4065109077837985	0.6659698313215101	4.114742172093616
SIRT6-P-S326	-0.4065109077837985	0.6659698313215101	4.042553712934079
KDM4A-P-S520	-0.4065109077837985	0.6659698313215101	4.007401071952043
RTEL1-P-S847	-0.4065109077837985	0.6659698313215101	3.938898489525513
POLR2A-P-S1882	0.4017319026136577	0.6691601217238281	3.8588233686074087
CDC6-P-S54	0.4017319026136577	0.6691601217238281	3.8269322663875127
BAZ1B-P-S349	0.39641199011329936	0.6727294809413159	3.8158098427163165
RAD23B-P-T155	-0.3936130580843488	0.674615042580814	3.795395198909945
RAD9A-P-S328	-0.37834227861195274	0.6849960010556246	3.792137861843938
BAZ1B-P-S158	-0.37834227861195274	0.6849960010556246	3.8227196187942925
UBC-P-S57	0.36543092932509313	0.6938975656306643	3.810929487431902
LIG1-P-S51	0.3449758975065161	0.7082374235499695	3.8289085710670228
RIF1-P-S782	0.3449758975065161	0.7082374235499695	3.8590574574533774
HERC2-P-S1577	-0.3379473444802714	0.7132328425555559	3.8260242406856175
ACTB-P-S52	0.3379473444802714	0.7132328425555559	3.796593284988036
SMARCA5-P-S137	0.3379473444802714	0.7132328425555559	3.767611656858356
MDC1-P-S955	-0.29114146714862615	0.7474099365862142	3.9182399705883357
H2AX-P-S140	0.2853954567263457	0.7517169240187127	3.91118880767631
H2AX-P-Y143	0.2853954567263457	0.7517169240187127	3.853245269784809
LIG1-P-S66	0.2853954567263457	0.7517169240187127	3.824912583977568
BAP1-P-S597	-0.2853954567263457	0.7517169240187127	3.882000831499621
PCLAF-P-S72	-0.28244566420353107	0.7539376066467314	3.808210392697358
PARP1-P-S75	0.28244566420353107	0.7539376066467314	3.7266058842824146
RIF1-P-S7	0.28244566420353107	0.7539376066467314	3.7806146652140438
PRKDC-P-S3205	0.28244566420353107	0.7539376066467314	3.753415998557828
MRE11-P-S619	0.27634677953705983	0.7585498355850453	3.722811959041499
FANCD2-P-S1412	-0.27634677953705983	0.7585498355850453	3.6965949734144465
TOP2B-P-S1550	-0.27634677953705983	0.7585498355850453	3.6707446589150448
PIAS1-P-T508	0.27602878160041594	0.7587910912249677	3.6212650698460522
FTO-P-S256	-0.27602878160041594	0.7587910912249677	3.6464127439422054
TOPBP1-P-T822	-0.27569283896718483	0.7590460443246362	3.549053126166542
EYA2-P-S257	-0.27569283896718483	0.7590460443246362	3.5017324178176548
TOP2A-P-S1351-S1354	-0.27569283896718483	0.7590460443246362	3.4330709978604457
GPS1-P-T479-S483	-0.27569283896718483	0.7590460443246362	3.3670504017477447
EXO1-P-S815	0.27569283896718483	0.7590460443246362	3.597670292278412
RBBP8-P-S568	-0.27569283896718483	0.7590460443246362	3.573196344711892
TOP2A-P-S1354	0.27569283896718483	0.7590460443246362	3.5252339776687798
RECQL4-P-S251	-0.27569283896718483	0.7590460443246362	3.478542136904955
TICRR-P-T1134	-0.27569283896718483	0.7590460443246362	3.455656991267422
MCM4-P-S120	0.27569283896718483	0.7590460443246362	3.41077832904317
LIG1-P-T233	0.27569283896718483	0.7590460443246362	3.3887733075654722
RIF1-P-S2161	-0.27569283896718483	0.7590460443246362	3.345604220844893
REV3L-P-S1967	0.27569283896718483	0.7590460443246362	3.324429510586381
RMI1-P-S284	0.2730150162076756	0.7610813589873825	3.312379247919929
RPA2-P-S238	-0.26545043345590225	0.766860452566057	3.316671457348196
KAT5-P-S90	-0.25769501739213946	0.7728308961505272	3.3217327958768
TOP2B-P-S1441	-0.25769501739213946	0.7728308961505272	3.301228272445462
ATRX-P-S729	-0.25723329304784615	0.7731878133816483	3.2824905942337463
BRCA1-P-S1009	0.25723329304784615	0.7731878133816483	3.2624754076835405
LIG1-P-S819	0.25723329304784615	0.7731878133816483	3.242702829455155
ACTB-P-S368	-0.25723329304784615	0.7731878133816483	3.2231684750608474
TP53BP1-P-T922	-0.25723329304784615	0.7731878133816483	3.2038680650305427
POLM-P-S12	-0.25723329304784615	0.7731878133816483	3.184797421786313
CHAF1A-P-S206	-0.25723329304784615	0.7731878133816483	3.1659524666278145
TICRR-P-S923	0.25723329304784615	0.7731878133816483	3.1473292168241214
POLR2A-P-S1966	-0.25655091022799	0.7737156035190029	3.1310596352932754
NUDT5-P-T7	-0.25655091022799	0.7737156035190029	3.1128558002043607
RRM2-P-S20	0.2396323232507874	0.78691713901848	3.14766855607392
TP53BP1-P-S1068	-0.2396323232507874	0.78691713901848	3.0765348033942836
BRCA1-P-S1342	0.2396323232507874	0.78691713901848	3.1295785069010815
SLX4-P-S467	-0.2396323232507874	0.78691713901848	3.111695201147361
MPLKIP-P-S66	-0.2396323232507874	0.78691713901848	3.0940151147772057
POLR2A-P-S1917	0.23894861959986927	0.7874553411037971	3.061343236201279
DBF4-P-S381	0.23894861959986927	0.7874553411037971	3.027328311354598
REV3L-P-T1167-S1168	-0.23894861959986927	0.7874553411037971	2.994060967273778
RFC1-P-S69	-0.23894861959986927	0.7874553411037971	2.96151682632515
TP53BP1-P-S507	0.23894861959986927	0.7874553411037971	2.914005861196939
TOP2A-P-S1213	0.23894861959986927	0.7874553411037971	2.8985058300203597
MCM6-P-S13	0.23894861959986927	0.7874553411037971	2.883169820337712
MBD4-P-S387	0.23894861959986927	0.7874553411037971	2.852979560438888
TERF2-P-S365	0.23894861959986927	0.7874553411037971	2.823415005408433
PRKDC-P-S2624	0.23894861959986927	0.7874553411037971	2.8088613198135444
TERF1-P-T371	-0.23894861959986927	0.7874553411037971	2.7944569027888595
RFC1-P-T506	-0.23894861959986927	0.7874553411037971	2.7801994696113654
XPC-P-S883-S884	-0.23894861959986927	0.7874553411037971	2.752116646685998
TP53BP1-P-S1002	0.23894861959986927	0.7874553411037971	2.724595480219138
MDC1-P-T1280	0.23894861959986927	0.7874553411037971	3.0442407600213834
ATR-P-T1989	-0.23894861959986927	0.7874553411037971	3.010602740573633
XRCC6-P-S560	0.23894861959986927	0.7874553411037971	2.9776999783815716
TOP2A-P-S1377	0.23894861959986927	0.7874553411037971	2.945508627263933
SLX4-P-S228	0.23894861959986927	0.7874553411037971	2.929672559375417
GPS1-P-S474	-0.23894861959986927	0.7874553411037971	2.867995242335935
RAD23A-P-S92	-0.23894861959986927	0.7874553411037971	2.8381202918949353
EP300-P-S1726	0.23894861959986927	0.7874553411037971	2.7660867819483634
AURKA-P-S10	0.23894861959986927	0.7874553411037971	2.7382869147931035
ATRX-P-S677	-0.23894861959986927	0.7874553411037971	2.711040278825013
SUMO1-P-T76	-0.23181257589141102	0.7930947544550987	2.690301814132001
DTL-P-S557	-0.23181257589141102	0.7930947544550987	2.6771783906484306
ATRX-P-S84	-0.23181257589141102	0.7930947544550987	2.6513119327677694
BAZ1B-P-S1342	-0.23181257589141102	0.7930947544550987	2.7169384657570705
FEN1-P-Y152-S157-S162	-0.23181257589141102	0.7930947544550987	2.703554532428218
ORC2-P-T226	0.23181257589141102	0.7930947544550987	2.664182379043341
RECQL5-P-S488	-0.23181257589141102	0.7930947544550987	2.6385652407833087
FTO-P-T4	-0.23181257589141102	0.7930947544550987	2.6259405267125753
SMARCA4-P-S1663	0.23181257589141102	0.7930947544550987	2.613436048013944
MCM4-P-S131	0.23181257589141102	0.7930947544550987	2.6010500951797546
TP53BP1-P-S1101	-0.23181257589141102	0.7930947544550987	2.5887809909572086
RFC1-P-S156	0.23181257589141102	0.7930947544550987	2.5766270895912124
WEE1-P-S67	-0.23181257589141102	0.7930947544550987	2.5645867760884498
USP10-P-S370	0.2223677758980672	0.8006208611261757	2.5768820274386677
TCEA1-P-S135	-0.2223677758980672	0.8006208611261757	2.5649520180523777
ACTL6A-P-S233	0.2223677758980672	0.8006208611261757	2.5531319626696476
MCM4-P-T19	-0.21885927353009216	0.803434774738063	2.5503525877006403
TOP2A-P-S1247	0.21885927353009216	0.803434774738063	2.5387071420947014
PIAS1-P-S503	-0.21885927353009216	0.803434774738063	2.5271675641760893
BOD1L1-P-S538	0.2153109367774748	0.8062906957658681	2.5246749387781935
MSH6-P-S830	0.19992155116040086	0.8187949840748956	2.5522798602694943
MSH6-P-S227	-0.19992155116040086	0.8187949840748956	2.529491647231374
CDK7-P-T170	0.19992155116040086	0.8187949840748956	2.5408346591023667
XRCC6-P-S27	-0.19094287597386422	0.8261797815186758	2.5409618169374384
HMGN1-P-S86-S89	-0.19007763018868595	0.8268949394415066	2.520754617152082
EXO1-P-S610	0.19007763018868595	0.8268949394415066	2.5319083986439055
XRCC4-P-S260	0.19007763018868595	0.8268949394415066	2.5096986758487834
TP53BP1-P-S398	-0.18898635689850862	0.8277978003470977	2.4798098607800503
CDC25C-P-T48	-0.18898635689850862	0.8277978003470977	2.5014675888217974
TOP2B-P-T1317	-0.18898635689850862	0.8277978003470977	2.490591642783442
MCM6-P-S271	0.18898635689850862	0.8277978003470977	2.46912102517324
SAMHD1-P-S6	0.18898635689850862	0.8277978003470977	2.4585239392282903
DTL-P-S490	0.18898635689850862	0.8277978003470977	2.4480174266674855
CDC25C-P-S173	0.18898635689850862	0.8277978003470977	2.437600331234858
ACTB-P-S239	0.18898635689850862	0.8277978003470977	2.427271516271998
MTOR-P-S1261	-0.18898635689850862	0.8277978003470977	2.417029864304606
TP53BP1-P-S1317	0.18898635689850862	0.8277978003470977	2.4068742766394604
MDC1-P-S453	-0.18892442298473688	0.827849070692355	2.396952121000459
MDC1-P-T1343	0.1880219193791959	0.8285965447117618	2.3596247281503673
ELL-P-S319	-0.1880219193791959	0.8285965447117618	2.3499541350022097
SLX4-P-S1185	0.1880219193791959	0.8285965447117618	2.3214121819455027
MDC1-P-S108	0.1880219193791959	0.8285965447117618	2.302766300966021
HMGN1-P-S89	-0.1880219193791959	0.8285965447117618	2.293555235762157
TP53BP1-P-S552	0.1880219193791959	0.8285965447117618	2.275352416430711
MAPK8-P-T183	-0.1880219193791959	0.8285965447117618	2.2398000349239813
TOP1-P-S394	-0.1880219193791959	0.8285965447117618	2.213856405175827
ATRX-P-S1348-S1352	-0.1880219193791959	0.8285965447117618	2.180185585325244
UNG-P-S23	0.1880219193791959	0.8285965447117618	2.163731354492601
YY1-P-S118	-0.1880219193791959	0.8285965447117618	2.1555970260922526
MCM3-P-T674	-0.1880219193791959	0.8285965447117618	2.1475236289907835
RBBP8-P-S539	-0.1880219193791959	0.8285965447117618	2.3891200372522468
SMARCA4-P-S1659-S1663	0.1880219193791959	0.8285965447117618	2.3792066761018225
RAD18-P-S99	0.1880219193791959	0.8285965447117618	2.369375243555947
POLR2A-P-T1870	0.1880219193791959	0.8285965447117618	2.3403624854715885
POLD3-P-S307	-0.1880219193791959	0.8285965447117618	2.3308488168314603
TOP2B-P-S1522	-0.1880219193791959	0.8285965447117618	2.312051648953787
MDC1-P-S453-T455	0.1880219193791959	0.8285965447117618	2.2844175655001564
MDC1-P-S882	-0.1880219193791959	0.8285965447117618	2.266358928618732
BABAM1-P-S49	-0.1880219193791959	0.8285965447117618	2.257436255671414
TIMELESS-P-S1149	-0.1880219193791959	0.8285965447117618	2.248583564472703
UIMC1-P-S101	0.1880219193791959	0.8285965447117618	2.231084859690814
SMARCA4-P-S1449	-0.1880219193791959	0.8285965447117618	2.222437243955578
TP53BP1-P-S727	-0.1880219193791959	0.8285965447117618	2.2053415728482277
MPG-P-T67	0.1880219193791959	0.8285965447117618	2.196891988277928
UNG-P-T60	-0.1880219193791959	0.8285965447117618	2.1885069043532033
HMGN1-P-S21-S25	0.1880219193791959	0.8285965447117618	2.1719273065929516
FANCM-P-S34	-0.1880219193791959	0.8285965447117618	2.1395104811214147
DDB2-P-T148	-0.1880219193791959	0.8285965447117618	2.1315569105596253
ABRAXAS1-P-S406	-0.1880219193791959	0.8285965447117618	2.1236622553353306
MCM4-P-S326	0.1880219193791959	0.8285965447117618	2.115825863249222
RNF4-P-T112	-0.1876146217817281	0.8289340988315176	2.1089058690860667
CHAF1A-P-S775	0.1876146217817281	0.8289340988315176	2.093512395589088
ABL1-P-S569	-0.1876146217817281	0.8289340988315176	2.0858996232414913
LIG1-P-S76	0.1876146217817281	0.8289340988315176	2.078342015910906
NUDT5-P-S3	0.1876146217817281	0.8289340988315176	2.0708389761422747
RBBP8-P-S163	0.1876146217817281	0.8289340988315176	2.055994252298961
MDC1-P-T1239	0.1876146217817281	0.8289340988315176	2.1011809391626746
TICRR-P-S1750	0.1876146217817281	0.8289340988315176	2.063389915077015
MCM4-P-T23	-0.18245359811899053	0.8332233061600302	2.059251885224074
XRCC1-P-S266	0.18245359811899053	0.8332233061600302	2.044647261924613
EP300-P-S2320-S2328	-0.18245359811899053	0.8332233061600302	2.0519235867001453
BABAM1-P-S29	-0.18245359811899053	0.8332233061600302	2.0374223599390135
POLR2A-P-S1910	-0.18126643332168776	0.8342130669257208	2.0326600081429533
PIAS1-P-S488	-0.18126643332168776	0.8342130669257208	2.0255278677635045
PNKP-P-T118	-0.18126643332168776	0.8342130669257208	2.018445602491604
CDC5L-P-T396	-0.18126643332168776	0.8342130669257208	2.0114126909846646
APBB1-P-S517	0.18126643332168776	0.8342130669257208	2.004428619140968
PRKDC-P-S893	-0.17080143547907875	0.8429889445500075	2.01850640009898
PAXIP1-P-S235	-0.16859522845146238	0.8448508057541191	2.0090610226180425
MPLKIP-P-T51	-0.16859522845146238	0.8448508057541191	2.0021806766501724
CDK1-P-T161	0.16859522845146238	0.8448508057541191	1.9953472955011957
TP53BP1-P-S532	0.16859522845146238	0.8448508057541191	1.9885603999382666
TOP2B-P-S1476	0.16859522845146238	0.8448508057541191	1.9818195172266113
MDC1-P-S498	0.16859522845146238	0.8448508057541191	2.01598881924776
TP53BP1-P-S1094-S1101	-0.16859522845146238	0.8448508057541191	1.9751241810197648
TOP2B-P-S1400-S1413	-0.16859522845146238	0.8448508057541191	1.9684739312520214
UFD1-P-S247	0.16751062190094862	0.8457676335811027	1.9509040081270768
MDC1-P-S299	-0.16751062190094862	0.8457676335811027	1.9639973236178625
MSH6-P-S41	-0.16751062190094862	0.8457676335811027	1.9574287706960638
PIAS1-P-S510	-0.16751062190094862	0.8457676335811027	1.9444225994622029
TICRR-P-S292	-0.16751062190094862	0.8457676335811027	1.9379841140335201
BARD1-P-S330	0.16751062190094862	0.8457676335811027	1.931588126858492
MDC1-P-T1589	-0.16663961388647797	0.8465046248844041	1.92059409973773
MPLKIP-P-S133	0.16663961388647797	0.8465046248844041	1.9269118434868673
TOP2B-P-S1466	-0.16436101419599636	0.8484356692637184	1.9186845853937684
ATRX-P-S703	-0.15738240365169598	0.854377279349287	1.9258276133866663
MAPK8-P-S377	0.15738240365169598	0.854377279349287	1.919574926330216
ACTB-P-S60	0.15738240365169598	0.854377279349287	1.9133627097401507
TOP2B-P-S1424	0.15544940186028283	0.8560303893783991	1.9047364290992033
PIAS1-P-S485	-0.15544940186028283	0.8560303893783991	1.8986315046469622
MSH6-P-S261	-0.15544940186028283	0.8560303893783991	1.8745981944615575
WDHD1-P-S383	-0.15544940186028283	0.8560303893783991	1.8686846354884927
BOD1L1-P-S2501	-0.15544940186028283	0.8560303893783991	1.9108807401608134
BOD1L1-P-T2956	0.15544940186028283	0.8560303893783991	1.8925655892966524
ACTB-P-T318	-0.15544940186028283	0.8560303893783991	1.8865383103498479
NBN-P-S347	0.15544940186028283	0.8560303893783991	1.8805492998408007
TICRR-P-T969	0.14935197182794652	0.8612659202038107	1.8742013106321915
POLR2A-P-S1910-S1917	0.13907647298572864	0.8701614820671837	1.8876230269294394
TICRR-P-S441	-0.13744412361436903	0.8715830495471537	1.8789266987122442
RAD9A-P-S375	-0.13744412361436903	0.8715830495471537	1.8730915226292868
RNF168-P-S134	0.13744412361436903	0.8715830495471537	1.88479834464572
PRKDC-P-T2603	0.12703621983930705	0.8807017731427632	1.858065936020708
TICRR-P-S1001	0.12703621983930705	0.8807017731427632	1.846804930347855
TP53BP1-P-S222	-0.12703621983930705	0.8807017731427632	1.8868285666092637
BAZ1B-P-S330	0.12703621983930705	0.8807017731427632	1.8810050216505931
TOP2A-P-S1106	0.12703621983930705	0.8807017731427632	1.8752173138916683
ABL1-P-T781	-0.12703621983930705	0.8807017731427632	1.8694651135423073
ATRX-P-S1352	-0.12703621983930705	0.8807017731427632	1.8637480948464593
BAZ1B-P-S361	0.12703621983930705	0.8807017731427632	1.8524183191938972
USP7-P-S18	-0.12238823826002516	0.884804786740284	1.8498033607984186
TFPT-P-S167	-0.12238823826002516	0.884804786740284	1.8442316639285437
ATRX-P-S92	-0.12132209399981521	0.8857486193265189	1.8351438460297935
TP53BP1-P-S525	-0.12132209399981521	0.8857486193265189	1.8296658046983614
TP53BP1-P-T855	0.12132209399981521	0.8857486193265189	1.8242203707558067
TOP2B-P-S1454	0.12132209399981521	0.8857486193265189	1.8188072539286382
TP53BP1-P-S1028	0.12132209399981521	0.8857486193265189	1.7974722714778624
MDC1-P-T1425	0.12132209399981521	0.8857486193265189	1.8406547885103635
ATR-P-S464	0.12132209399981521	0.8857486193265189	1.8134261673785534
SMARCA4-P-S1659	-0.12132209399981521	0.8857486193265189	1.8080768276517731
POLR2E-P-Y26-T36	0.12132209399981521	0.8857486193265189	1.8027589546292677
RIF1-P-S2393	0.12132209399981521	0.8857486193265189	1.792216504602196
POLR2A-P-S1861-S1868	0.11894681527080318	0.8878550198350681	1.7912410312707496
MSH6-P-S137	0.11516344854623717	0.8912204633124098	1.792803955267987
APEX1-P-T19	0.11247929153895571	0.8936158523259742	1.7924120864045627
ATRX-P-S1995-S1996	-0.1113666993501542	0.8946106356345136	1.7840650140031225
MDC1-P-S1820	0.1113666993501542	0.8946106356345136	1.7892212712690274
TTK-P-S455	-0.1113666993501542	0.8946106356345136	1.7789383903996652
SMARCA4-P-S695	0.1113666993501542	0.8946106356345136	1.7738411457280328
TP53BP1-P-S580	0.09839822493074578	0.9062879254370658	1.7918606982927128
ERCC6L-P-S971	-0.09839822493074578	0.9062879254370658	1.7867556820582606
TP53BP1-P-S1656	0.09839822493074578	0.9062879254370658	1.7816796715978678
ABL1-P-Y393	0.09802067304799916	0.9066301607513534	1.77730331796016
CHAF1A-P-S772	-0.0975204314747297	0.9070838083065644	1.763207852101524
RCHY1-P-S257	-0.0975204314747297	0.9070838083065644	1.7533575289054262
RIF1-P-S2234	-0.0975204314747297	0.9070838083065644	1.7436166537448403
BAZ1B-P-S947	-0.0975204314747297	0.9070838083065644	1.7731694783845835
BOD1L1-P-S2973	-0.0975204314747297	0.9070838083065644	1.7681746347835001
TOPBP1-P-S888	0.0975204314747297	0.9070838083065644	1.7582688945326121
TP53BP1-P-S1362	-0.0975204314747297	0.9070838083065644	1.7484735246466365
POLQ-P-S1587	-0.0975204314747297	0.9070838083065644	1.7387866907150762
PRKDC-P-S511	0.0975204314747297	0.9070838083065644	1.7339834125639297
TP53BP1-P-S1430	0.09730690754902063	0.9072775130818272	1.7248242831116056
WDR48-P-S373	0.09730690754902063	0.9072775130818272	1.729575865158745
TFPT-P-S252	-0.09385930873645658	0.9104108400822738	1.7260391817450234
RIF1-P-S2172	0.09385930873645658	0.9104108400822738	1.7213232276965396
TP53BP1-P-S771	0.09210573351766295	0.9120087145574456	1.7149729088960661
MRE11-P-S688-S689	0.09210573351766295	0.9120087145574456	1.719645859601505
ACTB-P-S323	0.09208925032282281	0.9120237474986786	1.7057309007272585
RIF1-P-S1616	0.09208925032282281	0.9120237474986786	1.710353477693999
SMARCC1-P-S330	0.08882675015198693	0.9150040841616003	1.7066922540157072
TOP2B-P-S1466-S1476	0.08673191580773344	0.9169228752152427	1.7056737356154517
USP1-P-S313	0.08673191580773344	0.9169228752152427	1.7011008837773405
POLR2A-P-S1861	0.08661521620461166	0.91702988599481	1.6967504842470815
MNAT1-P-T51	-0.07627401141004235	0.9265622831343194	1.7098162664771974
HMGN1-P-T83	-0.07627401141004235	0.9265622831343194	1.7052688827897582
TOP2B-P-T1292	-0.07627401141004235	0.9265622831343194	1.700745623153711
PNKP-P-S114-T118	0.07517900614088299	0.9275774294103833	1.698104712042289
TOP2B-P-S1473	-0.07231417462720748	0.9302385925334502	1.6895672074360828
CDC5L-P-T424	-0.07231417462720748	0.9302385925334502	1.6851442566312762
ATRX-P-S849	-0.07231417462720748	0.9302385925334502	1.6984831293750595
SMARCC1-P-S328-S330	0.07231417462720748	0.9302385925334502	1.6940134369293356
PRKDC-P-S2612	-0.07172250826665702	0.9307891462719404	1.6643568196903946
HELB-P-S967	0.07172250826665702	0.9307891462719404	1.660067240258203
TERF2IP-P-S36	-0.07172250826665702	0.9307891462719404	1.6557997152189787
MCM4-P-S26	0.07172250826665702	0.9307891462719404	1.6817391363451246
SMARCC1-P-S357	-0.07172250826665702	0.9307891462719404	1.6773596073442258
MSH6-P-S14	-0.07172250826665702	0.9307891462719404	1.6730028291433319
MSH6-P-S274-S275	-0.07172250826665702	0.9307891462719404	1.6686686249227531
ATRX-P-S213	-0.07172250826665702	0.9307891462719404	1.6515540749235456
TRIM25-P-S433	-0.0709124479901337	0.9315434470584587	1.6486651288093437
RIF1-P-S1579	0.07070842774024053	0.9317335201740369	1.636445675026481
UBE2T-P-S184	-0.07070842774024053	0.9317335201740369	1.6199989848252099
MDC1-P-S780	-0.07070842774024053	0.9317335201740369	1.6159388369935679
TOP2B-P-S1236	0.07070842774024053	0.9317335201740369	1.6118989899010838
UIMC1-P-S677	-0.07070842774024053	0.9317335201740369	1.603879591941377
ATRX-P-S819	-0.07070842774024053	0.9317335201740369	1.6447948876541671
TP53BP1-P-T321	-0.07070842774024053	0.9317335201740369	1.6406096589324008
SLX4-P-S601	-0.07070842774024053	0.9317335201740369	1.632302774583376
EP300-P-T1724	-0.07070842774024053	0.9317335201740369	1.6281807978798828
XRCC6-P-S324	-0.07070842774024053	0.9317335201740369	1.6240795868020996
ERCC6L-P-S820	0.07070842774024053	0.9317335201740369	1.6078792916719042
SMARCA4-P-S1484	-0.07070842774024053	0.9317335201740369	1.5998997418373042
RAD18-P-T118	0.06892779521571427	0.9333940731628274	1.5987839074967243
MDC1-P-T1302	-0.06396835420147087	0.9380346839176545	1.6027654352370788
SAMHD1-P-S33	-0.06396835420147087	0.9380346839176545	1.5988177371207313
TP53BP1-P-S265	0.06198875033769991	0.9398934602156406	1.598049814420696
MRE11-P-S649	0.06068408501107998	0.9411205068924758	1.5962141930627287
TP53BP1-P-S1094	-0.06068408501107998	0.9411205068924758	1.5923114688743112
RMI1-P-S225	-0.05994549716800765	0.9418158638172078	1.5896014091744095
DTL-P-S679	-0.05994549716800765	0.9418158638172078	1.5857337658430848
PRKDC-P-S4026	0.05994549716800765	0.9418158638172078	1.581884897479388
ATRIP-P-S224	0.058703914432906415	0.9429859323515055	1.5800151699448954
TOP2B-P-S1613	0.05756974591789254	0.9440560440348585	1.5779873972756573
CLSPN-P-S83	0.05756974591789254	0.9440560440348585	1.5628870394069907
MCM3-P-S711-T722	-0.05756974591789254	0.9440560440348585	1.5741850180051136
ATRX-P-S1061	-0.05756974591789254	0.9440560440348585	1.5704009194041397
XRCC1-P-S447	-0.05756974591789254	0.9440560440348585	1.5666349699571274
ACTB-P-T249	0.05660492331802629	0.9449673301857286	1.5606620345788167
TP53BP1-P-S809	0.05660492331802629	0.9449673301857286	1.5459040011549037
WEE1-P-S139	-0.05660492331802629	0.9449673301857286	1.5569461725917244
TOP2B-P-S1552	-0.05660492331802629	0.9449673301857286	1.5532479631556395
TERF2IP-P-S203	0.05660492331802629	0.9449673301857286	1.5495672807784935
SIRT6-P-T294	-0.05660492331802629	0.9449673301857286	1.5422580011521798
POLR2A-P-S1875	0.05660492331802629	0.9449673301857286	1.5386291587965275
TP53BP1-P-T1372	-0.05660492331802629	0.9449673301857286	1.5350173532594464
FANCD2-P-S592	0.056343683408510974	0.9452142256136268	1.5282435610388545
PLK4-P-S665	-0.056343683408510974	0.9452142256136268	1.5246812217357335
BARD1-P-T299	0.056343683408510974	0.9452142256136268	1.5211354514526272
TP53BP1-P-T302	0.056343683408510974	0.9452142256136268	1.5318225857719665
MDC1-P-S793	-0.05462315017876685	0.9468418979286501	1.5167004476079302
MDC1-P-T1671	0.05462315017876685	0.9468418979286501	1.5202194741685056
MDC1-P-T1157	0.05366086445398828	0.9477534688961713	1.514654504563858
VCP-P-S702	-0.05366086445398828	0.9477534688961713	1.5111645172261532
XPC-P-S61	-0.04930736389331904	0.9518885085722238	1.5142686159355838
KPNA2-P-S62	-0.04930736389331904	0.9518885085722238	1.5107955227797683
UFD1-P-S299	0.04930736389331904	0.9518885085722238	1.50389691308671
ERCC6-P-S158	0.04930736389331904	0.9518885085722238	1.4970610180272248
MDC1-P-S544	0.04930736389331904	0.9518885085722238	1.493666321841222
BOD1L1-P-S800	0.04930736389331904	0.9518885085722238	1.4869229072956636
LIG3-P-S210	0.04930736389331904	0.9518885085722238	1.4802401077123122
BOD1L1-P-S3029	0.04930736389331904	0.9518885085722238	1.4769211837039886
MCM2-P-T106	0.04930736389331904	0.9518885085722238	1.470327785562453
BOD1L1-P-S3019	0.04930736389331904	0.9518885085722238	1.4605473346607072
LRWD1-P-S243	0.04930736389331904	0.9518885085722238	1.457316035247741
MSH6-P-S252	-0.04930736389331904	0.9518885085722238	1.4540990020573485
PPP4C-P-S47	-0.04930736389331904	0.9518885085722238	1.4508961408193368
PPP4R2-P-T173	0.04930736389331904	0.9518885085722238	1.507338324787137
PER1-P-S704	-0.04930736389331904	0.9518885085722238	1.5004711797994965
SLX4-P-S1469	0.04930736389331904	0.9518885085722238	1.4902869862714456
TP53BP1-P-S208	0.04930736389331904	0.9518885085722238	1.4835739818287814
NBN-P-T497	-0.04930736389331904	0.9518885085722238	1.4736171094675143
MUS81-P-S101	0.04930736389331904	0.9518885085722238	1.4670531134342515
SMARCA5-P-S755	0.04930736389331904	0.9518885085722238	1.4637929954043976
INO80E-P-S193	-0.04930736389331904	0.9518885085722238	1.4477073580922615
TFPT-P-T207	-0.04930736389331904	0.9518885085722238	1.4445325612543398
MDC1-P-S168	0.04547144942513829	0.9555468835953421	1.446911254809577
XPC-P-S884	0.04547144942513829	0.9555468835953421	1.4437520599300802
TP53BP1-P-S500	-0.04201329700420931	0.9588570305617448	1.442454489453755
MDC1-P-S329	-0.04201329700420931	0.9588570305617448	1.4393255209299942
BRCA2-P-S2095	-0.04201329700420931	0.9588570305617448	1.436210097724518
EP300-P-S2309	-0.04201329700420931	0.9588570305617448	1.4177971477536908
ATRX-P-S598	-0.04201329700420931	0.9588570305617448	1.4147741261166895
RIF1-P-S1688	-0.04201329700420931	0.9588570305617448	1.4455970918272927
RNMT-P-T77	-0.04201329700420931	0.9588570305617448	1.4331081320706853
SMARCAL1-P-S129	-0.04201329700420931	0.9588570305617448	1.430019536958464
CDC5L-P-T385	-0.04201329700420931	0.9588570305617448	1.4269442261262955
BOD1L1-P-S2475	-0.04201329700420931	0.9588570305617448	1.4238821140530629
MDC1-P-S1033	-0.04201329700420931	0.9588570305617448	1.4208331159501657
DTL-P-S485	-0.03359582032612061	0.9669622521538146	1.4236976138094461
BAZ1B-P-S347	-0.03185110832698683	0.968650795380341	1.4231557333401188
CLK2-P-S50	-0.03185110832698683	0.968650795380341	1.4201405728881271
USP1-P-S327	-0.03185110832698683	0.968650795380341	1.4171381615289556
RIF1-P-S2176	0.03185110832698683	0.968650795380341	1.4141484185721436
NHEJ1-P-S287	-0.03143094187458812	0.9690578754633575	1.4117643154118809
VCP-P-S3	0.027657989901982972	0.9727209903189459	1.4141237926485517
ERCC6L-P-S1069	-0.027657989901982972	0.9727209903189459	1.4111591725381774
MCM3-P-S672-T674	0.027657989901982972	0.9727209903189459	1.4082069566960471
TP53BP1-P-S119	0.027657989901982972	0.9727209903189459	1.3994239611241384
TP53BP1-P-S366	0.027657989901982972	0.9727209903189459	1.3936292449290073
SMARCA5-P-S66	-0.027657989901982972	0.9727209903189459	1.390749845662625
MRE11-P-S689	-0.027657989901982972	0.9727209903189459	1.3878823202076507
ORC2-P-T116	-0.027657989901982972	0.9727209903189459	1.3821825981534097
MCM2-P-S27	0.027657989901982972	0.9727209903189459	1.376529499592455
RIF1-P-S2205	0.027657989901982972	0.9727209903189459	1.3653609032468774
TOP2B-P-S1449	0.027657989901982972	0.9727209903189459	1.357102671977239
XRCC1-P-S241	-0.027657989901982972	0.9727209903189459	1.3543720831000212
TOP2B-P-S1452	0.027657989901982972	0.9727209903189459	1.3462458506014212
ORC1-P-T230	-0.027657989901982972	0.9727209903189459	1.335561359723632
TICRR-P-T566	0.027657989901982972	0.9727209903189459	1.3329166837637834
USP1-P-S475	0.027657989901982972	0.9727209903189459	1.3198488731386482
MDC1-P-S505	-0.027657989901982972	0.9727209903189459	1.3172659986315276
ABL1-P-S718	0.027657989901982972	0.9727209903189459	1.3146932134779503
LRWD1-P-S212	-0.027657989901982972	0.9727209903189459	1.312130458675849
MSH6-P-S200	-0.027657989901982972	0.9727209903189459	1.3095776756823163
SAMHD1-P-T592	0.027657989901982972	0.9727209903189459	1.3070348064091468
SMARCA5-P-T113	-0.027657989901982972	0.9727209903189459	1.3045017932184313
XRCC4-P-S320	-0.027657989901982972	0.9727209903189459	1.2994651067581284
CUL4B-P-S193	0.027657989901982972	0.9727209903189459	1.2969613204252612
RECQL4-P-S323	-0.027657989901982972	0.9727209903189459	1.294467164039828
ACTB-P-Y294	-0.027657989901982972	0.9727209903189459	1.2821389053346868
MCRS1-P-S282	-0.027657989901982972	0.9727209903189459	1.2772731030374014
EP300-P-S1038	0.027657989901982972	0.9727209903189459	1.2748540251907396
MCM4-P-T110	0.027657989901982972	0.9727209903189459	1.265268656580283
TTK-P-S321	-0.027657989901982972	0.9727209903189459	1.262894794185198
NSD2-P-T544	0.027657989901982972	0.9727209903189459	1.2605298226605066
USP1-P-S292	-0.027657989901982972	0.9727209903189459	1.2581736921508608
TP53BP1-P-S1460	0.027657989901982972	0.9727209903189459	1.2534877566121239
APBB1-P-S205	-0.027657989901982972	0.9727209903189459	1.2511578537187928
ASCC1-P-S67	-0.027657989901982972	0.9727209903189459	1.2465239357420566
CHAF1A-P-S141	0.027657989901982972	0.9727209903189459	1.2442198249551026
TP53BP1-P-S1678	0.027657989901982972	0.9727209903189459	1.2419242164219753
NSD2-P-T110	0.027657989901982972	0.9727209903189459	1.2373583185674826
ATRX-P-S1527	0.027657989901982972	0.9727209903189459	1.4052670674336338
TP53BP1-P-S484	-0.027657989901982972	0.9727209903189459	1.4023394277098136
MPLKIP-P-S115	-0.027657989901982972	0.9727209903189459	1.396520591910188
TOPBP1-P-S817	-0.027657989901982972	0.9727209903189459	1.3850265952689518
NBN-P-S604	-0.027657989901982972	0.9727209903189459	1.3793502567637512
DBF4-P-T553	0.027657989901982972	0.9727209903189459	1.3737202557157357
APTX-P-S132	0.027657989901982972	0.9727209903189459	1.3709224547875978
TP53BP1-P-S1705	0.027657989901982972	0.9727209903189459	1.3681360270339646
RIF1-P-S1238	-0.027657989901982972	0.9727209903189459	1.3625970147787663
ATM-P-S1891	0.027657989901982972	0.9727209903189459	1.359844293536789
MPLKIP-P-S47	-0.027657989901982972	0.9727209903189459	1.3516524604431939
CLSPN-P-S810	0.027657989901982972	0.9727209903189459	1.3489437380775762
COPS5-P-S284	0.027657989901982972	0.9727209903189459	1.3435587331351508
GPS1-P-S240	0.027657989901982972	0.9727209903189459	1.3408823213161565
TICRR-P-S1045	0.027657989901982972	0.9727209903189459	1.3382165512936592
CCNH-P-T315	0.027657989901982972	0.9727209903189459	1.330282461068598
RMI1-P-S292	-0.027657989901982972	0.9727209903189459	1.327658629784439
ACTB-P-S233	0.027657989901982972	0.9727209903189459	1.3250451285447058
BABAM1-P-S44	0.027657989901982972	0.9727209903189459	1.3224418964650502
MSH6-P-S309	0.027657989901982972	0.9727209903189459	1.3019785789182023
ABL1-P-S884	0.027657989901982972	0.9727209903189459	1.291982582151076
BABAM1-P-S62	0.027657989901982972	0.9727209903189459	1.289507519733162
SAMHD1-P-S583	0.027657989901982972	0.9727209903189459	1.287041922181091
MCM2-P-S139	-0.027657989901982972	0.9727209903189459	1.2845857353066996
MBD4-P-S422	0.027657989901982972	0.9727209903189459	1.2797013788986893
RPA1-P-S135	0.027657989901982972	0.9727209903189459	1.2724440931960501
MCM3-P-S672	0.027657989901982972	0.9727209903189459	1.2700432552843595
MCM2-P-S381	0.027657989901982972	0.9727209903189459	1.2676514600766677
CHAF1A-P-S203	0.027657989901982972	0.9727209903189459	1.2558263531729674
RAD23A-P-S205	-0.027657989901982972	0.9727209903189459	1.2488365961052144
SAMHD1-P-T21	-0.027657989901982972	0.9727209903189459	1.239637063168896
REV3L-P-S1724	0.027657989901982972	0.9727209903189459	1.235087936331579
HERC2-P-S1588	-0.027266900156832127	0.9731014859222671	1.2310534337444403
ATRX-P-S889	0.027266900156832127	0.9731014859222671	1.2333081103630197
MCRS1-P-S85	0.026380583725668354	0.9739643440846281	1.2298965804864281
RIF1-P-S1542	-0.025405506121620788	0.9749144980653374	1.2288539757034853
POLR2A-P-S1920	-0.025405506121620788	0.9749144980653374	1.226619695747661
ACTB-P-S199	-0.025405506121620788	0.9749144980653374	1.224393525700932
CDK7-P-S164	0.025405506121620788	0.9749144980653374	1.2221754214877056
GPS1-P-S468	0.025405506121620788	0.9749144980653374	1.2199653393511998
TFPT-P-S249	-0.02026660359516739	0.9799373836484022	1.221831836909359
CUL4B-P-S28	-0.02026660359516739	0.9799373836484022	1.2196342976343422
POLR2C-P-S124	-0.02026660359516739	0.9799373836484022	1.2174446489850885
TP53BP1-P-S598	0.02026660359516739	0.9799373836484022	1.2066132908980325
RNF168-P-S470	0.02026660359516739	0.9799373836484022	1.2044701056566507
NSD2-P-S437	-0.02026660359516739	0.9799373836484022	1.1959729620541346
BOD1L1-P-S2203	-0.02026660359516739	0.9799373836484022	1.193867375853335
MDC1-P-S376	0.02026660359516739	0.9799373836484022	1.1855186529452697
PKMYT1-P-S479	-0.02026660359516739	0.9799373836484022	1.1813879259315232
CHEK1-P-S301	0.02026660359516739	0.9799373836484022	1.179333338234251
MRE11-P-S667	-0.02026660359516739	0.9799373836484022	1.1772858845220386
UIMC1-P-S653	-0.02026660359516739	0.9799373836484022	1.1711859576592303
TOP1-P-S112	0.02026660359516739	0.9799373836484022	1.169166671525335
POLD2-P-S15	-0.02026660359516739	0.9799373836484022	1.1671543364624686
TP53BP1-P-S999	-0.02026660359516739	0.9799373836484022	1.1651489166403681
RPA1-P-S38	0.02026660359516739	0.9799373836484022	1.1631503764746043
TP53BP1-P-S993	-0.02026660359516739	0.9799373836484022	1.1611586806244765
EP300-P-S12	0.02026660359516739	0.9799373836484022	1.1591737939909303
MDC1-P-S1775	-0.02026660359516739	0.9799373836484022	1.1552243091732441
CUL4A-P-S10	0.02026660359516739	0.9799373836484022	1.1532596419807726
HMGN1-P-S99	-0.02026660359516739	0.9799373836484022	1.1493502872621937
CDC5L-P-T404	0.02026660359516739	0.9799373836484022	1.1474055321230021
ACTB-P-S365	0.02026660359516739	0.9799373836484022	1.145467347102524
CHAF1A-P-S199	0.02026660359516739	0.9799373836484022	1.1339743636867798
ATRX-P-S25	0.02026660359516739	0.9799373836484022	1.130194449141157
TRIM25-P-T91	0.02026660359516739	0.9799373836484022	1.1283139259312718
FAAP100-P-S667	0.02026660359516739	0.9799373836484022	1.126439650306801
HERC2-P-S2928	0.02026660359516739	0.9799373836484022	1.124571591185231
CHTF18-P-S871	0.02026660359516739	0.9799373836484022	1.1190044050902546
MTOR-P-S2481	0.02026660359516739	0.9799373836484022	1.1134920681193667
ABL1-P-T852	0.02026660359516739	0.9799373836484022	1.1080337736678012
TINF2-P-S295	-0.02026660359516739	0.9799373836484022	1.1062262144937915
USP10-P-T74	0.02026660359516739	0.9799373836484022	1.1044245431346813
PARP1-P-T368	-0.02026660359516739	0.9799373836484022	1.0972761642147157
SMARCC1-P-S310	-0.02026660359516739	0.9799373836484022	1.0955035048218
PPP4R2-P-S364	-0.02026660359516739	0.9799373836484022	1.0902197258596371
SMARCC1-P-S573	-0.02026660359516739	0.9799373836484022	1.083253465630502
WEE1-P-T190	0.02026660359516739	0.9799373836484022	1.081525788651825
PLK4-P-S401	0.02026660359516739	0.9799373836484022	1.079803613829131
ATRX-P-S316	0.02026660359516739	0.9799373836484022	1.0780869149200227
RECQL4-P-S27	0.02026660359516739	0.9799373836484022	1.0729694137416048
XRCC6-P-S6	0.02026660359516739	0.9799373836484022	1.0712743593755043
TP53BP1-P-S1462	0.02026660359516739	0.9799373836484022	1.0695846521840604
EP300-P-S2328	0.02026660359516739	0.9799373836484022	1.0679002669050304
LRWD1-P-S253	-0.02026660359516739	0.9799373836484022	1.0579043205689458
XPC-P-S903	0.02026660359516739	0.9799373836484022	1.056256494524446
SAMHD1-P-S18	-0.02026660359516739	0.9799373836484022	1.051343673619681
SMARCA4-P-S1382	0.02026660359516739	0.9799373836484022	1.0497162066326537
TP53BP1-P-S63	-0.02026660359516739	0.9799373836484022	1.2240373095391595
MSH6-P-S65	-0.02026660359516739	0.9799373836484022	1.2152628485388786
USP10-P-S211	0.02026660359516739	0.9799373836484022	1.213088854176555
RIF1-P-S1422	0.02026660359516739	0.9799373836484022	1.2109226240798112
RIF1-P-T409	-0.02026660359516739	0.9799373836484022	1.2087641167285104
SLX4-P-S1044	-0.02026660359516739	0.9799373836484022	1.2023345203629332
RBBP8-P-S327	-0.02026660359516739	0.9799373836484022	1.2002064946631756
EYA4-P-S274	-0.02026660359516739	0.9799373836484022	1.198085988488859
PTEN-P-S370	0.02026660359516739	0.9799373836484022	1.1917691906585137
TFPT-P-S180	-0.02026660359516739	0.9799373836484022	1.1896783675170075
ATRX-P-S875	-0.02026660359516739	0.9799373836484022	1.1875948677490267
BOD1L1-P-S2780	-0.02026660359516739	0.9799373836484022	1.1834496849645624
TP53BP1-P-S1701	0.02026660359516739	0.9799373836484022	1.1752455277031097
KDM4B-P-S566	-0.02026660359516739	0.9799373836484022	1.1732122309423776
TP53BP1-P-S640	0.02026660359516739	0.9799373836484022	1.1571956817144953
TOP2B-P-S1581	-0.02026660359516739	0.9799373836484022	1.151301645984201
NBN-P-S432	-0.02026660359516739	0.9799373836484022	1.143535698962385
GPS1-P-T479	0.02026660359516739	0.9799373836484022	1.1416105546880375
SMARCC1-P-S830	-0.02026660359516739	0.9799373836484022	1.139691881486881
SMARCAL1-P-S151	-0.02026660359516739	0.9799373836484022	1.1377796467863999
RTEL1-P-S882	0.02026660359516739	0.9799373836484022	1.1358738182323187
TTK-P-S281	-0.02026660359516739	0.9799373836484022	1.1320812512265348
WDHD1-P-S407	-0.02026660359516739	0.9799373836484022	1.1227097176898913
CDC5L-P-T355	-0.02026660359516739	0.9799373836484022	1.1208539991482551
ABL1-P-Y185	0.02026660359516739	0.9799373836484022	1.1171609052466134
TOP2B-P-S1550-S1552	-0.02026660359516739	0.9799373836484022	1.1153234695471945
TRIM25-P-S100	0.02026660359516739	0.9799373836484022	1.111666671286384
BABAM1-P-S66	-0.02026660359516739	0.9799373836484022	1.1098472495657845
KDM4B-P-S622	-0.02026660359516739	0.9799373836484022	1.1026287308694216
NBN-P-S397	-0.02026660359516739	0.9799373836484022	1.1008387491634648
POLE-P-S1940	0.02026660359516739	0.9799373836484022	1.0990545696672516
ABL1-P-S16	0.02026660359516739	0.9799373836484022	1.0937365636849907
TP53BP1-P-S1114	-0.02026660359516739	0.9799373836484022	1.091975313179862
TTK-P-S436	-0.02026660359516739	0.9799373836484022	1.0884697744537628
ATRIP-P-S518	-0.02026660359516739	0.9799373836484022	1.0867254318664972
RFC1-P-S190	-0.02026660359516739	0.9799373836484022	1.084986671175511
MEN1-P-S548	0.02026660359516739	0.9799373836484022	1.0763756658487211
PPP4R2-P-S226	-0.02026660359516739	0.9799373836484022	1.0746698407047452
SAMHD1-P-T25	-0.02026660359516739	0.9799373836484022	1.066221178435054
LIG1-P-S141	0.02026660359516739	0.9799373836484022	1.0645473618284054
WEE1-P-S150	-0.02026660359516739	0.9799373836484022	1.062878792295759
BOD1L1-P-S266	-0.02026660359516739	0.9799373836484022	1.0612154452029645
MDC1-P-S1086	-0.02026660359516739	0.9799373836484022	1.0595572960698347
UIMC1-P-S171	0.02026660359516739	0.9799373836484022	1.0546137939108775
POLR2A-P-S1889	-0.02026660359516739	0.9799373836484022	1.0529761948520098
SUMO1-P-S2	-0.02026660359516739	0.9799373836484022	1.048093770455478
MPLKIP-P-T10	-0.018496221448820023	0.9816737838894181	1.0451050130022728
MCM2-P-S41	0.018496221448820023	0.9816737838894181	1.0434996289577223
RIF1-P-S2465	0.018496221448820023	0.9816737838894181	1.0418991694041062
POLR2A-P-S1875-S1882	0.018496221448820023	0.9816737838894181	1.03712711213966
HMGN1-P-S86	-0.018496221448820023	0.9816737838894181	1.0355461256882275
MDC1-P-S998	0.018496221448820023	0.9816737838894181	1.0323985690751933
TCEA1-P-S57	0.018496221448820023	0.9816737838894181	1.0292700885628443
EP300-P-T887	-0.018496221448820023	0.9816737838894181	1.019997385062278
ACTB-P-S33	-0.018496221448820023	0.9816737838894181	1.0169435006758643
PPP4R2-P-S159	-0.018496221448820023	0.9816737838894181	1.0154234057570661
BOD1L1-P-S2753	0.018496221448820023	0.9816737838894181	1.0483306457584527
BAP1-P-S395	-0.018496221448820023	0.9816737838894181	1.0467153443011976
LIG3-P-S913	-0.018496221448820023	0.9816737838894181	1.0403036117174231
SAMHD1-P-S18-T21	-0.018496221448820023	0.9816737838894181	1.0387129334120448
BAZ1B-P-S345	-0.018496221448820023	0.9816737838894181	1.0339699519809396
RFC1-P-S108	-0.018496221448820023	0.9816737838894181	1.030831955161574
EME1-P-S87	0.018496221448820023	0.9816737838894181	1.0277129477329459
RIF1-P-S2144	-0.018496221448820023	0.9816737838894181	1.026160511256008
RPA1-P-S384	0.018496221448820023	0.9816737838894181	1.0246127578453654
MNAT1-P-S279	0.018496221448820023	0.9816737838894181	1.0230696663425862
CLK2-P-S97	-0.018496221448820023	0.9816737838894181	1.0215312157165073
BOD1L1-P-S482	0.018496221448820023	0.9816737838894181	1.0184681536004156
UBXN1-P-S132	0.014309979002635467	0.9857919221002638	1.0181612090946008
LRWD1-P-S259	-0.014309979002635467	0.9857919221002638	1.0166438302434913
MPLKIP-P-S40	-0.011918511688476114	0.9881522324381338	1.0175615250702212
SMARCA4-P-T1455	-0.011918511688476114	0.9881522324381338	1.016049546578289
TP53BP1-P-S103	0.011409213640306186	0.9886556246188558	1.0150588905582318
TP53BP1-P-T1638	0.011409213640306186	0.9886556246188558	1.0135550996092566
HMGN1-P-S25	0.011409213640306186	0.9886556246188558	1.0120557577459293
PARP1-P-S782	-0.011409213640306186	0.9886556246188558	1.0105608452529515
DDB1-P-T833-Y837	0.011409213640306186	0.9886556246188558	1.0090703425313396
SLX4-P-T1315	0.011409213640306186	0.9886556246188558	1.0075842300975675
SIRT6-P-S303	0.011409213640306186	0.9886556246188558	1.0061024885827181
SMARCAL1-P-S198	-0.011409213640306186	0.9886556246188558	1.004625098731642
RFC1-P-S368	-0.011409213640306186	0.9886556246188558	1.0031520414021236
UNG-P-S14	-0.011221666259450716	0.9888410617804045	0.9974898174227986
ELL-P-S442	-0.011221666259450716	0.9888410617804045	1.0018711782606733
EYA2-P-T404	-0.011221666259450716	0.9888410617804045	1.0004064543158477
RECQL5-P-S727	-0.011221666259450716	0.9888410617804045	0.9989460069372845
MCM3-P-S160	-0.01006984716856303	0.98998068398653	0.9971857835788629
DBF4-P-S359	0.01006984716856303	0.98998068398653	0.9957363856376145
MDC1-P-S1814	0.008041638316985757	0.9919906091576861	0.9963098716068487
SMARCC1-P-S328	-0.006727119435005573	0.9932954569798274	0.9961745742464355
BOD1L1-P-S1017	0.0016152500190762657	0.998386053795146	0.998386053795146
TOP2B-P-S1336	0.0016152500190762657	0.998386053795146	0.9998308961305948

Data type: org.panda.causalpath.data.ProteinData
Row ID	Change amount	P-value	Q-value
SOD1-G	-2.3630249091369455	0.09413504214128521	12.049285394084507
CDK6-G	2.3630249091369455	0.09413504214128521	24.098570788169013
YY1-G	-1.4503084410617801	0.23449794814195524	20.01049157478018
BARD1-G	1.2881259071337223	0.2757871498090951	10.085930050161192
GINS4-G	1.2881259071337223	0.2757871498090951	8.825188793891042
RPS27A-G	-1.2881259071337223	0.2757871498090951	17.650377587782085
UIMC1-G	-1.2881259071337223	0.2757871498090951	14.120302070225668
XPA-G	-1.2881259071337223	0.2757871498090951	11.766918391854723
ASCC1-G	1.2881259071337223	0.2757871498090951	7.844612261236482
GTF2H1-G	0.856734804067439	0.4245460476571495	10.868378820023027
TIPIN-G	-0.8227056893949405	0.43924159394234125	10.222349822658124
TTK-G	0.7791239338155461	0.45880778127332367	9.787899333830905
BAP1-G	-0.7791239338155461	0.45880778127332367	8.38962800042649
TYMS-G	0.7791239338155461	0.45880778127332367	5.872739600298543
RNF168-G	-0.7791239338155461	0.45880778127332367	6.909105412115933
RAD23B-G	-0.7791239338155461	0.45880778127332367	5.106730087216124
POLL-G	-0.7791239338155461	0.45880778127332367	7.340924500373179
GINS2-G	0.7791239338155461	0.45880778127332367	6.525266222553936
PTEN-G	-0.7791239338155461	0.45880778127332367	6.181831158208992
RAD1-G	-0.7791239338155461	0.45880778127332367	9.034984000459296
RAD23A-G	-0.7791239338155461	0.45880778127332367	7.830319467064724
POLR2G-G	0.7791239338155461	0.45880778127332367	5.59308533361766
RAD17-G	-0.7791239338155461	0.45880778127332367	5.338854182089585
UNG-G	-0.7791239338155461	0.45880778127332367	4.893949666915453
USP1-G	-0.6417004038920211	0.5263965758207271	4.991019385559486
TIMELESS-G	-0.6417004038920211	0.5263965758207271	5.390300936404246
POLR2H-G	-0.6417004038920211	0.5263965758207271	5.182981669619466
CUL5-G	-0.6417004038920211	0.5263965758207271	4.812768693218076
UBE2N-G	-0.6068164489762635	0.5450834106439585	4.651378437495112
CHEK1-G	0.6068164489762635	0.5450834106439585	4.501333971769464
MBD4-G	0.6068164489762635	0.5450834106439585	4.811770797408737
RNF4-G	-0.6068164489762635	0.5450834106439585	4.360667285151668
TERF1-G	-0.5077055842058975	0.6018749471697318	4.669090499256101
BLM-G	0.500727621706337	0.6060894953589114	4.4331117374823235
KDM4B-G	-0.500727621706337	0.6060894953589114	4.563497376820039
CHAF1A-G	-0.43704210182034947	0.6459442354099729	4.469235790944677
CCNH-G	0.43704210182034947	0.6459442354099729	4.59338122958203
CETN2-G	-0.3942462772967415	0.6741879985953799	4.5418980958004544
RECQL4-G	-0.3437483097624432	0.7091073809963127	4.538287238376401
XRCC1-G	-0.3437483097624432	0.7091073809963127	4.65465357782195
BABAM1-G	-0.3293229260864422	0.7194106627626424	4.491929991883816
SMARCC1-G	0.3293229260864422	0.7194106627626424	4.384979277791344
APBB1-G	-0.3290094002229153	0.7196362519740938	4.186974556940182
KPNA2-G	0.3290094002229153	0.7196362519740938	3.542824625103231
BRCA1-G	-0.3290094002229153	0.7196362519740938	3.4759788774597737
HMGN1-G	-0.3290094002229153	0.7196362519740938	3.4116088982475556
DDB1-G	-0.3290094002229153	0.7196362519740938	3.3495796455521454
BRCC3-G	-0.3290094002229153	0.7196362519740938	3.289765723310143
PIAS1-G	-0.3290094002229153	0.7196362519740938	2.924236198497905
HRAS-G	-0.3290094002229153	0.7196362519740938	4.284346058264372
CHEK2-G	0.3290094002229153	0.7196362519740938	3.68453761010736
LIG1-G	0.3290094002229153	0.7196362519740938	3.6122917746150587
CHTF18-G	0.3290094002229153	0.7196362519740938	2.9714012984736775
APTX-G	-0.3290094002229153	0.7196362519740938	3.9197208618163404
POLR2L-G	0.3290094002229153	0.7196362519740938	3.232050535181895
DDB2-G	-0.3290094002229153	0.7196362519740938	3.1763255259546206
NHEJ1-G	-0.3290094002229153	0.7196362519740938	3.122489500090983
ATRX-G	-0.3290094002229153	0.7196362519740938	4.093930677897067
CDK4-G	0.3290094002229153	0.7196362519740938	4.004932184899304
TICRR-G	0.3290094002229153	0.7196362519740938	3.8380600105285
FTO-G	0.3290094002229153	0.7196362519740938	3.759732255211592
BOD1L1-G	-0.3290094002229153	0.7196362519740938	3.0704480084228
XPC-G	-0.3290094002229153	0.7196362519740938	3.0201127951699673
TP53-G	0.3059685732304584	0.7364097620723302	2.945639048289321
SETMAR-G	-0.3059685732304584	0.7364097620723302	2.900321524469485
AURKB-G	0.30543960816830285	0.7367994001512769	2.8578885824049527
MRE11-G	-0.2611590788540393	0.7701583939549776	2.9426947589921535
PAXIP1-G	-0.24182114714554584	0.7851965996471635	2.9560342574952037
DNA2-G	0.23593861675313796	0.7898291547228166	2.808281439014459
UBXN1-G	-0.23593861675313796	0.7898291547228166	2.888518051557729
POLR2B-G	0.23593861675313796	0.7898291547228166	2.847834698718888
CDK7-G	0.23593861675313796	0.7898291547228166	2.7698118302608363
ERCC6L-G	0.23593861675313796	0.7898291547228166	2.732381940662717
PCLAF-G	-0.23593861675313796	0.7898291547228166	2.9303806320150874
GTF2H5-G	0.201983522285108	0.8171083919104264	2.7890633110542553
RMI1-G	0.201983522285108	0.8171083919104264	2.7523651095930153
LIG4-G	0.19679643490445167	0.8213578160781021	2.7307480638440795
UBE2I-G	0.19174818055576962	0.8255147229784278	2.7093816549035576
KAT5-G	0.19174818055576962	0.8255147229784278	2.675085684588323
SAMHD1-G	0.18889039090429105	0.8278772445979314	2.6492071827133805
RNASEH2C-G	-0.1713412787990393	0.8425339854138659	2.6628234600734526
YWHAG-G	0.15707484328385793	0.8546400923529565	2.6681446785653273
GMNN-G	-0.15481404887643746	0.8565744436555055	2.6419645491061376
POLB-G	-0.15481404887643746	0.8565744436555055	2.610512590188207
PCNA-G	0.1547192481660176	0.8566556513705053	2.5800452558923452
RRM2-G	0.1376800868672503	0.8713774122380047	2.5938676457317347
TOP2A-G	0.13315672732692435	0.8753278935567314	2.5177970870845305
NBN-G	-0.13315672732692435	0.8753278935567314	2.435695008157861
PLRG1-G	-0.13315672732692435	0.8753278935567314	2.263474148995184
USP7-G	-0.13315672732692435	0.8753278935567314	2.1546532764473385
LRWD1-G	-0.13315672732692435	0.8753278935567314	2.134132769052602
GTF2H3-G	0.13315672732692435	0.8753278935567314	2.0942424369207777
RRM1-G	-0.13315672732692435	0.8753278935567314	2.0748513032455853
TERF2IP-G	0.13315672732692435	0.8753278935567314	1.9830437234559577
MORF4L1-G	0.13315672732692435	0.8753278935567314	1.948556006526289
DUT-G	-0.13315672732692435	0.8753278935567314	1.9317581099183037
WRN-G	0.13315672732692435	0.8753278935567314	1.915247356842079
MMS22L-G	-0.13315672732692435	0.8753278935567314	1.792671526004186
RFC2-G	0.13315672732692435	0.8753278935567314	1.7506557871134627
UBE2T-G	0.13315672732692435	0.8753278935567314	2.5756774798910715
USP10-G	0.13315672732692435	0.8753278935567314	2.546408417619582
ATRIP-G	-0.13315672732692435	0.8753278935567314	2.358778323689718
TDP2-G	-0.13315672732692435	0.8753278935567314	2.175572240296342
KDM4A-G	0.13315672732692435	0.8753278935567314	2.113999441042672
ABL1-G	-0.13315672732692435	0.8753278935567314	2.0007494709868143
TCEA1-G	-0.13315672732692435	0.8753278935567314	1.883058325634649
CDK1-G	0.13315672732692435	0.8753278935567314	1.867366172921027
SUMO2-G	-0.13315672732692435	0.8753278935567314	1.8218206565083188
TP53BP1-G	-0.13315672732692435	0.8753278935567314	1.7784439742105018
XRCC6-G	0.13315672732692435	0.8753278935567314	1.7105644332101009
ATR-G	-0.13315672732692435	0.8753278935567314	1.697605611746388
PPP5C-G	0.13315672732692435	0.8753278935567314	1.6848416597783702
GTF2H4-G	0.13315672732692435	0.8753278935567314	2.4898215638947025
CUL4B-G	0.13315672732692435	0.8753278935567314	2.310143719077559
CCNA2-G	0.13315672732692435	0.8753278935567314	2.2865708239849307
DTYMK-G	-0.13315672732692435	0.8753278935567314	2.2408394075052325
GTF2H2-G	0.13315672732692435	0.8753278935567314	2.2186528787180517
FANCD2-G	-0.13315672732692435	0.8753278935567314	2.1969013799070907
AURKA-G	0.13315672732692435	0.8753278935567314	2.0558159701882865
PIAS4-G	-0.13315672732692435	0.8753278935567314	2.018774240995705
MLH1-G	0.13315672732692435	0.8753278935567314	1.965648603074765
COPS6-G	0.13315672732692435	0.8753278935567314	1.8990164470383324
RMI2-G	-0.13315672732692435	0.8753278935567314	1.8519333946324235
MNAT1-G	0.13315672732692435	0.8753278935567314	1.8071285544397033
PLK1-G	0.13315672732692435	0.8753278935567314	1.7370848120195599
PPP4C-G	0.13315672732692435	0.8753278935567314	2.4624608873683873
ERCC6-G	-0.13315672732692435	0.8753278935567314	2.409504739252938
RIF1-G	0.13315672732692435	0.8753278935567314	2.3838717101119493
INO80E-G	0.13315672732692435	0.8753278935567314	2.3342077161512838
CDC25C-G	0.13315672732692435	0.8753278935567314	2.037126734095666
WEE1-G	-0.13315672732692435	0.8753278935567314	1.8367536127092068
RAD50-G	-0.13315672732692435	0.8753278935567314	1.7644404783505765
MAPK8-G	-0.13315672732692435	0.8753278935567314	1.723722621157871
RBX1-G	-0.12740613599690512	0.8803760475761417	1.6819124491006887
TERF2-G	0.12531649132170297	0.8822176441672614	1.6248037187540931
MCM7-G	0.12531649132170297	0.8822176441672614	1.6606449772560214
PRKDC-G	0.12531649132170297	0.8822176441672614	1.6365776587450647
RNMT-G	-0.12531649132170297	0.8822176441672614	1.6131979779058494
ORC2-G	-0.12531649132170297	0.8822176441672614	1.6017568574951697
ABRAXAS1-G	-0.12531649132170297	0.8822176441672614	1.6729460511616217
RBBP8-G	-0.12531649132170297	0.8822176441672614	1.6485234810716711
PKMYT1-G	-0.1102996344377521	0.8955657527494143	1.6145410753792258
POLD1-G	0.08003763011913503	0.9230816100621159	1.6525097354958158
RECQL5-G	-0.07661444878741078	0.9262469003877642	1.6466611562449143
ACTB-G	0.07657666820836483	0.9262818951930583	1.6353666563408478
SIRT6-G	-0.07657666820836483	0.9262818951930583	1.6131167698600197
FANCL-G	0.07657666820836483	0.9262818951930583	1.624165514859061
WDHD1-G	0.0703587327613538	0.9320593996835954	1.6122108535067596
APEX1-G	-0.0703587327613538	0.9320593996835954	1.6013906464362444
MCM5-G	0.06656839838783828	0.9355989202099506	1.596755490491649
NSD2-G	0.03590610684400657	0.9647308708569078	1.6141902152899894
FANCI-G	0.03590610684400657	0.9647308708569078	1.583148095765182
PARP2-G	-0.03590610684400657	0.9647308708569078	1.5631082464516988
MCM6-G	0.03590610684400657	0.9647308708569078	1.5532773769771597
VCP-G	0.03590610684400657	0.9647308708569078	1.5245129811072122
MTOR-G	-0.03590610684400657	0.9647308708569078	1.4788688798764575
PIAS3-G	-0.03590610684400657	0.9647308708569078	1.4527711937609906
SMARCA4-G	-0.03590610684400657	0.9647308708569078	1.3644812317092176
UBE2V2-G	0.03590610684400657	0.9647308708569078	1.3569840820844417
APLF-G	0.03590610684400657	0.9647308708569078	1.6355702181415126
RFC4-G	0.03590610684400657	0.9647308708569078	1.6248098877590025
DHFR-G	0.03590610684400657	0.9647308708569078	1.593361954447538
POLE-G	-0.03590610684400657	0.9647308708569078	1.5730643499322827
NPLOC4-G	0.03590610684400657	0.9647308708569078	1.5435693933710524
MSH2-G	0.03590610684400657	0.9647308708569078	1.5339820058345863
XRCC4-G	0.03590610684400657	0.9647308708569078	1.4700660889248118
LIG3-G	-0.03590610684400657	0.9647308708569078	1.4613674730140143
MCM3-G	0.03590610684400657	0.9647308708569078	1.44427545578578
CLK2-G	-0.03590610684400657	0.9647308708569078	1.403244903064593
RTEL1-G	-0.03590610684400657	0.9647308708569078	1.3953169657591435
RPA3-G	0.03590610684400657	0.9647308708569078	1.5151601407323214
POLD3-G	0.03590610684400657	0.9647308708569078	1.5059213593863927
SMARCA5-G	0.03590610684400657	0.9647308708569078	1.4275786297073318
HLTF-G	-0.03590610684400657	0.9647308708569078	1.4193741548239562
ERCC3-G	0.03590610684400657	0.9647308708569078	1.4112634453678194
CDC5L-G	-0.03590610684400657	0.9647308708569078	1.387478106400946
TRIP13-G	0.03590610684400657	0.9647308708569078	1.3720616829964911
RFC5-G	0.03590610684400657	0.9647308708569078	1.6037084606452494
ELL-G	0.03590610684400657	0.9647308708569078	1.4967945632688993
POLR2E-G	-0.03590610684400657	0.9647308708569078	1.487777728550412
XRCC5-G	0.03590610684400657	0.9647308708569078	1.4358785054614442
MCM2-G	0.03590610684400657	0.9647308708569078	1.3797268320635105
FANCG-G	0.035482008050485125	0.9651400988257214	1.350141340433796
MCM4-G	0.035482008050485125	0.9651400988257214	1.3428036157575254
FEN1-G	0.03459418306705721	0.9659973548082964	1.3367314747617507
MSH6-G	0.0321631367311451	0.9683485959683239	1.325653692876422
BABAM2-G	-0.0321631367311451	0.9683485959683239	1.3327808632682308
RAD18-G	0.029450507458364736	0.9709789326672538	1.3221840785256223
POLR2I-G	0.027350299156245168	0.9730203336160714	1.311016870556391
PNKP-G	-0.027350299156245168	0.9730203336160714	1.304152907883321
PPP4R2-G	-0.027350299156245168	0.9730203336160714	1.2774010533626374
POLM-G	0.027350299156245168	0.9730203336160714	1.2708837010495626
REV3L-G	-0.027350299156245168	0.9730203336160714	1.2517246502799713
RPA2-G	0.027350299156245168	0.9730203336160714	1.2392696786353945
RAD9A-G	0.027350299156245168	0.9730203336160714	1.221045124537815
GPS1-G	0.027350299156245168	0.9730203336160714	1.1532092842857142
BAZ1B-G	0.027350299156245168	0.9730203336160714	1.1170098897117233
POLQ-G	-0.027350299156245168	0.9730203336160714	1.1070809129142858
COPS5-G	-0.027350299156245168	0.9730203336160714	1.1021823248040454
ORC1-G	-0.027350299156245168	0.9730203336160714	1.0830139365465838
HERC2-G	0.027350299156245168	0.9730203336160714	1.0783255645269016
ERCC2-G	-0.027350299156245168	0.9730203336160714	1.0554796839225182
ERCC4-G	-0.027350299156245168	0.9730203336160714	1.033581765168939
RAD51C-G	0.027350299156245168	0.9730203336160714	1.0125740057142858
EYA3-G	0.027350299156245168	0.9730203336160714	1.2331346802263083
UBA52-G	-0.027350299156245168	0.9730203336160714	1.2150888068571428
TRIM25-G	-0.027350299156245168	0.9730203336160714	1.2091903175034675
ETAA1-G	-0.027350299156245168	0.9730203336160714	1.1585730483986711
UBE2A-G	-0.027350299156245168	0.9730203336160714	1.1478949557867018
RUVBL2-G	0.027350299156245168	0.9730203336160714	1.1374118968297455
RCHY1-G	0.027350299156245168	0.9730203336160714	1.1322418427532468
TOP1-G	0.027350299156245168	0.9730203336160714	1.0973268960604154
BRIP1-G	0.027350299156245168	0.9730203336160714	1.0736776095073892
TOPBP1-G	-0.027350299156245168	0.9730203336160714	1.0645008778021978
CUL4A-G	-0.027350299156245168	0.9730203336160714	1.0599710868328267
MCRS1-G	0.027350299156245168	0.9730203336160714	1.0378883558571428
MPG-G	-0.027350299156245168	0.9730203336160714	1.02087379264637
DYNLL1-G	-0.027350299156245168	0.9730203336160714	1.2973604448214286
YWHAE-G	-0.027350299156245168	0.9730203336160714	1.2906383699777941
TOP2B-G	0.027350299156245168	0.9730203336160714	1.283985594874816
HUS1-G	-0.027350299156245168	0.9730203336160714	1.2454660270285713
STK19-G	0.027350299156245168	0.9730203336160714	1.203348818385093
PARP1-G	0.027350299156245168	0.9730203336160714	1.1975634875274725
POLR2J-G	-0.027350299156245168	0.9730203336160714	1.191833518687628
WDR48-G	0.027350299156245168	0.9730203336160714	1.1694516685714287
RFC1-G	0.027350299156245168	0.9730203336160714	1.1271185764964446
ERCC1-G	0.027350299156245168	0.9730203336160714	1.1220414657915059
RPA1-G	-0.027350299156245168	0.9730203336160714	1.1120232384183673
RRM2B-G	0.027350299156245168	0.9730203336160714	1.0925140587969926
PRPF19-G	0.027350299156245168	0.9730203336160714	1.0422309849611477
RFC3-G	0.027350299156245168	0.9730203336160714	1.0250749193650794
CIB1-G	-0.027350299156245168	0.9730203336160714	1.0084745158126085
UFD1-G	0.027350299156245168	0.9730203336160714	1.004408086313364
ATM-G	0.027350299156245168	0.9730203336160714	1.3179534677551021
SLX4-G	-0.027350299156245168	0.9730203336160714	1.2644325147498188
POLR2C-G	-0.027350299156245168	0.9730203336160714	1.2580464919480518
ACTL6A-G	-0.027350299156245168	0.9730203336160714	1.2270601251513018
BRCA2-G	0.027350299156245168	0.9730203336160714	1.186158120979592
TDP1-G	-0.027350299156245168	0.9730203336160714	1.1805365185104943
EYA2-G	0.027350299156245168	0.9730203336160714	1.174967950026954
CDK2-G	0.027350299156245168	0.9730203336160714	1.1639869411481976
SMARCAL1-G	-0.027350299156245168	0.9730203336160714	1.1426293825950196
RUVBL1-G	0.027350299156245168	0.9730203336160714	1.0877432550467874
NUDT5-G	0.027350299156245168	0.9730203336160714	1.0690695510974861
SUMO1-G	0.027350299156245168	0.9730203336160714	1.0510261831464738
JMJD6-G	-0.027350299156245168	0.9730203336160714	1.0466101067466986
TINF2-G	-0.027350299156245168	0.9730203336160714	1.0293107661393153
MDC1-G	0.027350299156245168	0.9730203336160714	1.0167069608396502
POLR2K-G	0.024711839024153165	0.9755909987815073	1.0030172517593008
POLD2-G	0.024711839024153165	0.9755909987815073	0.9990051827522636
MEN1-G	-0.024711839024153165	0.9755909987815073	0.9950250824225733
POLR2F-G	0.020533215502163776	0.9796761554986256	0.9952265706652705
YWHAB-G	0.018415652439372644	0.9817528795600736	0.9933942180528809
POLR2D-G	-0.013560661044891835	0.9865308705091732	0.9903996190209738
POLR2A-G	-0.013560661044891835	0.9865308705091732	0.9942988301194816
NABP2-G	0.003727851485414759	0.996279088326726	0.996279088326726

Data type: org.panda.causalpath.data.RNAData
Row ID	Change amount	P-value	Q-value
PAXIP1-R	-0.8375525373511978	0.4327684128546254	144.9774183062995
NABP2-R	-0.8375525373511978	0.4327684128546254	72.48870915314976
RBBP8-R	-0.8375525373511978	0.4327684128546254	48.32580610209984
XPA-R	-0.8375525373511978	0.4327684128546254	36.24435457657488
KDM4B-R	-0.8375525373511978	0.4327684128546254	28.995483661259904
GADD45G-R	-0.6449156501755164	0.524706799166444	29.29612962012646
PTEN-R	-0.62461281250113	0.5354687151795523	22.422752448143754
RAD51D-R	-0.62461281250113	0.5354687151795523	19.931335509461114
ORC6-R	0.62461281250113	0.5354687151795523	25.626002797878577
APBB1-R	-0.5961732754399849	0.5509158105409446	16.77789059374695
CDK6-R	0.5961732754399849	0.5509158105409446	18.455679653121646
RAD50-R	-0.5961732754399849	0.5509158105409446	15.379733044268038
MDM2-R	-0.42694820397751865	0.6524973481199587	16.81435474001432
BAP1-R	-0.3979488596350064	0.671696377581583	13.23636979351943
ACTB-R	0.3979488596350064	0.671696377581583	11.843067709991068
ERCC4-R	-0.3979488596350064	0.671696377581583	9.783403760427404
H2BC21-R	-0.3979488596350064	0.671696377581583	9.375761937076263
APLF-R	0.3979488596350064	0.671696377581583	16.072734749273593
ATRIP-R	-0.3979488596350064	0.671696377581583	14.063642905614394
TERF2-R	0.3979488596350064	0.671696377581583	11.250914324491514
H2BC5-R	-0.3979488596350064	0.671696377581583	9.000731459593212
XRCC3-R	-0.3979488596350064	0.671696377581583	12.501015916101684
RNMT-R	-0.3979488596350064	0.671696377581583	10.228103931355923
NEIL1-R	-0.3979488596350064	0.671696377581583	15.00121909932202
RBX1-R	0.3979488596350064	0.671696377581583	10.715156499515729
POLL-R	-0.35755821609053007	0.6993819824727571	9.011267851091294
RFC3-R	0.35755821609053007	0.6993819824727571	8.677517189939763
PPP4R2-R	-0.21089166871375103	0.8098617954993038	9.689417910438099
RNF111-R	-0.1752591237677859	0.8392395256833813	8.519552760725235
TOPBP1-R	-0.1752591237677859	0.8392395256833813	8.032721174398079
UFD1-R	0.1752591237677859	0.8392395256833813	9.694663486342508
CCNA2-R	0.1752591237677859	0.8392395256833813	9.069201325933314
EXO1-R	0.1752591237677859	0.8392395256833813	8.785788784497898
RFC5-R	-0.1752591237677859	0.8392395256833813	9.371508036797758
LIG4-R	0.1752591237677859	0.8392395256833813	8.268977679527433
XPC-R	-0.1752591237677859	0.8392395256833813	7.809590030664798
ATRX-R	-0.17310509608292546	0.8410492192212	7.614905092948702
VCP-R	0.1391162104474705	0.8701269047455928	7.474167002301887
YY1-R	-0.1391162104474705	0.8701269047455928	7.109573489994478
ERCC6-R	-0.1391162104474705	0.8701269047455928	7.6708556076256205
CUL5-R	-0.1391162104474705	0.8701269047455928	7.28731282724434
TICRR-R	0.09685893005219022	0.9076840440426306	7.239860827482888
CETN2-R	-0.09612464338701382	0.9083507890934066	7.076686380146308
KPNA2-R	0.06766759374238383	0.9345710792256446	6.957362478679799
CDC45-R	0.06766759374238383	0.9345710792256446	6.806115468273716
LIG3-R	-0.06766759374238383	0.9345710792256446	6.522527323762311
SLX1A-R	0.06766759374238383	0.9345710792256446	7.1154843531952485
POLR2L-R	-0.06766759374238383	0.9345710792256446	6.661304500863637
H2AZ1-R	0.055125802744809806	0.946366085013329	5.870974786656763
FAAP100-R	-0.055125802744809806	0.946366085013329	6.216326244695397
RRM2-R	0.055125802744809806	0.946366085013329	6.340652769589305
SMARCA5-R	0.055125802744809806	0.946366085013329	6.096781509220485
GINS4-R	0.055125802744809806	0.946366085013329	5.981747895838966
TERF1-R	-0.055125802744809806	0.946366085013329	6.470053846519698
CHEK2-R	0.049216091428962966	0.9519753937472452	5.798395580096857
TTK-R	0.045339170147126386	0.9556732910075669	5.426280550636185
PLK4-R	0.045339170147126386	0.9556732910075669	5.248369712910408
CCNA1-R	0.045339170147126386	0.9556732910075669	4.925393115192845
USP7-R	-0.045339170147126386	0.9556732910075669	4.850765946780832
POLM-R	-0.045339170147126386	0.9556732910075669	4.446535451215762
MCM6-R	0.045339170147126386	0.9556732910075669	4.268674033167132
PLRG1-R	0.045339170147126386	0.9556732910075669	4.104494262660704
H4C1-R	0.045339170147126386	0.9556732910075669	4.05253863908272
PARP2-R	0.045339170147126386	0.9556732910075669	3.9524759566362335
AURKB-R	0.045339170147126386	0.9556732910075669	3.6380744600856243
GMNN-R	0.045339170147126386	0.9556732910075669	3.5572283609726103
YWHAB-R	-0.045339170147126386	0.9556732910075669	3.479897309647119
USP37-R	-0.045339170147126386	0.9556732910075669	3.442479059005752
EYA4-R	0.045339170147126386	0.9556732910075669	3.3349015884118223
MTOR-R	0.045339170147126386	0.9556732910075669	3.2015055248753495
WRN-R	-0.045339170147126386	0.9556732910075669	3.169807450371633
FANCE-R	0.045339170147126386	0.9556732910075669	2.992061238201261
GPS1-R	-0.045339170147126386	0.9556732910075669	2.9643569674771753
BRCA1-R	-0.045339170147126386	0.9556732910075669	2.9104595680684993
ORC1-R	0.045339170147126386	0.9556732910075669	2.7131402753180924
CENPX-R	-0.045339170147126386	0.9556732910075669	2.690340777206176
KAT5-R	-0.045339170147126386	0.9556732910075669	2.6679212707294577
BLM-R	0.045339170147126386	0.9556732910075669	2.624184856455204
BRCC3-R	-0.045339170147126386	0.9556732910075669	2.6028500202238614
PLK2-R	0.045339170147126386	0.9556732910075669	2.5408774006947215
EME2-R	-0.045339170147126386	0.9556732910075669	2.5011761913088666
MSH6-R	0.045339170147126386	0.9556732910075669	2.3199315397647458
RMI1-R	-0.045339170147126386	0.9556732910075669	2.270571294237836
PIAS1-R	-0.045339170147126386	0.9556732910075669	2.2545813555460206
RAD51C-R	-0.045339170147126386	0.9556732910075669	2.1928120033392804
ACD-R	0.045339170147126386	0.9556732910075669	5.51983711185405
POLE-R	-0.045339170147126386	0.9556732910075669	4.573579321250499
RAD54L-R	0.045339170147126386	0.9556732910075669	4.212507269572828
CDC6-R	0.045339170147126386	0.9556732910075669	3.4058569413567543
ABL1-R	-0.045339170147126386	0.9556732910075669	3.1387309067405385
SETMAR-R	-0.045339170147126386	0.9556732910075669	3.1082577911411158
CENPS-R	-0.045339170147126386	0.9556732910075669	3.078370696995528
ETAA1-R	-0.045339170147126386	0.9556732910075669	3.049052880833666
DTL-R	-0.045339170147126386	0.9556732910075669	2.8842392115994135
FANCM-R	-0.045339170147126386	0.9556732910075669	2.8584870757815617
XRCC6-R	0.045339170147126386	0.9556732910075669	2.8083381797152187
TP53BP1-R	-0.045339170147126386	0.9556732910075669	2.7363295084404693
RTEL1-R	-0.045339170147126386	0.9556732910075669	2.4626965575964226
MPG-R	-0.045339170147126386	0.9556732910075669	2.443897347233091
TOP1-R	-0.045339170147126386	0.9556732910075669	2.425382973390416
PPP5C-R	0.045339170147126386	0.9556732910075669	2.407147011184473
DBF4-R	0.045339170147126386	0.9556732910075669	2.354048180055404
MCRS1-R	-0.045339170147126386	0.9556732910075669	2.3032413848024094
CDC25B-R	0.045339170147126386	0.9556732910075669	2.223267725607881
TOP2B-R	-0.045339170147126386	0.9556732910075669	5.616676359430437
TIMELESS-R	-0.045339170147126386	0.9556732910075669	5.163718588508628
MCM7-R	0.045339170147126386	0.9556732910075669	4.778366455037835
CUL4B-R	-0.045339170147126386	0.9556732910075669	4.6398630795294915
UBE2N-R	-0.045339170147126386	0.9556732910075669	4.326358817399121
RAD9B-R	-0.045339170147126386	0.9556732910075669	4.157799382954999
PRKDC-R	0.045339170147126386	0.9556732910075669	4.001881906094186
YWHAG-R	0.045339170147126386	0.9556732910075669	3.857235572138975
DCLRE1A-R	-0.045339170147126386	0.9556732910075669	3.722680842878313
POLR2J-R	-0.045339170147126386	0.9556732910075669	3.6798914079027
WDR48-R	-0.045339170147126386	0.9556732910075669	3.370005815658262
BRCA2-R	0.045339170147126386	0.9556732910075669	3.266842372321785
RFC1-R	-0.045339170147126386	0.9556732910075669	3.233843964520555
PLK1-R	0.045339170147126386	0.9556732910075669	3.0202882310144803
ERCC3-R	-0.045339170147126386	0.9556732910075669	2.783917847717695
POLD1-R	0.045339170147126386	0.9556732910075669	2.581859294254314
DDB2-R	-0.045339170147126386	0.9556732910075669	2.5612044199002795
RRM2B-R	-0.045339170147126386	0.9556732910075669	2.4817872285855422
MNAT1-R	-0.045339170147126386	0.9556732910075669	2.3891832275189175
TRIP13-R	0.045339170147126386	0.9556732910075669	2.3368653466243425
PLK3-R	0.045339170147126386	0.9556732910075669	2.2388150523603843
RAD1-R	-0.045339170147126386	0.9556732910075669	5.716974151563123
INO80E-R	-0.045339170147126386	0.9556732910075669	5.3358425414589155
RPS27A-R	0.045339170147126386	0.9556732910075669	5.081754801389443
MRE11-R	-0.045339170147126386	0.9556732910075669	5.002352382617733
FANCA-R	0.045339170147126386	0.9556732910075669	4.708096360110808
SLX4-R	-0.045339170147126386	0.9556732910075669	4.509162711092041
EYA2-R	-0.045339170147126386	0.9556732910075669	4.385624006678561
POLR2C-R	0.045339170147126386	0.9556732910075669	3.904275030335792
FTO-R	-0.045339170147126386	0.9556732910075669	3.8113161010420824
FAN1-R	-0.045339170147126386	0.9556732910075669	3.7664770880886462
BABAM1-R	-0.045339170147126386	0.9556732910075669	3.5971972189610666
CLSPN-R	0.045339170147126386	0.9556732910075669	3.5181379394234606
RNASEH2C-R	-0.045339170147126386	0.9556732910075669	3.3005211596653083
GTF2H2-R	0.045339170147126386	0.9556732910075669	2.9371610319957333
CCNH-R	-0.045339170147126386	0.9556732910075669	2.833190729978185
ASCC1-R	0.045339170147126386	0.9556732910075669	2.759918555927025
RFWD3-R	0.045339170147126386	0.9556732910075669	2.6458723346077266
RAD17-R	-0.045339170147126386	0.9556732910075669	2.520870492027834
H2BC4-R	-0.045339170147126386	0.9556732910075669	2.37148557398174
UNG-R	-0.045339170147126386	0.9556732910075669	2.2867896606252494
PER1-R	0.045339170147126386	0.9556732910075669	2.20793484474162
DCLRE1B-R	-0.04475505076463694	0.9562316813676114	2.1355840883876653
POLR2I-R	0.04475505076463694	0.9562316813676114	2.1074842977509856
RRM1-R	-0.04475505076463694	0.9562316813676114	2.0937098905761427
GTF2H5-R	0.04475505076463694	0.9562316813676114	2.0801143718061677
FANCI-R	0.04475505076463694	0.9562316813676114	1.9896746165102472
FEN1-R	0.04475505076463694	0.9562316813676114	1.9297446581816253
GTF2H3-R	-0.04475505076463694	0.9562316813676114	1.8954888358470403
RPA2-R	0.04475505076463694	0.9562316813676114	1.873319375778654
FANCG-R	-0.04475505076463694	0.9562316813676114	1.7996495126862349
H2BC9-R	0.04475505076463694	0.9562316813676114	1.7409652894464664
TERF2IP-R	0.04475505076463694	0.9562316813676114	1.6771602788384807
SAMHD1-R	0.04475505076463694	0.9562316813676114	1.6597803795759059
ERCC2-R	0.04475505076463694	0.9562316813676114	1.6260792551175118
DDB1-R	0.04475505076463694	0.9562316813676114	1.6178667336270192
DNA2-R	0.04475505076463694	0.9562316813676114	1.6097367500409538
SOD1-R	-0.04475505076463694	0.9562316813676114	1.593719468946019
POLD2-R	-0.04475505076463694	0.9562316813676114	1.5626225036982917
POLQ-R	0.04475505076463694	0.9562316813676114	1.5254172059911897
MMS22L-R	0.04475505076463694	0.9562316813676114	1.5181877405599518
RECQL4-R	-0.04475505076463694	0.9562316813676114	1.503932456611032
HMGN1-R	0.04475505076463694	0.9562316813676114	1.4762101993463126
MORF4L1-R	0.04475505076463694	0.9562316813676114	1.4364915392742144
UBE2V2-R	0.04475505076463694	0.9562316813676114	1.423722725591777
USP10-R	0.04475505076463694	0.9562316813676114	2.1644433328253365
MPLKIP-R	-0.04475505076463694	0.9562316813676114	2.053446238834294
EYA1-R	-0.04475505076463694	0.9562316813676114	2.014701970177043
RAD51-R	0.04475505076463694	0.9562316813676114	1.9773926744330235
TP53-R	0.04475505076463694	0.9562316813676114	1.9181893009470048
UBXN1-R	-0.04475505076463694	0.9562316813676114	1.8843389015185283
NPLOC4-R	-0.04475505076463694	0.9562316813676114	1.851662504382369
UBA52-R	0.04475505076463694	0.9562316813676114	1.8305006471894276
MSH2-R	0.04475505076463694	0.9562316813676114	1.8201000753303966
WDHD1-R	-0.04475505076463694	0.9562316813676114	1.8098170240573437
SMARCC1-R	-0.04475505076463694	0.9562316813676114	1.6512248106090197
XRCC4-R	-0.04475505076463694	0.9562316813676114	1.6343755778477032
CDK1-R	0.04475505076463694	0.9562316813676114	1.585829768604702
POLR2D-R	0.04475505076463694	0.9562316813676114	1.5702824179321069
PCNA-R	0.04475505076463694	0.9562316813676114	1.555036957563834
H2BC3-R	0.04475505076463694	0.9562316813676114	1.5400846791257203
CLK2-R	-0.04475505076463694	0.9562316813676114	1.5110264776327822
BRIP1-R	-0.04475505076463694	0.9562316813676114	1.4830445058247677
CUL4A-R	0.04475505076463694	0.9562316813676114	1.4694385929272928
CHTF18-R	-0.04475505076463694	0.9562316813676114	1.4627288276627846
TIPIN-R	0.04475505076463694	0.9562316813676114	2.1791674371302707
DYNLL1-R	-0.04475505076463694	0.9562316813676114	2.0403669634277057
POLN-R	-0.04475505076463694	0.9562316813676114	2.0274532484693024
POLR2H-R	-0.04475505076463694	0.9562316813676114	2.002110082863436
XRCC1-R	-0.04475505076463694	0.9562316813676114	1.9532781296228647
APTX-R	-0.04475505076463694	0.9562316813676114	1.9414400803524232
H2BC15-R	0.04475505076463694	0.9562316813676114	1.8624279840590106
STK19-R	-0.04475505076463694	0.9562316813676114	1.8410207658514357
H3-4-R	0.04475505076463694	0.9562316813676114	1.789595604794133
MCM5-R	0.04475505076463694	0.9562316813676114	1.7796534069897212
FAAP20-R	-0.04475505076463694	0.9562316813676114	1.7698210677245847
GTF2H4-R	0.04475505076463694	0.9562316813676114	1.7600967761436803
PARP1-R	0.04475505076463694	0.9562316813676114	1.7504787609734962
ERCC1-R	-0.04475505076463694	0.9562316813676114	1.713035365016844
AURKA-R	0.04475505076463694	0.9562316813676114	1.6859874382007884
MLH1-R	-0.04475505076463694	0.9562316813676114	1.642756991067435
RECQL5-R	-0.04475505076463694	0.9562316813676114	1.6016880662907491
RPA1-R	-0.04475505076463694	0.9562316813676114	1.5780177993012305
NHEJ1-R	0.04475505076463694	0.9562316813676114	1.5327158529098077
FAAP24-R	-0.04475505076463694	0.9562316813676114	1.4560800602643174
CDK7-R	-0.04475505076463694	0.9562316813676114	1.4429622218835578
ATM-R	-0.04475505076463694	0.9562316813676114	2.1499168675043614
PPP4C-R	0.04475505076463694	0.9562316813676114	2.1214411474049655
POLR2A-R	-0.04475505076463694	0.9562316813676114	2.0666942790848375
MBD4-R	0.04475505076463694	0.9562316813676114	1.965261431031594
CDK4-R	0.04475505076463694	0.9562316813676114	1.906771507488987
ACTL6A-R	0.04475505076463694	0.9562316813676114	1.7315546662602692
ELL-R	0.04475505076463694	0.9562316813676114	1.7222452325706978
UIMC1-R	-0.04475505076463694	0.9562316813676114	1.7039234747773926
UBB-R	0.04475505076463694	0.9562316813676114	1.6949080066568774
POLR2E-R	-0.04475505076463694	0.9562316813676114	1.6684250690528637
RNF4-R	0.04475505076463694	0.9562316813676114	1.5475247017301923
BOD1L1-R	-0.04475505076463694	0.9562316813676114	1.4969047348511673
CDC25A-R	0.04475505076463694	0.9562316813676114	1.4899423872472084
POLH-R	0.04475505076463694	0.9562316813676114	1.4494914627065603
TINF2-R	-0.04475505076463694	0.9562316813676114	1.4300786306167403
H2AX-R	-0.04002052684499403	0.9607697173788474	1.4241498023093533
PIAS3-R	-0.03908356850116184	0.961670340439305	1.3946301473903342
EYA3-R	0.03908356850116184	0.961670340439305	1.406810323350075
FANCF-R	-0.03908356850116184	0.961670340439305	1.4129805440665226
CHEK1-R	0.03908356850116184	0.961670340439305	1.4006937567268138
TOP3A-R	-0.03908356850116184	0.961670340439305	1.3886188105481343
MUS81-R	-0.03908356850116184	0.961670340439305	1.4192051279610889
UBE2I-R	-0.021815372002880345	0.9784208622604162	1.3947701653499551
BARD1-R	-0.021815372002880345	0.9784208622604162	1.3888601222764383
YWHAE-R	-0.021815372002880345	0.9784208622604162	1.4067424414473797
PCLAF-R	0.021815372002880345	0.9784208622604162	1.4007307216121343
ORC2-R	-0.01886956270042298	0.981307352976419	1.3870800137008454
PNKP-R	-0.01798564511540512	0.9821751312677677	1.3824733990533704
NBN-R	-0.01798564511540512	0.9821751312677677	1.3652641866170214
XRCC2-R	-0.01798564511540512	0.9821751312677677	1.3108711911342716
RAD9A-R	0.01798564511540512	0.9821751312677677	1.2953884605303234
DUT-R	-0.01798564511540512	0.9821751312677677	1.2654948806719313
POLB-R	0.01798564511540512	0.9821751312677677	1.2141279297959489
RFC2-R	0.01798564511540512	0.9821751312677677	1.183556363218353
COPS5-R	0.01798564511540512	0.9821751312677677	1.1793142257157783
TYMS-R	-0.01798564511540512	0.9821751312677677	1.1709205301590824
SMARCA4-R	-0.01798564511540512	0.9821751312677677	1.1544865578059724
TERT-R	-0.01798564511540512	0.9821751312677677	1.3766889915259504
DHFR-R	-0.01798564511540512	0.9821751312677677	1.3709527873945924
CDKN2D-R	-0.01798564511540512	0.9821751312677677	1.3320998743915067
TDP2-R	-0.01798564511540512	0.9821751312677677	1.3161146758988087
USP1-R	-0.01798564511540512	0.9821751312677677	1.3056693213281831
LIG1-R	0.01798564511540512	0.9821751312677677	1.300508573022538
TRIM25-R	-0.01798564511540512	0.9821751312677677	1.2903085057831458
HELB-R	-0.01798564511540512	0.9821751312677677	1.280267194454094
HRAS-R	-0.01798564511540512	0.9821751312677677	1.2753049185065974
H2BC17-R	0.01798564511540512	0.9821751312677677	1.241617618772461
LRWD1-R	-0.01798564511540512	0.9821751312677677	1.2186246999063042
RUVBL2-R	0.01798564511540512	0.9821751312677677	1.209664224171699
RCHY1-R	0.01798564511540512	0.9821751312677677	1.2052332196875537
UBC-R	0.01798564511540512	0.9821751312677677	1.196467887180735
SUMO2-R	0.01798564511540512	0.9821751312677677	1.1921328586039934
TFPT-R	-0.01798564511540512	0.9821751312677677	1.187829129872571
APEX1-R	0.01798564511540512	0.9821751312677677	1.1504498915199377
RAD18-R	-0.01798564511540512	0.9821751312677677	1.1385075051027755
POLR2F-R	-0.01798564511540512	0.9821751312677677	1.130682711253272
DCLRE1C-R	-0.01798564511540512	0.9821751312677677	1.3484781515356645
HUS1-R	0.01798564511540512	0.9821751312677677	1.321400277006836
RPA3-R	0.01798564511540512	0.9821751312677677	1.2852682381824303
RMI2-R	-0.01798564511540512	0.9821751312677677	1.2703809612922863
PIAS4-R	-0.01798564511540512	0.9821751312677677	1.2606462412823838
BABAM2-R	-0.01798564511540512	0.9821751312677677	1.25583461440726
POLD3-R	-0.01798564511540512	0.9821751312677677	1.2277189140847096
COPS6-R	-0.01798564511540512	0.9821751312677677	1.2231549032516809
HLTF-R	-0.01798564511540512	0.9821751312677677	1.175102389195365
FANCB-R	0.01798564511540512	0.9821751312677677	1.1667683296975253
H2BC11-R	0.01798564511540512	0.9821751312677677	1.1585516513193739
EME1-R	0.01798564511540512	0.9821751312677677	1.1345816171541454
ABRAXAS1-R	-0.01798564511540512	0.9821751312677677	1.3596225990690172
GADD45A-R	0.01798564511540512	0.9821751312677677	1.3540274443403382
RAD23A-R	-0.01798564511540512	0.9821751312677677	1.342974159080417
RNF8-R	0.01798564511540512	0.9821751312677677	1.3375149145313097
RIF1-R	-0.01798564511540512	0.9821751312677677	1.3267285039302505
MEN1-R	-0.01798564511540512	0.9821751312677677	1.2510595778505786
MCM4-R	-0.01798564511540512	0.9821751312677677	1.2463207158132656
CDC25C-R	0.01798564511540512	0.9821751312677677	1.236949883363542
FANCL-R	0.01798564511540512	0.9821751312677677	1.232317112264802
SMARCAL1-R	0.01798564511540512	0.9821751312677677	1.2008345583018327
SUMO1-R	0.01798564511540512	0.9821751312677677	1.1626454734088416
JMJD6-R	-0.01798564511540512	0.9821751312677677	1.146441355312551
NUDT5-R	-0.01798564511540512	0.9821751312677677	1.1424606561621602
PRPF19-R	-0.017969725484168638	0.9821907672581264	1.126828448737919
UBE2A-R	0.015994815038363835	0.9841324227309133	1.1252025993681092
TOP2A-R	0.014017097250114673	0.9860806848506354	1.1122458903197403
PKMYT1-R	0.014017097250114673	0.9860806848506354	1.1235953381801458
RHNO1-R	-0.014017097250114673	0.9860806848506354	1.119786540423603
POLR2G-R	0.014017097250114673	0.9860806848506354	1.1160034777870367
UBE2T-R	-0.010482023057191413	0.9895727219002264	1.1124391336797848
POLR2K-R	-0.009442907137013498	0.9906015371062835	1.1024967273442026
RAD23B-R	-0.009442907137013498	0.9906015371062835	1.0880377538708361
ATAD5-R	-0.009442907137013498	0.9906015371062835	1.10617171643535
ERCC6L-R	0.009442907137013498	0.9906015371062835	1.0844820749366175
RAD52-R	-0.009442907137013498	0.9906015371062835	1.1098712873933276
CDC7-R	-0.009442907137013498	0.9906015371062835	1.0988460759291556
RUVBL1-R	0.009442907137013498	0.9906015371062835	1.0952195212231188
MCM2-R	-0.009442907137013498	0.9906015371062835	1.0916168254296217
MDC1-R	-0.009442907137013498	0.9906015371062835	1.080949560034544
EP300-R	-0.00412382395165275	0.99588466733414	1.0831862453147303
H2BC12-R	-0.0028910394257518424	0.9971131356043674	1.081012622742599
BAZ1B-R	0.0028910394257518424	0.9971131356043674	1.0570661405932376
HERC2-R	-0.0028910394257518424	0.9971131356043674	1.0373692559859102
RFC4-R	-0.0028910394257518424	0.9971131356043674	1.034157586462734
RNF168-R	-0.0028910394257518424	0.9971131356043674	1.0775254852498808
POLR2B-R	0.0028910394257518424	0.9971131356043674	1.0706182706008431
CDT1-R	0.0028910394257518424	0.9971131356043674	1.0671977649439714
ATR-R	-0.0028910394257518424	0.9971131356043674	1.0637990459473345
TCEA1-R	0.0028910394257518424	0.9971131356043674	1.0604219061189304
SIRT6-R	-0.0028910394257518424	0.9971131356043674	1.0504179258725252
CHAF1A-R	0.0028910394257518424	0.9971131356043674	1.0471250797099156
CIB1-R	-0.0028910394257518424	0.9971131356043674	1.0406009359111
TDP1-R	0.0028910394257518424	0.9971131356043674	1.0740607730786593
WEE1-R	0.0028910394257518424	0.9971131356043674	1.0537315470897888
MAPK8-R	-0.0028910394257518424	0.9971131356043674	1.043852813835822
CDC5L-R	-0.0024812965061682475	0.9975217793654317	1.0313882595290729
NSD2-R	-0.0016626745846298938	0.998338706893002	1.0290568209512483
REV3L-R	0.0016626745846298938	0.998338706893002	1.0043347351626297
KDM4A-R	-0.0016626745846298938	0.998338706893002	1.0196447158815722
GTF2H1-R	0.0016626745846298938	0.998338706893002	1.0165454918211418
FANCD2-R	0.0016626745846298938	0.998338706893002	1.0259002049360604
DTYMK-R	-0.0016626745846298938	0.998338706893002	1.022762895440843
GINS2-R	-0.0016626745846298938	0.998338706893002	1.0104032229883857
CDK2-R	-0.0016626745846298938	0.998338706893002	1.0134650509368353
XRCC5-R	0.0016626745846298938	0.998338706893002	1.0073598397866135
MCM3-R	-4.701475803938736E-5	0.999952986347137	1.0029468575637452
FANCC-R	-3.725450519254146E-5	0.9999627461887479	0.999962746188748