

Data type: org.panda.causalpath.data.SiteModProteinData
Row ID	Change amount	P-value	Q-value
TP53BP1-P-T1609	3.5786598553456166	0.02791308076664252	15.435933663953314
TP53BP1-P-S1618	2.9131570999112992	0.05430401574919526	15.015060354652489
XRCC1-P-T257-S266	2.6991817442906307	0.06726052653885826	12.398357058662874
TP53BP1-P-S1426-S1430	2.677612145638062	0.06872706860502695	9.501517234644975
TTK-P-S821	2.6484359609280985	0.07076180077734494	7.8262551659743504
WRN-P-S1133	2.6484359609280985	0.07076180077734494	6.521879304978626
TP53BP1-P-S1758-S1759	2.5600109876915935	0.07730389104731948	6.107007392738239
VCP-P-S284	-2.0874795646591813	0.12399927444314467	7.619066529673223
XRCC6-P-S520	2.0874795646591813	0.12399927444314467	6.8571598767059
TP53BP1-P-T591	2.0874795646591813	0.12399927444314467	8.571449845882375
TP53BP1-P-S1426	1.7245677474608605	0.17825008417445967	8.96111786804329
XRCC1-P-S475-S485-T488	-1.451251020112651	0.23427701942631107	10.796265978562502
MDC1-P-S376	1.4226750317005283	0.24106828829667118	10.254674109850706
UNG-P-S23	1.325377072701079	0.2657027509432536	10.495258662258516
KDM4B-P-T448	1.1927017821992356	0.30340043382240384	11.185362660252622
SMARCC1-P-T398	1.172780077379424	0.30950529542876115	10.068025198359113
XPC-P-S397-S398-S399	-1.172780077379424	0.30950529542876115	9.50869046511694
MDC1-P-S793	1.172780077379424	0.30950529542876115	9.008233072216049
XRCC6-P-T455	1.172780077379424	0.30950529542876115	10.697276773256558
CDK1-P-T14-Y15	1.172780077379424	0.30950529542876115	8.557821418605247
TOP2B-P-S1550-S1552	-1.172780077379424	0.30950529542876115	8.150306112957377
PARG-P-S133-S137	1.172780077379424	0.30950529542876115	7.779837653277497
CHEK2-P-S163	1.1497591164245684	0.31671305116332	7.614883360578955
TERF2-P-S365	1.1390270833816374	0.3201303304716233	7.376336364616987
TP53BP1-P-S1701	1.1291618303852953	0.3233041265840369	7.1514872800388956
TOP2B-P-S1613	-1.0930907217798347	0.3351789462780481	7.1289983573754085
WEE1-P-T173	1.0930907217798347	0.3351789462780481	6.619784188991451
MCM6-P-S762	1.0930907217798347	0.3351789462780481	6.864961381176319
NBN-P-S343	1.0418267530516843	0.35280959692479585	6.727714037910762
MRE11-P-S676	0.9396570597293243	0.3907618203472234	7.203042888400485
TP53BP1-P-S809	0.9396570597293243	0.3907618203472234	6.970686666194017
TTK-P-T33	0.934049394292386	0.3929592373325873	6.790826820153774
MCM3-P-S711-T713	-0.934049394292386	0.3929592373325873	6.5850441892400235
TP53BP1-P-T855	0.9149526481876418	0.40053559172796893	6.514593594869613
XRCC1-P-S461-S475	-0.9149526481876418	0.40053559172796893	5.986383303393698
TP53BP1-P-S1028	0.9149526481876418	0.40053559172796893	5.828846900672811
BRCA2-P-S93	0.9149526481876418	0.40053559172796893	5.679389287835047
EXO1-P-S746	0.9149526481876418	0.40053559172796893	5.402345907940655
ATRX-P-S1244-S1245	-0.9149526481876418	0.40053559172796893	5.273718624418258
PARP1-P-S782	0.9149526481876418	0.40053559172796893	6.328462349301909
KAT5-P-S180-S183	-0.9149526481876418	0.40053559172796893	6.1526717284879675
WEE1-P-S165	-0.9149526481876418	0.40053559172796893	5.537404555639171
USP7-P-S49-T54	-0.8927055273659681	0.4095462139958238	5.266954798597455
RRM2-P-S20	0.8751535382928238	0.41679802030896657	5.23839330070133
TP53BP1-P-S640	0.8751535382928238	0.41679802030896657	5.121984560685745
TP53BP1-P-S598	-0.8697382168106875	0.41906123807708784	5.037844883839774
XRCC6-P-S2	0.8697382168106875	0.41906123807708784	4.827934680346449
CHEK2-P-S303	0.8697382168106875	0.41906123807708784	4.930656694821906
WEE1-P-T190	0.865830189874615	0.42070214494906544	4.74792420728231
POLR2A-P-S1917	0.8266270155488983	0.43752255704705073	4.838999480940381
PARG-P-S316	-0.8173689119942434	0.4415919947588032	4.788242609835651
KAT5-P-S138	0.8173689119942434	0.4415919947588032	4.696161021184965
MTOR-P-S2478-S2481	-0.806958113070725	0.4462133344012127	4.655773092903219
MDC1-P-S372	0.8042618410273938	0.44741807035820313	4.581892461260858
KAT5-P-S155	-0.7979141020380208	0.45026719667623816	4.527231995671995
PIAS1-P-S483-S485	-0.7979141020380208	0.45026719667623816	4.446388567177852
MCM3-P-S711-T713-T722	-0.7979141020380208	0.45026719667623816	4.36838175020982
XRCC1-P-S266	0.7979141020380208	0.45026719667623816	4.293064823482064
ABL1-P-T852	0.7979141020380208	0.45026719667623816	4.220301012914572
TOP2B-P-S1581	-0.791110540109984	0.45334106219315856	4.178293456546944
ACTL6A-P-S233	0.789646985506203	0.45400503735524783	4.115816158318887
RAD9A-P-S387	-0.7642570120849147	0.4656797969327094	4.087633773076004
MDC1-P-S495	0.7642570120849147	0.4656797969327094	4.153563350061101
XRCC6-P-S477	0.7623094758445225	0.4665876089250952	4.031608558368401
PTEN-P-S294	-0.7623094758445225	0.4665876089250952	3.9695838113165793
MSH6-P-S830	0.7623094758445225	0.4665876089250952	3.8510887721728007
UNG-P-S12	-0.7623094758445225	0.4665876089250952	3.7394630106605455
ATRX-P-S316	0.7623094758445225	0.4665876089250952	3.686042110508252
ATM-P-S1981	0.7623094758445225	0.4665876089250952	3.6341260244447557
TP53BP1-P-S1678	0.7623094758445225	0.4665876089250952	3.583652051883023
TOP2A-P-S1354	0.7623094758445225	0.4665876089250952	3.9094386020542067
DTL-P-S485	0.7623094758445225	0.4665876089250952	3.7944551137584948
TP53BP1-P-S1701-S1705	0.7623094758445225	0.4665876089250952	3.534560927884625
POLR2A-P-S1882	0.7436682015544875	0.4753669715446202	3.5524045305969594
DTL-P-S512	0.7411372049679186	0.476571647599368	3.513921614966007
POLR2A-P-S1861	0.7411372049679186	0.476571647599368	3.46768580424277
SMARCC1-P-S330	-0.7383254696551758	0.47791352655013253	3.388284361310555
DTL-P-S679	0.7383254696551758	0.47791352655013253	3.432288054314588
TP53BP1-P-S500-S507	0.7205651061570946	0.48647726696945287	3.40534086878617
RRM2-P-T33	0.6973567903756425	0.4978996190859119	3.4417311169313662
XPC-P-S398-S399	-0.6821716089861765	0.5055180120620589	3.4512526008681306
MCM6-P-S271	0.6813387775800815	0.5059391987032373	3.4120045961328076
UNG-P-S14	0.6796031874437943	0.5068180642406314	3.37675168102493
TOP2B-P-S1466-S1476	-0.6710238179394964	0.5111849494605863	3.3257091417847557
ABL1-P-S683	0.6710238179394964	0.5111849494605863	3.3653009172821933
MSH6-P-S65	0.6692416450046553	0.5120967817222598	3.2929013987489495
CDK7-P-T170	-0.6692416450046553	0.5120967817222598	3.255051957384019
NBN-P-S347	-0.6692416450046553	0.5120967817222598	3.2180627305955642
TP53BP1-P-S523-S525	0.6692416450046553	0.5120967817222598	3.1819047223866255
USP7-P-S49	-0.6692416450046553	0.5120967817222598	3.1465502254712185
POLR2A-P-S1861-S1868	0.6573667300604737	0.5182141371001061	3.1149175849604203
MRE11-P-S689	-0.6573667300604737	0.5182141371001061	3.0814238474877276
XRCC1-P-S241	0.6573667300604737	0.5182141371001061	3.04864274272722
PRKDC-P-S2624	0.6573667300604737	0.5182141371001061	2.985129352253736
APBB1-P-S205	0.6573667300604737	0.5182141371001061	2.9543548228490586
RBBP8-P-S539	0.6573667300604737	0.5182141371001061	3.149147448531414
SMARCA4-P-S1453	-0.6573667300604737	0.5182141371001061	3.016551766487986
MSH6-P-S309	0.6491535025489442	0.5224878742711874	2.948324433387415
POLR2E-P-Y26-T36	-0.6491535025489442	0.5224878742711874	2.9185433785047135
MDC1-P-T1425	-0.6308119778298829	0.5321595237956085	2.942842166589715
SIRT6-P-S326	-0.6286706412859454	0.5333002773638745	2.9199510235863624
FANCD2-P-S592	0.6219175900012073	0.5369138691396167	2.910915388570667
ATRX-P-T674-S675-S677	-0.6219175900012073	0.5369138691396167	2.8549362464827697
ATRX-P-S729-S731	-0.6219175900012073	0.5369138691396167	2.801069524851019
MDC1-P-S1153	-0.6219175900012073	0.5369138691396167	2.7748913049925985
NFRKB-P-S240	0.6219175900012073	0.5369138691396167	2.8826540741185247
MDC1-P-S880	0.6219175900012073	0.5369138691396167	2.8277463774686478
EXO1-P-S639	0.6219175900012073	0.5369138691396167	2.749197866983408
MTOR-P-S2478	-0.6175584630074898	0.5392594535157401	2.735875943066094
ATRX-P-S25-S26	-0.6155929865293042	0.5403203975760179	2.7163379987230716
CHEK1-P-S280	0.6155929865293042	0.5403203975760179	2.691866485221062
APBB1-P-T709	-0.6088983074872781	0.5439498045195091	2.6857521598150766
POLA1-P-S192	0.6062772949184628	0.5453773738152444	2.6689706877861075
TP53BP1-P-T548-S552	-0.6062772949184628	0.5453773738152444	2.6455586642090365
TOP2B-P-S1522-S1524-S1526	-0.6055902747865792	0.5457521877881593	2.6017324124728627
XPC-P-S94	-0.6055902747865792	0.5457521877881593	2.579495383306428
MDC1-P-S329-T331	-0.6055902747865792	0.5457521877881593	2.536142519721446
MDC1-P-S329	0.6055902747865792	0.5457521877881593	2.5150079987237675
ATRX-P-T662	0.6055902747865792	0.5457521877881593	2.4942228086516702
EP300-P-T887	-0.6055902747865792	0.5457521877881593	2.4536663402183096
TFPT-P-S145	0.6055902747865792	0.5457521877881593	2.6243561725813227
NBN-P-S615	0.6055902747865792	0.5457521877881593	2.5576352529394244
APBB1-P-S517	-0.6055902747865792	0.5457521877881593	2.473778359400427
RECQL4-P-S89	-0.5976215553082345	0.5501185077615828	2.433724278337242
ATM-P-S1891	0.5976215553082345	0.5501185077615828	2.4533510870335102
MSH6-P-S227	0.584159669705919	0.5575742115015202	2.4471312615900054
KAT5-P-S136	0.5791075786876221	0.5603982548227814	2.440159330055103
POLR2A-P-T1877	-0.5377658526067938	0.5840516533156834	2.5232856584654137
TP53BP1-P-S771	0.5276812561414214	0.5899713773994657	2.529102106216314
TP53BP1-P-T302	0.5084109999420949	0.6014505248254752	2.5584780017575985
MCM7-P-T651	-0.5041837445363581	0.6039983912547647	2.5497031325487396
PARG-P-S302	-0.5022425025715077	0.605172037075264	2.5353040644137956
MCM4-P-S120	0.49271435725452173	0.6109657620810399	2.5403313265474816
MCM3-P-S160	0.49247708408890195	0.6111107450610993	2.521971955364089
DTL-P-T429	0.46856453473141996	0.6259000815673317	2.5638721859758107
MSH6-P-S252	0.46856453473141996	0.6259000815673317	2.5450201846083416
ATRX-P-S1011-S1012-S1013	-0.46579033178361945	0.6276388661741656	2.5334619926592237
TP53BP1-P-S1430	0.457945119227867	0.6325821918538704	2.4986996578227885
MPG-P-T67	0.457945119227867	0.6325821918538704	2.5349126963419595
CDK1-P-T14	0.457945119227867	0.6325821918538704	2.5166759143538875
MCM2-P-S27	0.45124556883751693	0.6368344362823529	2.497655625986817
TOPBP1-P-T822	-0.45124556883751693	0.6368344362823529	2.4800665018601493
RECQL4-P-S27	0.45124556883751693	0.6368344362823529	2.462723379469519
ORC1-P-S201	0.4442984847305527	0.6412739817662649	2.4456862890809967
PARP1-P-S75	-0.4442984847305527	0.6412739817662649	2.3961115670050304
MLH1-P-S388	0.4442984847305527	0.6412739817662649	2.462670221644059
TIMELESS-P-S1149	0.4442984847305527	0.6412739817662649	2.428935013128387
UBA7-P-S24	0.4442984847305527	0.6412739817662649	2.4124116456921394
PRKDC-P-S511	0.4442984847305527	0.6412739817662649	2.380030281320433
TFPT-P-T207	-0.4442984847305527	0.6412739817662649	2.3641634127782964
ATRX-P-S1073-S1076	-0.44256702847429713	0.6423852814197026	2.337099083059839
SMARCA4-P-T1455	0.44256702847429713	0.6423852814197026	2.352576560431096
SUMO2-P-S28	0.4344843524247957	0.6475985136003064	2.3406665230128723
SUMO2-P-T38	0.4321145064633854	0.6491350422713932	2.3309849245200027
TP53BP1-P-S119	0.4210695886999507	0.6563444256646299	2.3416675315647764
PMS2-P-S445	0.4210695886999507	0.6563444256646299	2.326656842259874
NFRKB-P-S298	0.4167981882536763	0.659153931528037	2.3217332747452515
TCEA1-P-S135	-0.41379056264651437	0.6611394040538837	2.313987914188593
POLA1-P-S215	0.41379056264651437	0.6611394040538837	2.2994345310804887
TP53BP1-P-S525	0.4020506283248769	0.6689468771731779	2.2976870998556977
ATRX-P-S849-S850	-0.4020506283248769	0.6689468771731779	2.312047644229796
CLK2-P-S50	0.39896032193485625	0.6710173254943987	2.29057148764446
MDC1-P-T1671	-0.39566760580231053	0.673230436641118	2.284027186886738
ATRX-P-S213	-0.39215260210029457	0.6756010079609541	2.2780936426976073
TP53BP1-P-S398	0.3909508579098039	0.676413395590648	2.239859926716337
KAT5-P-S90	-0.3909508579098039	0.676413395590648	2.2265274271525493
EP300-P-S2326	-0.3909508579098039	0.676413395590648	2.2003329868331076
PARG-P-S291	0.3909508579098039	0.676413395590648	2.1874655424656626
ATRX-P-S819	0.3909508579098039	0.676413395590648	2.2670097440098687
TP53BP1-P-T321	0.3909508579098039	0.676413395590648	2.25335305880499
PARG-P-S286-S291	-0.3909508579098039	0.676413395590648	2.213352708648688
MDC1-P-T1157	0.38443229725350303	0.6808370395703649	2.1889702493163474
CDK1-P-Y19	0.38443229725350303	0.6808370395703649	2.1763172420948655
ATRX-P-S60	-0.38443229725350303	0.6808370395703649	2.1638096717379987
EP300-P-S2315	-0.38286816987133643	0.6819027886931638	2.1548128122703973
ATRX-P-S84	0.3777970985202967	0.6853695490544781	2.1534622762904907
TCEA1-P-S57	0.3777970985202967	0.6853695490544781	2.1412958227521264
SIRT6-P-S326-S330	-0.3777970985202967	0.6853695490544781	2.1292660709389124
WRN-P-S478	0.3777970985202967	0.6853695490544781	2.1173707297604825
TP53BP1-P-S1635-T1638	0.3777970985202967	0.6853695490544781	2.105607559039591
SMARCC1-P-S310	0.3752480679653148	0.6871188054833574	2.099318781393904
TP53BP1-P-S1474	-0.37332884845257164	0.6884388035802922	2.0917948262631954
MCM3-P-S672	0.3688762872391267	0.6915109538880716	2.089647855191823
KAT5-P-S180	-0.3642323054562815	0.6947297864755864	2.0879650647880394
PRKDC-P-S2612	0.3584586417506482	0.6987525244221333	2.088703491921296
TOP2A-P-S1374-S1377	0.358224479856739	0.6989161647950479	2.0779604254390405
SMARCC1-P-S328	-0.358224479856739	0.6989161647950479	2.0342138901666393
XPC-P-S884	0.358224479856739	0.6989161647950479	2.066848337602468
TP53BP1-P-S635	-0.358224479856739	0.6989161647950479	2.0558544634662845
TOPBP1-P-S888	0.358224479856739	0.6989161647950479	2.0449769266225477
MDC1-P-S1775	0.3557584189135391	0.7006418616138199	2.0285599448818976
PIAS1-P-S510	-0.3557584189135391	0.7006418616138199	2.0179945285023044
RBBP8-P-T315	-0.344133432797625	0.7088343399900389	2.0310123834947746
MDC1-P-T1800	0.344133432797625	0.7088343399900389	2.020543247497379
TOP2A-P-S1247	0.3396341107818911	0.7120307994993873	2.0089440414446997
TOP2B-P-S1424	0.3396341107818911	0.7120307994993873	1.9987463559551328
TOP2A-P-S1474	-0.3396341107818911	0.7120307994993873	1.988651677389703
MCM2-P-T106	-0.3396341107818911	0.7120307994993873	1.9589703090704536
MCM4-P-T110	-0.3396341107818911	0.7120307994993873	1.9301619221723587
SMARCA4-P-S1382	0.3396341107818911	0.7120307994993873	1.920746498161762
MCM4-P-S32	-0.3396341107818911	0.7120307994993873	2.0192463185803136
TOP2B-P-S1336	0.3396341107818911	0.7120307994993873	1.978658452880207
PARG-P-S197-T199	-0.3396341107818911	0.7120307994993873	1.9687651606158059
UNG-P-T60	0.3396341107818911	0.7120307994993873	1.9492724362532732
SIRT6-P-T294-S303	-0.3396341107818911	0.7120307994993873	1.9396701089810895
MDC1-P-S108	0.3352613464098397	0.7151511597392337	1.919798987066972
TP53BP1-P-S566	-0.33468400697752015	0.7155641639141462	1.911627935480787
ATRX-P-S784	0.33468400697752015	0.7155641639141462	1.9024374165602063
MCM3-P-T674	0.33468400697752015	0.7155641639141462	1.8933348451891048
SIRT6-P-S338	-0.33465125480734975	0.7155876005772093	1.8843806815199844
SMARCA4-P-S1663	0.33465125480734975	0.7155876005772093	1.875449967389558
RBBP8-P-T245	-0.32980462357653223	0.7190642079019631	1.8756722026876678
TP53BP1-P-S1631	-0.3290759104244425	0.7195883904136073	1.8682271356747644
POLE3-P-S122	0.3290759104244425	0.7195883904136073	1.8508482785987201
CDC25C-P-T48	-0.3290759104244425	0.7195883904136073	1.8594971023304898
MSH6-P-S137	0.3282187342473154	0.7202054688739017	1.843859371700313
MRE11-P-S649	-0.3225724950990774	0.724283422905116	1.8457545293388442
DDB2-P-S24	-0.3225724950990774	0.724283422905116	1.8372877654427944
TTK-P-S281	0.3225724950990774	0.724283422905116	1.8288983235914575
ATRX-P-S729	-0.3169566492460799	0.7283623294974211	1.8308380373276083
TOP2A-P-S1351-S1354	-0.3169566492460799	0.7283623294974211	1.8225537023170761
MTOR-P-S2481	-0.3169566492460799	0.7283623294974211	1.8143440009552876
MCM4-P-S26	0.3167832963115505	0.7284886041893681	1.8065210677879846
MDC1-P-T548	0.3167832963115505	0.7284886041893681	1.7984562415925025
RRM2B-P-S329	-0.31453245120836043	0.7301301659544136	1.7865574414725252
TP53BP1-P-S265	0.31453245120836043	0.7301301659544136	1.7944976967679587
PRKDC-P-T2603	-0.30314797749757416	0.7384898084107699	1.7990522645425364
PARG-P-S137	0.29145485669626503	0.7471757428231421	1.8122288850052526
TOP2B-P-S1236	0.2880584446921727	0.7497177739340661	1.8104538383647972
MNAT1-P-T51	0.2821405105409895	0.754167708575165	1.8132814906176795
ABL1-P-S718	-0.26957930827291854	0.7637007093362533	1.8282532132595155
TP53BP1-P-S1460	0.26957930827291854	0.7637007093362533	1.8203728114782245
TP53BP1-P-S999	0.26851101968608276	0.7645169980261093	1.8144974244997358
NBN-P-S432	0.26575138203099974	0.766629701729368	1.8117360045142756
TOP2B-P-S1400-T1403-S1413	0.26575138203099974	0.766629701729368	1.8040264896014488
POLR2A-P-S1910	0.25534209974255234	0.7746514445665629	1.8151790205309715
DDB2-P-S24-S26	0.25534209974255234	0.7746514445665629	1.7923943466330932
TCEA1-P-S81	0.25534209974255234	0.7746514445665629	1.7775197047523206
XRCC5-P-S695	-0.25534209974255234	0.7746514445665629	1.7701745820054102
MDC1-P-T1280	0.25534209974255234	0.7746514445665629	1.80752003732198
NFRKB-P-S494	-0.25534209974255234	0.7746514445665629	1.7999254153164255
TP53BP1-P-S1462-S1474	0.25534209974255234	0.7746514445665629	1.7849260368554554
TP53BP1-P-S999-S1002	0.25189546565809207	0.7773259910829328	1.7689764323821473
MCM4-P-T19	0.25140380509164145	0.7777082655869744	1.762592913399987
TP53BP1-P-S862	-0.24723817894802805	0.780954664417718	1.7627262425428492
TOP2B-P-S1476	0.24532677538580752	0.7824488114492971	1.7589194826482168
MEN1-P-S492	0.23418479932676886	0.7912155862767595	1.7714259887086963
MSH6-P-S256-S261	0.22942454124911454	0.794990955399009	1.7445634854589365
WEE1-P-S139	0.22942454124911454	0.794990955399009	1.772701606192145
TP53BP1-P-T593	-0.22942454124911454	0.794990955399009	1.7655823226331404
RBBP8-P-S327	0.22942454124911454	0.794990955399009	1.758519993342608
MDC1-P-S1033	-0.22942454124911454	0.794990955399009	1.751513937592239
FANCD2-P-S1435	0.22915764910371395	0.7952031605573548	1.7381318094395937
TOP2B-P-S1441	0.22896365032075922	0.7953574439676178	1.7316246713153254
MTOR-P-S1261	-0.22596561235360407	0.7977455337853383	1.7300128634638905
SMARCC1-P-S357	-0.22416031077990511	0.7991870058072537	1.7263688055133253
ABL1-P-T781	-0.22416031077990511	0.7991870058072537	1.7196514171650243
MDC1-P-S299-T301-S307	-0.22231410148713132	0.8006638351325716	1.716151553598109
FEN1-P-S335	0.22101273818443254	0.8017064679403026	1.7051679875807206
BLM-P-S28	0.22101273818443254	0.8017064679403026	1.6857174021710546
VCP-P-S702	0.22101273818443254	0.8017064679403026	1.7117516477644301
PARG-P-S197	-0.22101273818443254	0.8017064679403026	1.6986347769003347
TOP2B-P-S1336-S1340-S1342	-0.22101273818443254	0.8017064679403026	1.6921514380572038
NBN-P-S397	-0.22101273818443254	0.8017064679403026	1.6793321089810127
XRCC6-P-S6	0.2193187431637928	0.8030657056509238	1.6758314536790977
SOX4-P-S347-S348	0.2193187431637928	0.8030657056509238	1.6695313354321837
TP53BP1-P-S580	0.213955114934294	0.807384623721273	1.6722235839620372
ATRX-P-S962	-0.213955114934294	0.807384623721273	1.665983943723373
USP7-P-S963	-0.213955114934294	0.807384623721273	1.641484179845088
ATRX-P-S313	0.213955114934294	0.807384623721273	1.635471417281553
ATRX-P-S875-S876	-0.213955114934294	0.807384623721273	1.6597906948619476
MDC1-P-T1239	0.213955114934294	0.807384623721273	1.6536433219180147
SIRT6-P-S330	-0.213955114934294	0.807384623721273	1.6475413170400883
TP53BP1-P-S507	0.20692098406294684	0.8130838940351758	1.64100508540676
PTEN-P-S370	-0.2046914509300452	0.8148987138654653	1.6386872318821901
CLK2-P-S142	-0.20031327842517893	0.8184743025693152	1.6339938242629288
DTL-P-S697	0.20031327842517893	0.8184743025693152	1.6399140917421424
KAT5-P-S86-S90	-0.1980377933924655	0.8203388491638809	1.6201692270986647
PRKDC-P-S893	0.1980377933924655	0.8203388491638809	1.631825120818799
MDC1-P-S1820	0.1980377933924655	0.8203388491638809	1.6259762852603086
MCM3-P-S711-T722	0.19326270329949335	0.8242654084516349	1.622130857201972
TP53BP1-P-S1216-S1219	-0.19247567479694902	0.8249143841694426	1.6176512568996517
ATRX-P-S675-S677	-0.18990123678944476	0.827040811115712	1.6103998892499605
XPC-P-S122-S129	-0.18990123678944476	0.827040811115712	1.616090348222575
TOP2B-P-S1413	-0.18141144281447397	0.8340921068823995	1.618431351249007
ATRX-P-S54	0.18141144281447397	0.8340921068823995	1.6127725003705138
PARP1-P-T368	0.18141144281447397	0.8340921068823995	1.6071530839929162
TP53BP1-P-S1656	0.18141144281447397	0.8340921068823995	1.5905273624343688
ABL1-P-S16	0.18141144281447397	0.8340921068823995	1.6015726913401631
PRKDC-P-S3205	0.18141144281447397	0.8340921068823995	1.5960309173216851
SMARCC1-P-S573	0.18132392577750783	0.8341651073464963	1.585200358634407
KAT5-P-T139	0.17630630471328812	0.8383611500327636	1.5877182053702679
CDC25C-P-S173	0.17630630471328812	0.8383611500327636	1.5822993719048404
MCM2-P-S381	0.17630630471328812	0.8383611500327636	1.5769174012521028
TP53BP1-P-S784-S786	-0.17493329082930764	0.8395130221187758	1.5737311906158746
TP53BP1-P-T1545	0.16634119289852425	0.8467572773273904	1.5819485620339422
ATR-P-S435	0.16227533407814362	0.8502070813276941	1.5830455083306896
TFPT-P-S180	-0.16227533407814362	0.8502070813276941	1.5777332750812576
TP53BP1-P-S727	-0.16227533407814362	0.8502070813276941	1.572456575164598
MDC1-P-S882	0.1581273822515949	0.8537410235878216	1.573729286813551
ATRX-P-S1061	-0.1581273822515949	0.8537410235878216	1.5685009503125094
CDK1-P-Y15	0.15679612887877004	0.8548783260559011	1.5653897824798455
MDC1-P-T1343	0.14908927624437188	0.8614922006774708	1.5722943464509616
TOP2A-P-S1213	0.14908927624437188	0.8614922006774708	1.5671223255744782
TOP1-P-S112	-0.1455266002424824	0.8645668920791072	1.5675589879335945
PARP1-P-S257	-0.14233524661004865	0.8673304381515251	1.5674304977052071
MCM3-P-S672-T674	-0.14018046381490698	0.8692013618505502	1.565694961248711
NBN-P-S509	0.14018046381490698	0.8692013618505502	1.5505430745269493
XPC-P-S883-S884	-0.14018046381490698	0.8692013618505502	1.5455574054770234
ATRX-P-S598	-0.14018046381490698	0.8692013618505502	1.540603695844084
TOP2B-P-T1317	-0.14018046381490698	0.8692013618505502	1.5606115360498516
ATRX-P-S634	0.14018046381490698	0.8692013618505502	1.5555610132794637
SMARCA4-P-S695	0.14018046381490698	0.8692013618505502	1.5356816393078412
HLTF-P-S397-S398-S400	-0.13195961725457248	0.8763763848492485	1.5434272000688996
TOP2A-P-S1106	0.12996792886072042	0.878123592893018	1.5415947519677429
ABL1-P-S569	0.11768806200646599	0.888973313920051	1.5507957179740952
TP53BP1-P-S532	-0.11768806200646599	0.888973313920051	1.545919001879837
MDC1-P-S544	0.11768806200646599	0.888973313920051	1.5410728608081135
TOP2A-P-S4	-0.11768806200646599	0.888973313920051	1.5557032993600892
VCP-P-S352	-0.11768806200646599	0.888973313920051	1.536257008118088
ABL1-P-Y185	-0.11768806200646599	0.888973313920051	1.5314711607407732
MCM2-P-S139	-0.11768806200646599	0.888973313920051	1.5267150391235658
TOP2B-P-S1400-S1413	-0.11768806200646599	0.888973313920051	1.5219883671758148
TP53BP1-P-S1635	-0.11078840375527432	0.8951281346435103	1.5277958594378431
BARD1-P-T299	0.11078840375527432	0.8951281346435103	1.4909815013791
TOP2B-P-S1466	0.11078840375527432	0.8951281346435103	1.4865040794530366
MDC1-P-T1287	-0.11078840375527432	0.8951281346435103	1.5230949491011112
ATRX-P-S849	-0.11078840375527432	0.8951281346435103	1.5184228787050955
ATR-P-T1989	0.11078840375527432	0.8951281346435103	1.513779383663184
POLR2A-P-T1870	0.11078840375527432	0.8951281346435103	1.5091642026154304
MCM7-P-S121	-0.11078840375527432	0.8951281346435103	1.5045770773795173
TOPBP1-P-S817	-0.11078840375527432	0.8951281346435103	1.5000177529026095
ATRX-P-S596-S598	0.11078840375527432	0.8951281346435103	1.495485977214082
TP53BP1-P-S566-S580	-0.11078840375527432	0.8951281346435103	1.4820534684367102
SMARCA4-P-S699	-0.11078840375527432	0.8951281346435103	1.4776294282324214
TOP2A-P-S1377	-0.10835988773677933	0.8973046093893086	1.4768138362865704
TP53BP1-P-S993	-0.10410309818947076	0.9011323875142393	1.4787127901939892
RECQL4-P-S323	0.10410309818947076	0.9011323875142393	1.4743379002821726
TOP1-P-S394	-0.10410309818947076	0.9011323875142393	1.4699888209303078
TOP2B-P-S1473	-0.10365474662479457	0.9015365022161216	1.4663226050750449
ATRX-P-S704	0.10095213390779029	0.903976301663313	1.4616926749117312
MCM6-P-S13	0.10095213390779029	0.903976301663313	1.4574311802326883
RAD9A-P-S375	-0.10095213390779029	0.903976301663313	1.4531944616855001
PARG-P-S197-T199-S201	-0.10095213390779029	0.903976301663313	1.440630820806375
TP53BP1-P-S63	-0.10095213390779029	0.903976301663313	1.4659791636944637
XRCC1-P-T257	-0.10095213390779029	0.903976301663313	1.4489823038255423
TP53BP1-P-T1372	-0.10095213390779029	0.903976301663313	1.4447944936988788
TP53BP1-P-T864	0.09362565376632105	0.9106235869536383	1.4470541482337989
DDB2-P-T148	-0.09362565376632105	0.9106235869536383	1.4429078612761088
MSH6-P-S14	0.0892422594968429	0.9146239703899307	1.4451058732160906
DDB2-P-S26	-0.086757445074862	0.9168994671450218	1.4445738043623848
FANCD2-P-S1412	0.086757445074862	0.9168994671450218	1.4404699015090825
TOP2B-P-S1375	0.086757445074862	0.9168994671450218	1.4323316534779578
TP53BP1-P-S1094	0.086757445074862	0.9168994671450218	1.43638925023002
SMARCC1-P-S816	-0.086757445074862	0.9168994671450218	1.4282969164259072
TP53BP1-P-T1638	0.08376147630652281	0.9196505883911616	1.4285583578098662
PCLAF-P-S72	0.08376147630652281	0.9196505883911616	1.4166205442348534
POLR2A-P-S1875-S1882	-0.08376147630652281	0.9196505883911616	1.4126854871675343
POLR2A-P-S1920	-0.08376147630652281	0.9196505883911616	1.4087722309703945
PARG-P-S261-S264	0.08376147630652281	0.9196505883911616	1.4010104004967283
MCM2-P-S40-S41	0.08376147630652281	0.9196505883911616	1.393333631178938
YY1-P-S118	-0.08376147630652281	0.9196505883911616	1.3857405323714234
MSH6-P-S91	0.08376147630652281	0.9196505883911616	1.4245567937823875
ATRX-P-S875	0.08376147630652281	0.9196505883911616	1.4205775848612077
ATR-P-S464	-0.08376147630652281	0.9196505883911616	1.4048805949732386
SMARCA4-P-S1449	0.08376147630652281	0.9196505883911616	1.397161470825034
ATRX-P-S677	-0.08376147630652281	0.9196505883911616	1.389526708689378
CDK1-P-T161	0.08343527080404547	0.9199506324087955	1.3749532424920645
ATRX-P-S925	0.08343527080404547	0.9199506324087955	1.3712471690621668
SMARCC1-P-S350	-0.08343527080404547	0.9199506324087955	1.3675610207582363
POLR2A-P-S1821-S1822	-0.08343527080404547	0.9199506324087955	1.3824258144621302
TOP2A-P-S1351	-0.08343527080404547	0.9199506324087955	1.3786794030408236
TP53BP1-P-S1317	0.08343527080404547	0.9199506324087955	1.3638946373245682
MRE11-P-S619	0.07701550461019141	0.9258754981565231	1.3690084237448057
TP53BP1-P-S552	0.07701550461019141	0.9258754981565231	1.3653577346148196
PRKDC-P-S4026	0.07293475465713324	0.9296614841293543	1.3672946827753536
TP53BP1-P-S1114	-0.07293475465713324	0.9296614841293543	1.3636679064284694
MEN1-P-S548	0.07293475465713324	0.9296614841293543	1.3600603193744258
WEE1-P-S150	0.07293475465713324	0.9296614841293543	1.3564717697190842
TP53BP1-P-S659-S660-S662	-0.07293475465713324	0.9296614841293543	1.3529021071671918
TFPT-P-S252	0.07171391720111565	0.9307971427768504	1.3509995274425153
USP7-P-S18	-0.07171391720111565	0.9307971427768504	1.3404448436343708
MCM2-P-S41	0.07171391720111565	0.9307971427768504	1.3334995335637263
ATRX-P-S92	0.07171391720111565	0.9307971427768504	1.3164471098608654
KPNA2-P-S490	0.07171391720111565	0.9307971427768504	1.309747633474805
MDC1-P-T1526	-0.07171391720111565	0.9307971427768504	1.306423400902534
MDC1-P-S513	0.07171391720111565	0.9307971427768504	1.2998253029181777
TOP2A-P-S1525	0.07171391720111565	0.9307971427768504	1.2965511837672503
NBN-P-S488	0.07171391720111565	0.9307971427768504	1.2900521803398455
RCHY1-P-S257	0.07171391720111565	0.9307971427768504	1.2868270498889958
MDC1-P-S495-S498	-0.07171391720111565	0.9307971427768504	1.2804249252626825
ATRX-P-S1348-S1352	0.07171391720111565	0.9307971427768504	1.267809901368469
MSH6-P-S261	0.07171391720111565	0.9307971427768504	1.261595146949996
MRE11-P-S688-S689	-0.07171391720111565	0.9307971427768504	1.347462879464917
NFRKB-P-S1291	0.07171391720111565	0.9307971427768504	1.3439446996229722
MSH6-P-S41	0.07171391720111565	0.9307971427768504	1.3369631687158399
TP53BP1-P-S287	-0.07171391720111565	0.9307971427768504	1.3300537983348795
TOP2B-P-S1522	0.07171391720111565	0.9307971427768504	1.3266258246278309
ATRX-P-S889	-0.07171391720111565	0.9307971427768504	1.323215475464263
KDM4B-P-S566	0.07171391720111565	0.9307971427768504	1.319822615270765
MDC1-P-S453	-0.07171391720111565	0.9307971427768504	1.3130888264173428
CCNH-P-T315	-0.07171391720111565	0.9307971427768504	1.3031159998875907
TIMELESS-P-S1121	0.07171391720111565	0.9307971427768504	1.2932935174763778
ATRX-P-S1082	0.07171391720111565	0.9307971427768504	1.2836180048768038
XRCC1-P-S447	0.07171391720111565	0.9307971427768504	1.2772476921975144
SMARCA4-P-S1484	-0.07171391720111565	0.9307971427768504	1.2740861880089067
TP53BP1-P-S1362	0.07171391720111565	0.9307971427768504	1.2709402961866625
TP53BP1-P-S1101	-0.07171391720111565	0.9307971427768504	1.2646948893257945
MCM4-P-S326	-0.07171391720111565	0.9307971427768504	1.2585105622386268
TP53BP1-P-S366	0.06882405469974735	0.9334909089683892	1.2590743235598028
PIAS1-P-S488	0.06882405469974735	0.9334909089683892	1.2560108823832583
PIAS1-P-S485	-0.06882405469974735	0.9334909089683892	1.2529623122803863
MDC1-P-S955	-0.06882405469974735	0.9334909089683892	1.237938783356161
PLK1-P-T210	0.06882405469974735	0.9334909089683892	1.2349772073194238
XRCC1-P-T453	0.06882405469974735	0.9334909089683892	1.24992850522886
TOP2B-P-S1340	0.06882405469974735	0.9334909089683892	1.2469093542500462
MDC1-P-S453-T455	0.06882405469974735	0.9334909089683892	1.2439047533964316
VCP-P-S775	0.06882405469974735	0.9334909089683892	1.2409145977392286
MDC1-P-T1287-T1302	-0.06882405469974735	0.9334909089683892	1.2320297676838166
ATRX-P-S25	-0.062394095954185935	0.9395125557257763	1.2370248650389388
RBBP8-P-S163	0.062394095954185935	0.9395125557257763	1.2340865636968035
ATRX-P-S25-S26-S29	0.05987819576005634	0.9418792514838893	1.2313456881101437
EP300-P-S12	-0.05987819576005634	0.9418792514838893	1.2284415709212047
PTEN-P-S385	0.05987819576005634	0.9418792514838893	1.234263568887656
MDC1-P-S299-T301	-0.05450968217669935	0.9469493402826012	1.232148200414773
TP53BP1-P-S1971	0.05450968217669935	0.9469493402826012	1.2292558337471327
XRCC5-P-S145	0.04990651631611218	0.95131835308816	1.2320352441633549
TOP2A-P-S1374	0.04990651631611218	0.95131835308816	1.2291566571442816
YY1-P-S187	0.045919732736540084	0.9551186238721796	1.2283269744216634
COPS5-P-S284	0.045919732736540084	0.9551186238721796	1.2311902074622734
MCM3-P-T722	-0.045919732736540084	0.9551186238721796	1.2254770278452791
ATRX-P-S703	-0.04507039846023511	0.9559301834512692	1.223679146871648
CDK7-P-S164	0.04239145397486236	0.9584945006427064	1.2241280804974979
NFRKB-P-S351	-0.04110378485711377	0.9597295193878169	1.2228811618006055
MDC1-P-T1302	0.04089406168385473	0.959930818015849	1.2175269320246893
RAD9A-P-S328	-0.04089406168385473	0.959930818015849	1.211967448316814
ELL-P-S442	0.04089406168385473	0.959930818015849	1.2203258445121024
TOP2B-P-T1292	0.04089406168385473	0.959930818015849	1.214740829205411
XRCC1-P-S446-S447	0.04089406168385473	0.959930818015849	1.209206702420876
ATRX-P-S1527	-0.04033543178985223	0.960467213876399	1.2071326574401107
MCM4-P-T23	-0.03961026117441308	0.961163969079661	1.2025422509073584
ELL-P-T431	0.03961026117441308	0.961163969079661	1.1971253939212894
MSH6-P-S252-S254-S256	0.03961026117441308	0.961163969079661	1.194435224496747
TP53BP1-P-S1068	-0.03961026117441308	0.961163969079661	1.1917571186122253
TERF1-P-T371	-0.03961026117441308	0.961163969079661	1.189090995304368
TP53BP1-P-S222	0.03961026117441308	0.961163969079661	1.205269104084019
SMARCC1-P-S328-S330	0.03961026117441308	0.961163969079661	1.1998277085802538
SMARCC1-P-S822	0.03961026117441308	0.961163969079661	1.1864367743327064
CLK2-P-S97	0.03961026117441308	0.961163969079661	1.183794376171609
POLR2A-P-S1889	-0.03961026117441308	0.961163969079661	1.1811637220023388
MSH6-P-S219-S227	0.03744403471860338	0.963248324675894	1.1811004956668945
TP53BP1-P-S1094-S1101	-0.03686362929162848	0.9638075615074072	1.1791716405168058
KPNA2-P-S62	0.033998551139388385	0.9665729050659025	1.1799444072879561
MGMT-P-S201	0.03344214442775269	0.9671108623652136	1.1780006759646764
ATRX-P-S1352	0.03344214442775269	0.9671108623652136	1.175411663490029
MSH6-P-S274-S275	-0.031607931682423936	0.968886377273361	1.1749872075266856
TP53BP1-P-T548	-0.029960687516034028	0.9704836849228934	1.1743489666572429
TP53BP1-P-S639-S640	-0.029791088595187247	0.9706482918667412	1.1719836362495804
SOX4-P-S354	-0.029791088595187247	0.9706482918667412	1.1694302949941346
TOP2B-P-S1550	-0.029791088595187247	0.9706482918667412	1.1668880552224083
POLR2C-P-S124	-0.028290571208198736	0.9721058597848573	1.1661052938417051
ABL1-P-S919	-0.028290571208198736	0.9721058597848573	1.1610681219460608
APEX1-P-T19	0.028290571208198736	0.9721058597848573	1.1635812564091474
SUMO1-P-S2	0.028290571208198736	0.9721058597848573	1.158565819959108
TP53BP1-P-T922	0.02705387746114619	0.9733088007045672	1.1550209587760205
SMARCC1-P-S830	0.02705387746114619	0.9733088007045672	1.1575048748163992
SIRT6-P-T294	-0.024767388164460377	0.9755368070453997	1.155185983503439
POLR2A-P-S1910-S1917	-0.024767388164460377	0.9755368070453997	1.152717637384842
TFPT-P-S249	-0.022167144867543818	0.9780767408806827	1.1532546646205064
MRE11-P-S667	0.022167144867543818	0.9780767408806827	1.1410895310274631
ATRX-P-T1346-S1348-S1352	0.022167144867543818	0.9780767408806827	1.1386872372779318
XRCC1-P-S461	-0.022167144867543818	0.9780767408806827	1.1339128673103094
MDC1-P-S780	-0.022167144867543818	0.9780767408806827	1.1315406646590325
MSH6-P-S200	-0.022167144867543818	0.9780767408806827	1.129178366820496
FEN1-P-Y152-S157-S162	0.022167144867543818	0.9780767408806827	1.1508009312915266
MDC1-P-S299	-0.022167144867543818	0.9780767408806827	1.1483576172123515
NBN-P-S604	0.022167144867543818	0.9780767408806827	1.1459246561589356
RBBP8-P-S349	-0.022167144867543818	0.9780767408806827	1.1435019824672676
ATRX-P-S1348	-0.022167144867543818	0.9780767408806827	1.1362950371996168
SIRT6-P-S303	0.022167144867543818	0.9780767408806827	1.1268259118896198
POLA1-P-T225	0.022167144867543818	0.9780767408806827	1.1244832384761279
ABL1-P-Y393	0.019503321351452236	0.9806856379815891	1.1251434809207859
YWHAE-P-T208	0.019119447019089384	0.981062170292048	1.1186131549927887
TOP2B-P-S1524	-0.019119447019089384	0.981062170292048	1.1232450935227796
TOP2B-P-S1522-S1524	-0.019119447019089384	0.981062170292048	1.1209243391973192
VCP-P-S3	0.018788636037921053	0.9813867701188228	1.1166808310199774
NFRKB-P-S176	-0.018788636037921053	0.9813867701188228	1.1143878519008397
SUMO1-P-T76	-0.018788636037921053	0.9813867701188228	1.109830028375683
WEE1-P-S165-T173	-0.018788636037921053	0.9813867701188228	1.1075650691341
ATRX-P-S731	0.018788636037921053	0.9813867701188228	1.1053093357957413
SMARCC1-P-S328-S330-T335	0.018788636037921053	0.9813867701188228	1.1030627721050996
TOP2B-P-S1454	0.018788636037921053	0.9813867701188228	1.0919655611181267
ATRX-P-S1995-S1996	-0.018788636037921053	0.9813867701188228	1.0897728591881706
MDC1-P-S505	-0.018788636037921053	0.9813867701188228	1.085413767751418
TTK-P-S321	-0.018788636037921053	0.9813867701188228	1.078940126989481
TP53BP1-P-S1002	-0.018788636037921053	0.9813867701188228	1.0767993727692637
PARG-P-S286	0.018788636037921053	0.9813867701188228	1.0725432487662232
NFRKB-P-S1303	-0.018788636037921053	0.9813867701188228	1.0704277788475522
TP53BP1-P-S484	-0.018788636037921053	0.9813867701188228	1.1121042702371084
ATRX-P-S871	0.018788636037921053	0.9813867701188228	1.1008253222631013
ELL-P-T180	-0.018788636037921053	0.9813867701188228	1.098596930922488
TP53BP1-P-S359-S360	-0.018788636037921053	0.9813867701188228	1.0963775431832505
TOP2B-P-S1552	-0.018788636037921053	0.9813867701188228	1.094167104588123
RECQL4-P-S251	0.018788636037921053	0.9813867701188228	1.0875889456427033
MCM3-P-T713	0.018788636037921053	0.9813867701188228	1.083247273205008
ABL1-P-S884	-0.018788636037921053	0.9813867701188228	1.081089410110974
MNAT1-P-S279	0.018788636037921053	0.9813867701188228	1.074667096783582
MRE11-P-S678	0.01842675435454394	0.9817419802833871	1.068707313182506
TOP2B-P-S1342-S1344	-0.0176166888963646	0.9825375777499661	1.0674720638423012
XRCC6-P-S27	0.0176166888963646	0.9825375777499661	1.065378981364179
MCM2-P-S170	0.0176166888963646	0.9825375777499661	1.0632940909896893
TTK-P-S455	-0.0176166888963646	0.9825375777499661	1.0612173447182252
TP53BP1-P-S124	-0.0175370005904859	0.9826158776247499	1.0592331000516308
MDC1-P-T1589	0.0175370005904859	0.9826158776247499	1.0530747680745864
ELL-P-S319	0.0175370005904859	0.9826158776247499	1.0510378729719276
TP53BP1-P-S500	-0.0175370005904859	0.9826158776247499	1.0429684843118745
ORC1-P-T230	-0.0175370005904859	0.9826158776247499	1.038980077106093
TFPT-P-S167	0.0175370005904859	0.9826158776247499	1.0571723352655382
RBBP8-P-S568	-0.0175370005904859	0.9826158776247499	1.0551195734494887
TP53BP1-P-S294	-0.0175370005904859	0.9826158776247499	1.0490088423291248
TP53BP1-P-S1705	-0.0175370005904859	0.9826158776247499	1.0469876306868722
NFRKB-P-S228	-0.0175370005904859	0.9826158776247499	1.0449741929355512
TP53BP1-P-S630	-0.0175370005904859	0.9826158776247499	1.0409704603955683
MDC1-P-S402-T404	0.0175370005904859	0.9826158776247499	1.036997290699402
PIAS1-P-S503	-0.0175370005904859	0.9826158776247499	1.0350220577647364
KDM4B-P-S622	0.0175370005904859	0.9826158776247499	1.0330543352214574
POLR2A-P-S1875	0.0175370005904859	0.9826158776247499	1.0310940803159139
TIMELESS-P-S1173	0.0175370005904859	0.9826158776247499	1.029141250618346
MDC1-P-S998	-0.017346641722138546	0.9828029450756439	1.025452884201568
XPC-P-S903	0.017346641722138546	0.9828029450756439	1.0215977981707351
XRCC6-P-S324	0.017346641722138546	0.9828029450756439	1.0273913584628187
MCM4-P-S131	0.017346641722138546	0.9828029450756439	1.0235217111616404
TOP2B-P-S1452	-0.013440997137663798	0.9866489297113112	1.0236714036216794
XPC-P-S61	-0.012967060831915608	0.9871166492860179	1.0222387772568686
MDC1-P-S1086	0.012967060831915608	0.9871166492860179	1.0203280505704073
MLH1-P-S477	0.011541458637678753	0.9885248885031649	1.0179781440265365
MDC1-P-S498	0.011541458637678753	0.9885248885031649	1.01987735698181
WEE1-P-S67	0.010257926796916467	0.989794506296073	1.017391007400982
YY1-P-S247	-0.00698377461346855	0.993040555269371	1.0188338164451989
MDC1-P-T404	0.005107990143851296	0.9949050334535653	1.0169731672824798
MDC1-P-S376-T378	0.005107990143851296	0.9949050334535653	1.0188564509255955
DDX11-P-S204	-0.00447173388576426	0.9955382494297546	1.0157429002484397
MDC1-P-S168	0.0031558848357844424	0.9968490897343312	1.015207268182477
TOP2B-P-S1400	-0.0031558848357844424	0.9968490897343312	1.0133410783512593
TOP2B-P-S1449	-0.0031558848357844424	0.9968490897343312	1.011481736923092
TTK-P-S436	-0.0031558848357844424	0.9968490897343312	1.0096292062693866
MDC1-P-S1814	-0.002770823565843878	0.9972330116227446	1.0081715821341457
TP53BP1-P-S1462	-0.002770823565843878	0.9972330116227446	1.0063318529696674
TCEA1-P-S100	-9.737525199294138E-4	0.9990267214232087	1.0044759580855172
ATRX-P-S1996	-9.737525199294138E-4	0.9990267214232087	1.006305604639407
DTL-P-S490	9.737525199294138E-4	0.9990267214232087	1.0026529527169408
NBN-P-T497	9.737525199294138E-4	0.9990267214232087	1.0008365524402798
XRCC1-P-S475	-9.631330281543114E-4	0.9990373306355921	0.9990373306355921

Data type: org.panda.causalpath.data.ProteinData
Row ID	Change amount	P-value	Q-value
MSH6-G	4.768473126935732	0.00849333851435787	0.658233734862735
PTEN-G	-4.768473126935732	0.00849333851435787	1.31646746972547
MSH2-G	4.7587608630762395	0.008576229939170725	0.44310521352382076
POLE3-G	4.198119880194302	0.01502379682163452	0.5821721268383376
AURKB-G	4.135413897304883	0.01599604304037806	0.4132311118764332
SMUG1-G	-4.135413897304883	0.01599604304037806	0.49587733425171987
FEN1-G	4.061225130304452	0.017227899758929355	0.38147492323343574
MCM7-G	3.9665872908913777	0.0189379527029618	0.36692283361988487
MCM3-G	3.7224211645119993	0.024175364395682887	0.41635349792564974
RFC3-G	3.7092452237768985	0.024496005298238224	0.37968808212269245
MCM5-G	3.659567440367014	0.025743645980345207	0.36275137517759154
MCM8-G	3.6294042262945188	0.02653198676118026	0.34270482899857835
PLK1-G	3.613087643257706	0.026968449231094357	0.3215468946784327
MCM6-G	3.572228968216561	0.028093165068752552	0.3110314704040461
MCM2-G	3.572228968216561	0.028093165068752552	0.2902960390437764
CHEK1-G	3.462015233007843	0.03136648750238025	0.30386284767930866
KPNA2-G	3.311652695588819	0.03645587347718294	0.26907906614111216
CDK1-G	3.311652695588819	0.03645587347718294	0.3139255771646308
RUVBL2-G	3.311652695588819	0.03645587347718294	0.2974031783664924
ACTL6A-G	3.311652695588819	0.03645587347718294	0.2825330194481678
MCM4-G	3.311652695588819	0.03645587347718294	0.33239178758607973
FANCI-G	3.2020052733490365	0.04068054651720859	0.2866129413712424
PCNA-G	3.2020052733490365	0.04068054651720859	0.2741515091377101
MLH1-G	3.155525182980745	0.04261601390929762	0.27522842316421375
RFC2-G	3.0327944461821494	0.04818081114667504	0.28723175875902424
CDK2-G	3.0327944461821494	0.04818081114667504	0.29872102910938525
TYMS-G	3.0316956135086044	0.048233782894414504	0.27689764254200916
POLR2B-G	2.9738973939424453	0.05110375025572457	0.28289576034418956
TTK-G	2.935601674503173	0.0530987615223129	0.2838037253778793
DHFR-G	2.87898613714833	0.0561917046455746	0.29032380733546875
POLR2J-G	2.8257197570078314	0.0592659843668049	0.28706961177671125
RUVBL1-G	2.8257197570078314	0.0592659843668049	0.2963299218340245
SMARCC1-G	2.7962107939835756	0.06104092159024193	0.28670735898446964
SUMO2-G	2.7962107939835756	0.06104092159024193	0.2782747896025735
MDC1-G	2.737930649631235	0.06470410391165962	0.28654674589449264
POLD1-G	2.6924759162003746	0.06771307974321163	0.2915424266721611
DDX11-G	2.654961071171593	0.07030157536992407	0.29450659952265484
SUMO1-G	2.5538496739498386	0.07778165488858424	0.3172672765192252
POLR2G-G	2.477896030436599	0.08391960427260614	0.3335266323654859
RRM2-G	2.372579884203028	0.0932398676563151	0.36130448716822106
PARP1-G	2.372579884203028	0.0932398676563151	0.35249218260314247
XRCC6-G	2.3384227956727615	0.09647968647239612	0.3560559857909857
KAT5-G	2.242990750658533	0.10614058917669322	0.38259979819505696
POLR2L-G	2.1688927760175485	0.11430410712011346	0.4026621955367633
AURKA-G	2.1399559335267444	0.11766002777000853	0.40527342898558494
CHEK2-G	2.102999757045632	0.12208963913371672	0.41138900142882806
ABL1-G	-2.043712896785693	0.12954682284960717	0.4272288838657258
TERF2-G	1.9755244850161184	0.13868855309607597	0.44784845270607865
CCNA2-G	1.9318652690957916	0.1448777103796571	0.449120902176937
CDC25C-G	1.9318652690957916	0.1448777103796571	0.45828663487442556
PRKDC-G	1.9146218858369577	0.14739755515395353	0.4393580970935153
FANCD2-G	1.9146218858369577	0.14739755515395353	0.43106832167665654
XRCC5-G	1.9146218858369577	0.14739755515395353	0.4479729617424078
TP53BP1-G	-1.8487276934268038	0.1574373475128031	0.4519034974904534
UBE2I-G	1.7945013064507969	0.16621031969665298	0.46841090096329474
MAPK8-G	-1.7488410334777345	0.17397545838532158	0.481539215173658
MGMT-G	1.5109322535780105	0.22070412980825352	0.600160352987356
TIMELESS-G	1.4886210773311161	0.22568364136653554	0.6031200760657416
WRN-G	1.4706782746992142	0.2297695854248261	0.6036319617092889
ERCC2-G	-1.4146358387252127	0.24301409365936977	0.6277864086200385
TOP2B-G	1.4074643830516356	0.24476312250551635	0.621939081776312
POLA1-G	1.4042033327880121	0.24556261022700154	0.6139065255675039
TOP1-G	1.283763610640478	0.2769928430092078	0.6814903280385272
KDM4B-G	-1.2373241915571918	0.290159591585666	0.7027302608715349
CDA-G	1.1718747193852626	0.3097856354070842	0.7275268710317887
TCEA1-G	1.1718747193852626	0.3097856354070842	0.7387195921245855
HLTF-G	1.1509042368907854	0.31635058414032663	0.7318558289813527
RRM2B-G	-1.1509042368907854	0.31635058414032663	0.7106426165471106
RBBP8-G	1.1509042368907854	0.31635058414032663	0.7210932432610386
RAD9A-G	1.1008568636527618	0.3325859807300325	0.7364403859022148
MEN1-G	1.0430372076293182	0.35238279529726946	0.7692863840996728
POLR2C-G	1.0404425324559234	0.3532983013946049	0.7605727321689411
TP53-G	1.0143447453043448	0.3626399735436717	0.7699889849214948
UNG-G	1.0091885782338816	0.36451463471346807	0.7635103835214533
CDK6-G	1.0004591074736209	0.3677105837354305	0.7599352063865563
EP300-G	0.9920076015402944	0.3708314613971854	0.7464789157995292
ATRX-G	-0.9920076015402944	0.3708314613971854	0.7563010067968914
BABAM2-G	0.9767758159098239	0.3765231237709609	0.7482190280063967
POLR2I-G	0.9120948920616261	0.40168186186906546	0.7881099821481664
PIAS1-G	0.9063199623099921	0.40400825732362616	0.7731022208044698
POLR2A-G	0.9063199623099921	0.40400825732362616	0.7827659985645257
SMARCA4-G	0.8772032913224651	0.41594456229198384	0.7862366726250914
SOD1-G	0.8527191600697885	0.4262543010183069	0.7960170681667178
CDK4-G	0.833230877498632	0.43464273791040015	0.8020193378108574
ORC1-G	0.8012543581096536	0.4487656980297255	0.818337449348323
POLB-G	0.792404748071385	0.45275472408480394	0.8160114213156351
POLG2-G	0.7898366514941005	0.4539189362068152	0.8087061507132915
POLR2E-G	0.6982986767036838	0.4974308750284213	0.8761566548796057
SIRT6-G	0.6861228996650555	0.5035245045105645	0.8671810911015277
XPA-G	0.6861228996650555	0.5035245045105645	0.8769246988667134
BRCA1-G	-0.6501717534756347	0.5219561212839572	0.8890461406484985
WEE1-G	0.6501717534756347	0.5219561212839572	0.8793825956414496
APBB1-G	-0.6302229036879543	0.532473097560488	0.8874551626008133
UBA7-G	-0.5943499520074521	0.5519212245665907	0.9100828702959739
YWHAG-G	-0.5943499520074521	0.5519212245665907	0.9005030506086479
YY1-G	0.5912031537914627	0.5536607448155886	0.8847156231589303
TOPBP1-G	0.5912031537914627	0.5536607448155886	0.875687912718533
PCLAF-G	0.5912031537914627	0.5536607448155886	0.8939314109001691
HRAS-G	-0.5844259173946642	0.5574257784172637	0.8727373298452109
RCHY1-G	0.561034511877622	0.570618446840487	0.8844585926027548
ATM-G	0.5582719317103164	0.5721970054882906	0.8781241173335153
POLR2D-G	0.553060580758887	0.5751867083263746	0.8740582332410595
VCP-G	-0.4997855767288671	0.606660727945061	0.912936046907616
GTF2H2-G	0.49812250702886707	0.6076704864365295	0.9056627442082892
GMNN-G	0.4051266482309693	0.6668923447741346	0.984460127999913
GTF2H4-G	-0.39815028183997264	0.6715610966408927	0.9819997167862111
BRCA2-G	0.37914494037150237	0.684446401560889	0.9914877779620355
ATR-G	0.35873280773748256	0.6985609765058837	1.0025643644297404
CLK2-G	0.3546341841237451	0.701429990507783	0.9974463167771226
UBE2B-G	-0.3513528761398793	0.7037353786114486	0.9916271244070413
XPC-G	-0.3467096793532133	0.7070105582276088	0.9872669957232376
DDB2-G	-0.33109006876379027	0.718140484101937	0.9938551342482164
RRM1-G	0.30660549005238213	0.7359408796424417	1.009476427828128
BLM-G	0.29314072115039164	0.7459171669895486	0.9798064481642375
PARG-G	0.29314072115039164	0.7459171669895486	1.0053666163772177
ERCC3-G	-0.29314072115039164	0.7459171669895486	0.9881808622511113
MRE11-G	-0.29314072115039164	0.7459171669895486	1.0141856217840353
CCNH-G	0.29314072115039164	0.7459171669895486	0.9966996627877588
PIAS3-G	-0.28075568624773295	0.7552128218212746	0.9836805662377945
TOP2A-G	0.271257091897443	0.7624204590838665	0.9847930929833275
POLR2F-G	-0.2536673781202851	0.7759498570267392	0.9858379331077425
ERCC1-G	0.2536673781202851	0.7759498570267392	0.9939853540425172
GTF2H3-G	-0.24409539879347672	0.7834128940529695	0.9872276307171568
MNAT1-G	-0.23654122635162195	0.7893533394728354	0.9866916743410442
NBN-G	-0.22675671222286028	0.7971146869621814	0.9884222118331049
MPG-G	0.22675671222286028	0.7971146869621814	0.9728565077097489
EXO1-G	-0.22675671222286028	0.7971146869621814	0.9805775911042707
EYA3-G	0.22038884327060118	0.8022068045905525	0.9714223024338722
RECQL4-G	0.2075768419734206	0.8125508013670248	0.9763207303247198
PMS2-G	0.2071771177021835	0.8128756625670721	0.9691979053684321
NFRKB-G	-0.2071771177021835	0.8128756625670721	0.9617994480755433
POLK-G	-0.19983459769220188	0.8188661842340104	0.9543177335058016
BARD1-G	0.19983459769220188	0.8188661842340104	0.961547413305088
PIAS4-G	-0.18022845325916795	0.835079413004278	0.9659500672810678
POLE2-G	-0.18022845325916795	0.835079413004278	0.9587948815975044
POLR2K-G	0.16116898034984423	0.8511482316285208	0.970058646341329
YWHAE-G	0.14370240153011657	0.8661454732755312	0.9799456084504184
COPS5-G	-0.14029179755924387	0.8691045957951162	0.9761682054220507
APEX1-G	0.13130889386330763	0.8769468490494917	0.9778903712422389
ERCC4-G	-0.12985270508651583	0.878224779437045	0.9654244029272481
XRCC1-G	0.12985270508651583	0.878224779437045	0.9723202915195855
MTOR-G	0.120481462209086	0.8864935208245933	0.967651378364873
TFPT-G	0.12019485281119968	0.8867476346127874	0.961160023531343
DTL-G	-0.11595962420902146	0.8905111776647981	0.9585363370697481
SOX4-G	-0.1157978437896337	0.8906552565908505	0.9520797570453919
NEIL1-G	-0.10293276216783834	0.9021876325828183	0.9578019387009371
GTF2H1-G	-0.09298440537073892	0.911207710131761	0.9607972453770269
TDG-G	0.07987610284627754	0.9232307249599513	0.9668970430323814
TERF1-G	-0.02510389148952355	0.975208590892118	1.0077155439218553
ELL-G	0.02510389148952355	0.975208590892118	1.0144787354918006
GTF2H5-G	-0.02481021259363471	0.9754950311330206	1.0013359591100544
USP7-G	0.02481021259363471	0.9754950311330206	0.9947482225369618
CDK7-G	0.02481021259363471	0.9754950311330206	0.9882466001674393
POLR2H-G	-0.02463079620419689	0.97567006663107	0.9820055865442587
ERCC5-G	-0.006998990466962776	0.993025445424723	0.9930254454247229

Data type: org.panda.causalpath.data.RNAData
Row ID	Change amount	P-value	Q-value
MSH2-R	3.571256819574329	0.02812048908037862	1.2794822531572272
CDC45-R	3.571256819574329	0.02812048908037862	5.117929012628909
MCM7-R	3.571256819574329	0.02812048908037862	1.7059763375429695
KDM4B-R	-3.571256819574329	0.02812048908037862	2.5589645063144544
PTEN-R	-3.553603711647227	0.02862131063158182	1.0418157069895781
DBF4-R	3.334343270739141	0.0356379830340984	1.0810188187009848
RFC3-R	3.2389197540541885	0.03920622459690789	1.0193618395196051
PLK4-R	3.1610078039812324	0.04238300578775987	0.9642133816715371
FANCI-R	3.1610078039812324	0.04238300578775987	0.8570785614858107
PCNA-R	3.1610078039812324	0.04238300578775987	0.7713707053372297
BLM-R	3.143078653463011	0.043149750075478874	0.7139322285215596
TYMS-R	2.905723952192792	0.054709169438126155	0.8297557364782467
FEN1-R	2.8644922718249717	0.05701207041923516	0.6485123010188
POLK-R	-2.8644922718249717	0.05701207041923516	0.7981689858692923
XRCC6-R	2.8644922718249717	0.05701207041923516	0.7411569154500571
EXO1-R	2.8644922718249717	0.05701207041923516	0.6917464544200533
CDC25A-R	2.8644922718249717	0.05701207041923516	0.6103645186059294
CCNA2-R	2.6427717738541356	0.07116374612683049	0.7195445441712861
MCM3-R	2.637436767817815	0.07154441968695185	0.6853202306855388
TTK-R	2.5649423282812367	0.0769236176311542	0.7000049204435033
NEIL1-R	-2.5649423282812367	0.0769236176311542	0.6666713528033364
MCM6-R	2.5288831316382203	0.07974803862701668	0.6597337740962289
KPNA2-R	2.4066658756581707	0.09011524969812487	0.7130858889155968
CDK1-R	2.3552611429538923	0.09486872899940164	0.7194211949121292
RFC2-R	2.3226427290987757	0.0980142180101404	0.7135435071138221
MSH6-R	2.3226427290987757	0.0980142180101404	0.6606884325127983
CHEK2-R	2.3226427290987757	0.0980142180101404	0.6370924170659126
PCLAF-R	2.3226427290987757	0.0980142180101404	0.6860995260709828
ACTL6A-R	2.3226427290987757	0.0980142180101404	0.615123713029157
ABL1-R	-2.320870584236226	0.09818806740069831	0.5956742755642365
RUVBL1-R	2.310950044739523	0.09916699371143904	0.5822062211445777
SUMO1-R	2.277278293630988	0.10256297348096026	0.5833269116729615
CHEK1-R	2.206091901851074	0.11013020825098407	0.6073847848993668
CDC25C-R	2.176193693878123	0.11347262122144303	0.6074122665383126
PLK2-R	-2.1653172055811174	0.11471354105001497	0.5965104134600778
RAD51-R	2.1352815469400093	0.11821130366014868	0.5976238129485294
DDX11-R	2.02158680380664	0.13244513380452896	0.6514868743898451
GMNN-R	1.9736564798611398	0.1389478661518536	0.6322127909909339
MCM5-R	1.9736564798611398	0.1389478661518536	0.6484233753753167
MCM4-R	1.9736564798611398	0.1389478661518536	0.6654871484115092
APBB1-R	-1.9584549245132568	0.14107622603365189	0.6262408082469425
RRM2-R	1.8584475487815877	0.15591449222347564	0.6756294663017277
MCM10-R	1.8480078711554295	0.15755071521929384	0.6668425620909646
FANCA-R	1.793912991851667	0.16630813242376302	0.6879109113892016
CDC7-R	1.7739588436153626	0.16966000016748595	0.6861804451218321
ORC1-R	1.7632200598101018	0.17149176006303146	0.6242300066294345
TERF2-R	1.7632200598101018	0.17149176006303146	0.6502395902389942
AEN-R	1.7632200598101018	0.17149176006303146	0.6369693945198311
ERCC1-R	-1.7632200598101018	0.17149176006303146	0.6785108767711244
BABAM2-R	-1.7632200598101018	0.17149176006303146	0.6640744751376962
POLE3-R	1.7037383651270055	0.18200186128317464	0.6494968383046624
AURKB-R	1.6941526395660946	0.18375486968264518	0.6431420438892581
POLE2-R	1.6849921146102622	0.18544589426335698	0.6250213473320549
MCM2-R	1.6849921146102622	0.18544589426335698	0.6368142029420937
SMUG1-R	-1.6124316550389697	0.19940214683479346	0.6598398313442256
RRM1-R	1.6056801739312232	0.20075296153082112	0.6524471249751687
WEE1-R	1.5935100074636548	0.2032110860438377	0.6488494326312011
DHFR-R	1.562479130151422	0.20961576175465638	0.6577598041266803
POLR2G-R	1.4745013124247377	0.22889284460602408	0.7060762325134979
XRCC5-R	1.4223053411785629	0.241157425433563	0.7315108571484744
COPS5-R	1.3715226086082906	0.2537203485120992	0.7570016955606893
CDA-R	-1.3703988935219396	0.25400561814631395	0.7456293952036958
SUMO2-R	1.3703988935219396	0.25400561814631395	0.7337940079782402
BARD1-R	1.3703988935219396	0.25400561814631395	0.711215730809679
MDM2-R	-1.3703988935219396	0.25400561814631395	0.7223284766035802
XPC-R	-1.3703988935219396	0.25400561814631395	0.7004397348883202
POLR2C-R	1.3515662014511058	0.2588345559640459	0.7031028236635277
BRCA1-R	-1.3129451908645646	0.2690265539012588	0.7200416589710161
RNF111-R	-1.3095990108987237	0.2699282729819909	0.7119847200394542
PARP1-R	1.2353360021634774	0.29073705767389507	0.7559163499521272
OGG1-R	1.1802516082123062	0.3072014344726167	0.7874740996340316
DNTT-R	1.1802516082123062	0.3072014344726167	0.7765369593613367
GTF2H4-R	1.1802516082123062	0.3072014344726167	0.7658994667673458
TCEA1-R	1.180231790192313	0.30720752265711476	0.7555644476161472
POLR2F-R	1.180231790192313	0.30720752265711476	0.7454902549812652
TP53BP1-R	-1.1676056492045517	0.3111109589624179	0.7450288754100008
CDK4-R	1.1676056492045517	0.3111109589624179	0.7353531757293514
UNG-R	1.1676056492045517	0.3111109589624179	0.7259255709123085
HLTF-R	1.16566088534162	0.3117165850217289	0.7181318794171476
ATRX-R	-1.1284498889942522	0.32353438212814767	0.7360407193415359
GADD45G-R	-1.0815487969058168	0.33906996824148883	0.761860916295691
POLR2K-R	1.0718077509861685	0.34238900356518104	0.733115278221917
RUVBL2-R	1.0718077509861685	0.34238900356518104	0.7507807066128066
XPA-R	-1.0718077509861685	0.34238900356518104	0.7599365688885725
GTF2H2-R	1.0718077509861685	0.34238900356518104	0.7418428410578922
AURKA-R	1.0684748649366378	0.34353205086378097	0.7270096890373039
PLK1-R	1.0439196885258073	0.3520719613848355	0.7365183560004603
FANCC-R	1.0330284981439997	0.35592740119856897	0.7361225797515858
CDK2-R	1.0241975946524635	0.3590844811457021	0.7343075906575031
TOP3A-R	1.0089541698601443	0.3646000900115221	0.7373024042455225
BRCA2-R	0.9907859011359614	0.3712847831988441	0.7425695663976882
FANCD2-R	0.9803658587794698	0.37517381310598125	0.7421916737531369
SOD1-R	0.9531576508137112	0.38552175637002994	0.7544619318209189
ERCC4-R	-0.9528777999034174	0.38562966008226	0.7387852435260139
POLA1-R	0.9528777999034174	0.38562966008226	0.7466446610103332
PER1-R	0.9528777999034174	0.38562966008226	0.7310895639059513
YWHAE-R	0.9488363050928299	0.3871913339751017	0.7264827091079228
CDT1-R	0.9409742474601607	0.3902474525056561	0.7174246096568628
XRCC1-R	-0.9409742474601607	0.3902474525056561	0.7247452689390756
RCHY1-R	0.9409476403841088	0.3902578359874404	0.7102692614971415
RAD51D-R	-0.9322929429683201	0.3936500576238063	0.709349608787453
CDC6-R	0.8848180973446858	0.41278925391153115	0.7365455314892027
POLD1-R	0.7959169720377357	0.45116733735265285	0.7972083048367263
SOX4-R	-0.7599001969616783	0.4677131038694533	0.8184979317715432
DTL-R	0.7501157393868367	0.47231188448953426	0.8186739331151927
YY1-R	0.7471278505008949	0.4737252102986845	0.8133772478713263
PIAS3-R	-0.7430895800663293	0.4756421086815701	0.8090361100938855
POLR2B-R	0.7430895800663293	0.4756421086815701	0.8015450350004236
POLB-R	0.726786848220184	0.4834599271831933	0.8072450160306531
MPG-R	-0.726786848220184	0.4834599271831933	0.799906424975829
WRN-R	0.7194987788216629	0.48699628765107916	0.7984984175900577
TOP2B-R	0.6995324151602003	0.4968175538452003	0.8073285249984504
TFPT-R	-0.6979164880020223	0.49762102382276063	0.8014781091658623
CDC25B-R	0.6217216714811298	0.5370190708154094	0.8573462358631975
NBN-R	0.6139865965243869	0.5411890603809628	0.8564905129507412
ATR-R	0.6107301169466915	0.5429543041839788	0.8518765807024495
CCNA1-R	-0.5975784067626105	0.5501422450872253	0.8485244797108051
VCP-R	0.5975784067626105	0.5501422450872253	0.8413940218981093
POLR2A-R	-0.5975784067626105	0.5501422450872253	0.8557768256912394
RBBP8-R	0.5975784067626105	0.5501422450872253	0.8343824050489583
MCM8-R	0.5961760172446466	0.5509143000394778	0.8286479554312808
PIAS4-R	-0.5770292567586536	0.5615641539419208	0.8377432460445049
POLR2L-R	-0.5770292567586536	0.5615641539419208	0.830932325344956
ERCC2-R	-0.5695792643176878	0.5657634254921103	0.8303947051577749
YWHAG-R	0.5695661804484736	0.5657708279152017	0.8237623254445338
POLR2D-R	0.563665803044136	0.5691189572239239	0.8220607159901123
APEX1-R	0.5340644614760137	0.586217462706333	0.8400911670279734
POLG2-R	0.5147418245538471	0.5976548745156134	0.8497905247018878
USP7-R	-0.5039261343369476	0.6041540074440777	0.8523723205800166
PLK3-R	-0.4699629944527524	0.6250253972616172	0.875035556166264
PRKDC-R	0.45446511183377997	0.6347874174340293	0.8819183967404072
CDK7-R	0.45446511183377997	0.6347874174340293	0.8686564659623559
MAPK8-R	0.45446511183377997	0.6347874174340293	0.875237196765101
UBA7-R	-0.45184820815449533	0.6364507704303184	0.8644331359575966
CDK6-R	0.4495752650659854	0.6378990320948059	0.8599823988241087
RECQL4-R	0.4363551743252988	0.6463881047011016	0.8650193754088271
EP300-R	-0.4072685664047968	0.6654654446380726	0.8840489848476584
SMARCC1-R	0.39128786958917455	0.6761854747843952	0.8917808435562313
DDB2-R	-0.38571499422607086	0.6799642918160089	0.8903129576295944
CDKN2D-R	0.3151265991752442	0.7296964894475164	0.9486054362817713
POLR2E-R	-0.31063357645180784	0.7329824086829068	0.9461191374488583
TOP2A-R	0.3068825217021229	0.7357370289642913	0.9429868962781761
KAT5-R	0.30211101154259107	0.739255994385923	0.940871265582084
ELL-R	0.28004932902847857	0.7557464602975488	0.9551795539871796
GTF2H5-R	0.2665306629949997	0.766032514514909	0.9615028802876787
CLK2-R	-0.26599255374812536	0.7664448346210574	0.9554312321988523
TP53-R	0.2564590514303616	0.7737866793684696	0.9580216030276291
ATM-R	-0.24216779501962457	0.7849244600861872	0.965244944160041
GTF2H1-R	-0.23381159651682795	0.7915109252640691	0.9668120026715474
TOP1-R	-0.2305160255159063	0.7941237086581344	0.9635367665052031
MLH1-R	0.22492928018877503	0.7985726916724811	0.9625180787045798
POLR2H-R	0.2179089153273638	0.8041986885049538	0.9629221138677736
MTOR-R	0.21729840117552465	0.8046898130891764	0.9572127188381053
UBE2I-R	-0.2084483517019746	0.8118429639270986	0.9532607705466577
MEN1-R	-0.2084483517019746	0.8118429639270986	0.9594507755502074
NFRKB-R	-0.2084483517019746	0.8118429639270986	0.9471501245816151
TDG-R	-0.20685578716140418	0.8131369063138605	0.9426173054084243
RRM2B-R	-0.196397342322522	0.8216856793091488	0.9464986938877537
POLR2J-R	0.17618456607709498	0.838463217188438	0.9597503492345641
EYA3-R	-0.1760392839875655	0.8385850397257268	0.9538904826880144
MRE11-R	0.17157693954671427	0.8423354566185627	0.9522052987862013
UBE2B-R	0.15957245456661154	0.8525081970467285	0.9577561226080531
GTF2H3-R	0.15506946239126077	0.8563556909035375	0.9561762929106983
ERCC5-R	-0.13917799510719547	0.8700731459116183	0.9655689789994788
MGMT-R	0.13571854450254248	0.8730883334213657	0.9630428889859913
SMARCA4-R	0.13571854450254248	0.8730883334213657	0.9572414257993288
POLR2I-R	0.13068185881115826	0.8774968978946488	0.9563139845318926
MNAT1-R	0.12824751486948563	0.8796356292996123	0.9529385984079133
GADD45A-R	0.0955797210303525	0.9088459046335864	0.9787571280669392
TERT-R	0.0947177066252315	0.909629680659995	0.9738388345889359
RAD9A-R	0.09106042120897635	0.91296254693191	0.9716911318222669
MDC1-R	-0.0865342941979351	0.917104096895974	0.9704241025294609
ERCC3-R	0.08244424884518806	0.9208627755888847	0.9687689315443759
CCNH-R	0.07830294692616666	0.9246842538545746	0.967198472422601
TIMELESS-R	-0.07511095935963741	0.9276405502163703	0.964746172225025
PMS2-R	0.07207394575903626	0.9304620895418055	0.9621823880489125
TOPBP1-R	0.04937257143486699	0.9518264402864343	0.9732157984951182
SIRT6-R	-0.04937257143486699	0.9518264402864343	0.9787141928368985
TERF1-R	-0.04654225819907746	0.9545242232430349	0.9705218359230857
HRAS-R	-0.038232610845793796	0.9624890294628852	0.9731833520124729
PARG-R	0.034691005563584	0.9659038290605368	0.9712403143039652
PIAS1-R	-0.00900441402749883	0.9910360043030538	0.9910360043030538