Overall graph size pval = 0.6902
Gene	Downstream crowded pval	Downstream suggests activation pval	Downstream suggests inhibition pval
E2F3	0.0063	1.0	1.0E-4
E2F4	0.0018	1.0E-4	1.0
IRF1	4.0E-4	0.4707	1.0E-4
MYCN	0.02	1.0	3.0E-4
E2F1	0.0369	0.9683	4.0E-4
E2F5	0.0041	6.0E-4	1.0
FOXA1	0.0089	6.0E-4	0.8164
STAT6	0.0184	0.0012	1.0
LIN54	0.0022	0.0391	0.0398
LIN52	0.0022	0.0391	0.0398
LIN37	0.0022	0.0391	0.0398
LIN9	0.0022	0.0391	0.0398
SREBF2	0.0502	1.0	0.0023
FOXM1	0.0464	1.0	0.0026
MYBL2	0.0191	1.0	0.0033
RBL2	0.0263	0.0033	1.0
E2F2	0.0471	1.0	0.0043
BRCA1	0.1248	1.0	0.0047
NFYB	0.0593	1.0	0.0055
NFYC	0.0593	1.0	0.0055
AHR	0.0347	1.0	0.0058
YBX1	0.09	0.0062	1.0
CEBPD	0.069	0.0088	1.0
KLF5	0.0472	1.0	0.0092
NELFB	0.0471	1.0	0.0096
NFYA	0.1005	1.0	0.0102
SREBF1	0.1517	1.0	0.0113
IL10	0.0906	0.015	1.0
RBBP4	0.0162	0.1066	0.0954
CDKN2A	0.086	0.0165	1.0
TP53	0.1272	0.0186	0.8062
E2F6	0.0896	0.0193	1.0
CEBPA	0.1995	0.02	1.0
FOXA3	0.0208	0.032	0.3164
TFDP1	0.1501	0.8936	0.0261
POU2F1	0.0932	1.0	0.0279
HNF4A	0.1693	0.0305	1.0
CIITA	0.1646	1.0	0.0314
NOTCH3	0.0341	0.32	0.0578
MYC	0.285	0.9328	0.0348
MYB	0.0364	0.068	0.2299
MAX	0.282	0.9404	0.0368
GATA3	0.1945	0.0373	1.0
NPM1	0.1468	0.0412	1.0
KLF4	0.3092	0.0449	1.0
SATB1	0.0449	0.0611	0.3825
ATR	0.1368	1.0	0.048
IL8	0.179	0.0529	1.0
STAT1	0.2066	0.8678	0.0561
FANCD2	0.1746	1.0	0.0602
CDK12	0.1747	1.0	0.0641
ELOA	0.1747	1.0	0.0641
ELOB	0.1747	1.0	0.0641
ELOC	0.1747	1.0	0.0641
NELFA	0.1747	1.0	0.0641
NELFE	0.1747	1.0	0.0641
CTDP1	0.1747	1.0	0.0641
GTF2H1	0.1747	1.0	0.0641
GTF2H2	0.1747	1.0	0.0641
GTF2H3	0.1747	1.0	0.0641
GTF2H4	0.1747	1.0	0.0641
GTF2H5	0.1747	1.0	0.0641
CCNT2	0.1747	1.0	0.0641
SUPT16H	0.1747	1.0	0.0641
ELOA2	0.1747	1.0	0.0641
ELOA3	0.1747	1.0	0.0641
CDK7	0.1747	1.0	0.0641
MNAT1	0.1747	1.0	0.0641
CCNK	0.1747	1.0	0.0641
CCNH	0.1747	1.0	0.0641
SUPT4H1	0.1747	1.0	0.0641
RAD51D	0.1747	1.0	0.0641
ELOA3D	0.1747	1.0	0.0641
TCEA1	0.1747	1.0	0.0641
ELOA3B	0.1747	1.0	0.0641
SUPT5H	0.1747	1.0	0.0641
ERCC3	0.1747	1.0	0.0641
SPI1	0.3334	1.0	0.0645
ESR1	0.2572	0.0645	0.8472
RBL1	0.1794	0.0646	1.0
CHEK1	0.1813	1.0	0.0647
EDN1	0.2233	0.0651	1.0
MAML2	0.0696	0.0745	0.4233
FOSL2	0.0698	0.075	0.4247
RUNX1	0.0713	0.1701	0.2065
JUNB	0.0782	0.1821	0.2199
CEBPB	0.5182	0.0825	1.0
SSRP1	0.2209	1.0	0.0826
CCNT1	0.2216	1.0	0.0829
GTF2F1	0.2216	1.0	0.0829
GTF2F2	0.2216	1.0	0.0829
CDK9	0.2216	1.0	0.0829
POLR2A	0.2216	1.0	0.0829
POLR2B	0.2216	1.0	0.0829
POLR2C	0.2216	1.0	0.0829
POLR2D	0.2216	1.0	0.0829
POLR2E	0.2216	1.0	0.0829
POLR2F	0.2216	1.0	0.0829
POLR2G	0.2216	1.0	0.0829
POLR2H	0.2216	1.0	0.0829
POLR2I	0.2216	1.0	0.0829
POLR2J	0.2216	1.0	0.0829
POLR2K	0.2216	1.0	0.0829
POLR2L	0.2216	1.0	0.0829
GATA1	0.0884	0.1145	0.3691
KAT5	0.0886	0.095	0.4528
CDX2	0.0907	0.0935	0.4584
MAML1	0.091	0.0923	0.4488
NR1H4	0.3063	0.092	1.0
EP300	0.3673	0.0923	0.8863
TAL1	0.0967	0.2492	0.2543
SUPT3H	0.0974	0.2309	0.2612
ELL	0.2648	1.0	0.0982
TCF7L2	0.263	1.0	0.0998
FOXA2	0.1124	0.3389	0.153
NELFCD	0.307	1.0	0.1157
EZH2	0.4784	1.0	0.1202
TP73	0.6054	0.1207	1.0
RB1	0.4238	0.1222	1.0
ETS2	0.1399	0.1224	0.5309
ARNT	0.1251	0.2956	0.2047
RELA	0.1881	0.5548	0.1267
SOX2	0.3951	0.1276	1.0
CCND1	0.35	1.0	0.1315
ERG	0.3978	0.1392	1.0
RBPJ	0.1698	0.1442	0.545
IL4	0.4442	0.1494	1.0
NFKB1	0.1794	0.4741	0.1524
ERCC2	0.3965	1.0	0.1597
ETS1	0.1743	0.255	0.3273
CD3D	0.1767	0.3132	0.3508
NFKBIA	0.4377	0.1776	1.0
WT1	0.19	0.4666	0.1996
JUND	0.1964	0.5243	0.195
PTTG1	0.2	0.5221	0.2089
NCOA1	0.4398	0.8695	0.2017
HDAC1	0.2797	0.21	0.6193
ATM	0.509	1.0	0.2141
MAML3	0.2179	0.343	0.3882
MAMLD1	0.2179	0.343	0.3882
YY1	0.6199	1.0	0.2193
MECP2	0.2561	0.2243	0.5884
CARM1	0.2248	0.4505	0.2718
MAZ	0.443	0.236	1.0
TFAP2A	0.4617	0.2368	0.8413
FOSL1	0.5425	1.0	0.237
TBL1X	0.3756	0.7674	0.2376
TBL1XR1	0.3756	0.7674	0.2376
IL13	0.3186	0.2399	0.6662
TWIST1	0.6733	1.0	0.2424
ETV6	0.445	0.2429	1.0
AIP	0.4497	1.0	0.2437
ESR2	0.4461	0.2458	1.0
PER1	0.4386	0.2464	1.0
ATF4	0.5586	1.0	0.2467
SP2	0.4562	1.0	0.2541
SMARCD3	0.4058	0.7793	0.2553
CHD9	0.4058	0.7793	0.2553
TGS1	0.4058	0.7793	0.2553
PTGDR	0.6659	1.0	0.2586
PURA	0.4506	0.2597	1.0
HNF1A	0.4466	1.0	0.261
SERPINB5	0.4451	1.0	0.2622
TFE3	0.4386	1.0	0.2628
RAD51	0.445	1.0	0.2684
SP4	0.5083	0.2775	1.0
IRF8	0.5041	1.0	0.2856
ZBTB16	0.5089	0.2883	1.0
NCOA6	0.4622	0.8008	0.2898
TFDP2	0.4905	0.8283	0.29
NR4A1	0.512	0.2905	1.0
ESRRA	0.5007	1.0	0.294
SOX6	0.5075	0.2967	1.0
FLI1	0.2993	0.4301	0.4396
REL	0.4982	1.0	0.2996
HBP1	0.5033	0.3024	1.0
NOTCH1	0.5599	0.3059	1.0
VHL	0.307	0.4368	0.4397
TAF9	0.5038	1.0	0.3089
ACTL6A	0.5158	1.0	0.3098
SIRT1	0.5429	0.3098	0.8491
RUVBL2	0.5158	1.0	0.3098
FOS	0.616	0.9206	0.3109
MDC1	0.512	1.0	0.3133
AGO2	0.3135	0.4665	0.4119
WWTR1	0.5589	0.3143	1.0
FANCI	0.5174	1.0	0.3164
IL2RA	0.5116	1.0	0.3178
TBP	0.5593	0.3193	1.0
ATF3	0.5654	1.0	0.3266
SPDEF	0.5648	0.3271	1.0
STAT4	0.5894	0.3354	0.8741
SPP1	0.6105	0.3419	1.0
DDIT3	0.345	0.4679	0.4574
RUVBL1	0.5709	1.0	0.3459
NR3C1	0.6082	0.3481	0.8776
ATF6	0.6157	0.3498	1.0
TWIST2	0.7158	1.0	0.3515
GLI1	0.6176	0.3527	1.0
GATA2	0.6075	0.3549	1.0
MOV10	0.3558	0.4984	0.4406
AGO3	0.3558	0.4984	0.4406
AGO4	0.3558	0.4984	0.4406
AGO1	0.3558	0.4984	0.4406
TNRC6C	0.3558	0.4984	0.4406
TNRC6A	0.3558	0.4984	0.4406
TNRC6B	0.3558	0.4984	0.4406
SOX9	0.6129	0.3568	1.0
REST	0.5644	0.3615	1.0
SP3	0.6009	0.8686	0.3665
HELZ2	0.5795	0.8475	0.374
XBP1	0.5333	0.3745	0.7374
TP63	0.5152	0.3865	0.7071
CREM	0.6085	0.3877	1.0
NFIC	0.6447	0.3882	1.0
MED1	0.5999	0.8542	0.39
ETV4	0.6133	1.0	0.3929
LMO2	0.6534	0.3982	1.0
PPARA	0.6477	0.879	0.3989
NCOA2	0.4084	0.5772	0.4035
NCOR1	0.6858	1.0	0.4122
CREB5	0.6632	0.4129	1.0
TRRAP	0.6534	1.0	0.4189
NR1I2	0.6548	1.0	0.4208
ELK1	0.6547	1.0	0.4216
CBFB	0.7671	1.0	0.4242
HDAC7	0.6907	1.0	0.4254
GABPA	0.6518	1.0	0.4265
KAT2A	0.6552	1.0	0.4285
GABPB1	0.6543	1.0	0.4297
IL37	0.7313	0.4377	1.0
MTA1	0.7165	0.4529	1.0
RUNX3	0.846	0.4742	1.0
SMAD7	0.7344	0.4773	1.0
NFATC2	0.7266	1.0	0.4864
RXRA	0.5279	0.6475	0.4879
NRF1	0.4921	0.5401	0.5983
HDAC3	0.784	1.0	0.4978
HIF1A	0.5155	0.502	0.5939
NPAS2	0.7901	0.5029	1.0
RARA	0.759	1.0	0.5031
KAT2B	0.7856	0.5145	1.0
ATF2	0.847	1.0	0.5148
ZBTB17	0.7826	1.0	0.5198
ARNTL	0.8164	0.531	1.0
PML	0.8088	0.5352	1.0
PAX5	0.8	0.5383	1.0
RUNX2	0.8334	0.5418	1.0
STAT5B	0.5475	0.5813	0.6144
FOXO4	0.7794	1.0	0.551
CLOCK	0.8364	0.5598	1.0
BCL6	0.8334	1.0	0.5623
CDKN1A	0.8051	1.0	0.5695
LEF1	0.8495	0.5758	1.0
HDAC2	0.5784	0.6458	0.5898
SRF	0.8059	1.0	0.5803
DNMT1	0.8297	0.5839	1.0
NCOA3	0.8855	0.6243	1.0
STAT3	0.8244	0.8671	0.6508
STAT5A	0.8788	1.0	0.6565
SMAD4	0.8848	1.0	0.6585
USF2	0.9138	0.6692	1.0
USF1	0.9252	0.693	1.0
CREBBP	0.9351	0.9662	0.7404
FOXO1	0.9547	0.7613	1.0
PPARGC1A	0.8362	0.7717	0.824
SMAD3	0.9625	0.7813	1.0
JUN	0.8826	0.8501	0.7826
SP1	0.9523	0.9566	0.7833
CTNNB1	0.9537	1.0	0.7993
FOXO3	0.952	1.0	0.8031
CREB1	0.9628	1.0	0.8121
AR	0.9852	1.0	0.8815
PPARG	0.9328	0.8838	0.8858
EGR1	0.9506	0.8896	0.9167
ATF1	1.0	1.0	1.0
SOX17	1.0	1.0	1.0
AKT1	1.0	1.0	1.0
MEF2A	1.0	1.0	1.0
MED8	1.0	1.0	1.0
MED9	1.0	1.0	1.0
MED4	1.0	1.0	1.0
MED6	1.0	1.0	1.0
MED7	1.0	1.0	1.0
HOXB7	1.0	1.0	1.0
ABCB1	1.0	1.0	1.0
GATA6	1.0	1.0	1.0
GATA4	1.0	1.0	1.0
TERT	1.0	1.0	1.0
ZBTB7A	1.0	1.0	1.0
BTF3	1.0	1.0	1.0
CDK19	1.0	1.0	1.0
ZNF382	1.0	1.0	1.0
CDC6	1.0	1.0	1.0
SNAI1	1.0	1.0	1.0
SNAI2	1.0	1.0	1.0
NANOG	1.0	1.0	1.0
MED19	1.0	1.0	1.0
MED16	1.0	1.0	1.0
MED15	1.0	1.0	1.0
MED18	1.0	1.0	1.0
MED17	1.0	1.0	1.0
GLI2	1.0	1.0	1.0
MED12	1.0	1.0	1.0
ING4	1.0	1.0	1.0
MED11	1.0	1.0	1.0
MED14	1.0	1.0	1.0
MED13	1.0	1.0	1.0
HEY1	1.0	1.0	1.0
MED10	1.0	1.0	1.0
HEY2	1.0	1.0	1.0
TIMP3	1.0	1.0	1.0
JAK2	1.0	1.0	1.0
PAX3	1.0	1.0	1.0
PAX6	1.0	1.0	1.0
MED27	1.0	1.0	1.0
MED26	1.0	1.0	1.0
MED29	1.0	1.0	1.0
POU5F1	1.0	1.0	1.0
MED28	1.0	1.0	1.0
MED23	1.0	1.0	1.0
MED22	1.0	1.0	1.0
MED25	1.0	1.0	1.0
MED24	1.0	1.0	1.0
MMP13	1.0	1.0	1.0
ZEB1	1.0	1.0	1.0
PAX8	1.0	1.0	1.0
MED21	1.0	1.0	1.0
MTF1	1.0	1.0	1.0
MED20	1.0	1.0	1.0
PPARD	1.0	1.0	1.0
ASCL1	1.0	1.0	1.0
PTGS2	1.0	1.0	1.0
IL12RB1	1.0	1.0	1.0
IL12RB2	1.0	1.0	1.0
HIPK2	1.0	1.0	1.0
SALL4	1.0	1.0	1.0
PITX1	1.0	1.0	1.0
MEN1	1.0	1.0	1.0
MITF	1.0	1.0	1.0
CDC25A	1.0	1.0	1.0
HIC1	1.0	1.0	1.0
PGR	1.0	1.0	1.0
TNFRSF11B	1.0	1.0	1.0
MED30	1.0	1.0	1.0
MED31	1.0	1.0	1.0
ABL1	1.0	1.0	1.0
NFKB2	1.0	1.0	1.0
MLXIPL	1.0	1.0	1.0
CDK8	1.0	1.0	1.0
BCL2	1.0	1.0	1.0
NFE2L2	1.0	1.0	1.0
PPP1R13B	1.0	1.0	1.0
NKX3-1	1.0	1.0	1.0
MET	1.0	1.0	1.0
HDAC4	1.0	1.0	1.0
HDAC5	1.0	1.0	1.0
IL2RG	1.0	1.0	1.0
HDAC9	1.0	1.0	1.0
KLF2	1.0	1.0	1.0
KLF8	1.0	1.0	1.0
KLF6	1.0	1.0	1.0
IL23R	1.0	1.0	1.0
CCNC	1.0	1.0	1.0
TRIM28	1.0	1.0	1.0
IL12B	1.0	1.0	1.0
IL12A	1.0	1.0	1.0
IL23A	1.0	1.0	1.0
EPAS1	1.0	1.0	1.0
KLK3	1.0	1.0	1.0
TP53BP2	1.0	1.0	1.0
FOXF2	1.0	1.0	1.0
SMARCA4	1.0	1.0	1.0
MED13L	1.0	1.0	1.0
MLX	1.0	1.0	1.0
PARP1	1.0	1.0	1.0
TSC22D3	1.0	1.0	1.0
TYK2	1.0	1.0	1.0
NR5A1	1.0	1.0	1.0
HSF1	1.0	1.0	1.0
VEGFA	1.0	1.0	1.0
HDGF	1.0	1.0	1.0
HOXA10	1.0	1.0	1.0
MSX2	1.0	1.0	1.0
TFAP2B	1.0	1.0	1.0
TFAP2C	1.0	1.0	1.0
VDR	1.0	1.0	1.0
HMGA1	1.0	1.0	1.0
IL2	1.0	1.0	1.0
TCF4	1.0	1.0	1.0
TCF3	1.0	1.0	1.0
KLF10	1.0	1.0	1.0
ELF3	1.0	1.0	1.0
DCT	1.0	1.0	1.0
THRAP3	1.0	1.0	1.0
IRF9	1.0	1.0	1.0
ERBB4	1.0	1.0	1.0
FAM120B	1.0	1.0	1.0
MAPK1	1.0	1.0	1.0
HES1	1.0	1.0	1.0
MAPK3	1.0	1.0	1.0
RBMX	1.0	1.0	1.0