

Data type: org.panda.causalpath.data.SiteModProteinData
Row ID	Change amount	P-value	Q-value
MSH6-P-S830	21.86157139301379	3.203613965994185E-10	2.873641727496784E-7
PMS2-A-K210	-5.207509330575482	0.005475293865941117	2.455669298874591
MCM6-P-S762	-3.543216553181913	0.028920154100909944	8.647126076172073
TP53BP1-P-S523-S525	-3.543216553181913	0.028920154100909944	6.485344557129054
MCM3-P-T674	2.703665710787168	0.06695960775038952	12.01255363041988
MCM2-P-S139	2.637348773228591	0.07155071548576752	10.696831965122245
TOP2A-P-S4	-1.9836272684108627	0.13756933032440274	17.628527042998467
MCM3-P-S672	1.9836272684108627	0.13756933032440274	15.424961162623658
MCM3-P-S711	1.9718635812058625	0.1391972090507125	13.87332183538768
PMS2-P-S445	-1.6297971682086363	0.19596931890402655	17.57844790569118
CDK1-P-Y15	1.6297971682086363	0.19596931890402655	15.980407186991982
TP53BP1-P-S1068	-1.6297971682086363	0.19596931890402655	14.648706588075983
MCM3-P-S160	-1.4553059454576915	0.23332896704232148	16.09969872592018
MCM3-P-S672-T674	1.2481120769899385	0.28704620676797665	18.391460533633932
PRKDC-P-S4026	-1.1972766736176677	0.30201557997472545	18.060531682488584
KAT5-P-S90	1.1202939251560315	0.3261839068760958	18.28668527924112
TP53BP1-P-S1426-S1430	-1.1202939251560315	0.3261839068760958	17.210997909873996
PARG-P-S291	1.1202939251560315	0.3261839068760958	16.25483135932544
MSH6-P-S41	-1.1202939251560315	0.3261839068760958	15.399313919360942
MSH6-P-S43	-1.1202939251560315	0.3261839068760958	14.629348223392896
SIRT6-P-S303	1.1202939251560315	0.3261839068760958	13.93271259370752
TP53BP1-P-S1758-S1759	-1.0752024265407896	0.34122867456913153	13.912823685841408
SMARCC1-P-S573	1.0175504730450031	0.36147930990041216	14.097693086116074
MLH1-P-S477	-0.9880697757776388	0.37229461000092284	13.91451104878449
YY1-P-S118	0.9880697757776388	0.37229461000092284	13.357930606833111
XRCC6-P-T455	0.9880697757776388	0.37229461000092284	12.844164045031837
ATRX-P-S1076	-0.9880697757776388	0.37229461000092284	12.368454265586214
MCM3-P-S668	0.9880697757776388	0.37229461000092284	11.926723756100992
RRM2-P-S20	0.9233726400623624	0.3971772437725017	12.285103022894278
MDC1-P-S329-T331	-0.9233726400623624	0.3971772437725017	11.875599588797801
ORC1-P-T230	0.9233726400623624	0.3971772437725017	11.492515731094647
TP53BP1-P-S1028	0.9233726400623624	0.3971772437725017	11.133374614497939
UNG-P-S23	0.9233726400623624	0.3971772437725017	10.79599962617982
XRCC6-P-S2	-0.9233726400623624	0.3971772437725017	10.478470225409824
TP53BP1-P-S1678	0.9233726400623624	0.3971772437725017	10.179085361826687
SMARCC1-P-S357	-0.9233726400623624	0.3971772437725017	9.896332990664835
TP53BP1-P-T593	-0.9233726400623624	0.3971772437725017	9.628864531457676
DTL-P-S679	0.9233726400623624	0.3971772437725017	9.375473359577212
MCM2-P-T39	0.9233726400623624	0.3971772437725017	9.135076606767539
MDC1-P-S453-T455	0.9233726400623624	0.3971772437725017	8.906699691598352
DTL-P-S490	0.9233726400623624	0.3971772437725017	8.689463113754488
MDC1-P-T1891	0.9233726400623624	0.3971772437725017	8.482571134855572
CLK2-P-S50	0.9233726400623624	0.3971772437725017	8.285302038696141
SIRT6-P-S330	0.9233726400623624	0.3971772437725017	8.096999719634864
SIRT6-P-S338	-0.9233726400623624	0.3971772437725017	7.917066392531868
MCM2-P-S108	-0.9233726400623624	0.3971772437725017	7.7449562535637835
BLM-P-S304	-0.9233726400623624	0.3971772437725017	7.580169950296469
XRCC1-P-S447	0.9233726400623624	0.3971772437725017	7.422249742998626
SIRT6-P-T294	0.9233726400623624	0.3971772437725017	7.2707752584476335
TP53-P-S15	-0.9233726400623624	0.3971772437725017	7.125359753278681
VCP-P-S197	0.9233726400623624	0.3971772437725017	6.985646816939883
MCM3-P-S711-T713	0.9228606478946925	0.39738064747659835	6.854816168971321
TP53BP1-P-S1635	0.9178849171884301	0.3993628338896605	6.7590275848872725
MRE11-P-S619	-0.9178849171884301	0.3993628338896605	6.63386040738936
TP53BP1-P-S765	0.9178849171884301	0.3993628338896605	6.513244763618645
NFRKB-P-T1151	0.9178849171884301	0.3993628338896605	6.396936821411169
MEN1-P-S548	-0.9170332792533493	0.39970309129635456	6.2900644367163165
ATRX-P-S1527	0.9056873249843723	0.4042639288922291	6.252150762350509
PARG-P-S68	-0.8094035394051229	0.44512348567801047	6.767385875477548
MDC1-P-S299	0.8094035394051229	0.44512348567801047	6.654596110886256
SMARCC1-A-K750	0.7994975011071893	0.44955480816263743	6.6106666052768155
XRCC6-A-K461	0.7994975011071893	0.44955480816263743	6.5040429503529955
CDK1-A-K33	0.7994975011071893	0.44955480816263743	6.400804173363266
MDC1-A-K1016	-0.7994975011071893	0.44955480816263743	6.300791608154465
TP53BP1-P-S1094-S1101-S1104	-0.7810017932015236	0.45794701322852394	6.319668782553631
MRE11-A-K673	0.7647924492403058	0.4654305214085609	6.325623904598169
TP53BP1-P-S1101	-0.7580866342369734	0.46856210054215	6.273137375915052
MCM3-P-T722	0.7554633573063619	0.46979288232598077	6.197120815388305
VCP-P-S775	0.7294480488391727	0.4821750537370105	6.268275698581136
TOP2B-A-K1209	-0.7286012999160025	0.4825835078491771	6.183962950581598
TIMELESS-P-S308	-0.6347841070903342	0.5300499099830452	6.696546045842135
ATRX-P-S84	-0.6347841070903342	0.5300499099830452	6.603538461872105
TP53BP1-P-T922	-0.6347841070903342	0.5300499099830452	6.513079030887556
RRM2B-P-S20	0.6314636712789051	0.5318128319008045	6.446433921824617
TP53BP1-P-S1216-S1219	-0.6313592249464576	0.5318683807015289	6.361145833190285
PARP1-P-S257	0.6262120067120314	0.5346130810550391	6.309841232978553
TOP2A-P-S1332-S1337-T1343	-0.6070045856345906	0.5449808701186888	6.348673253200829
TOP2A-P-S1213	-0.6070045856345906	0.5449808701186888	6.267280006364921
PRKDC-P-S511	-0.606750796117429	0.5451191981029322	6.189517983523166
UNG-P-T60	0.5741832731577043	0.5631646327028014	6.31448344418016
TP53BP1-P-S999	-0.5271991694620284	0.5902558633096573	6.536537152947687
FANCD2-P-S1412	0.5271991694620284	0.5902558633096573	6.456823285228812
TFPT-P-S252	0.5232185416751136	0.5926101348311588	6.404473384862041
FANCD2-P-S592	0.49954608486798835	0.6068060356510305	6.47982159498779
ATR-P-S435	-0.49954608486798835	0.6068060356510305	6.403588399752639
ATRX-P-S634	-0.49954608486798835	0.6068060356510305	6.329128069522957
SMARCA4-P-S1663	0.49954608486798835	0.6068060356510305	6.256379471022694
TTK-P-S436	0.49954608486798835	0.6068060356510305	6.185284249761072
PRKDC-P-S3205	-0.49954608486798835	0.6068060356510305	6.11578667392106
DTL-P-S478	0.46886058462072244	0.6257148113434371	6.236290953056256
TOP2B-P-S1466	-0.4629913990207729	0.6293980459244011	6.2040664526833815
ABL1-P-Y393	0.4629913990207729	0.6293980459244011	6.13663094776291
TFPT-P-S249	0.45604730057128756	0.6337838580509829	6.1129475341046415
ORC1-P-S199	0.45604730057128756	0.6337838580509829	6.0479161773588475
TOP2B-P-S1461-S1466	-0.45604730057128756	0.6337838580509829	5.984253901807702
XRCC1-P-S446-S447	-0.45604730057128756	0.6337838580509829	5.921917923663872
SMARCA4-P-S1602-S1607-S1618	-0.43327745174550186	0.6483805725250745	5.995849211907132
NBN-P-S347	0.43327745174550186	0.6483805725250745	5.934667077091753
CLK2-P-S98	0.43327745174550186	0.6483805725250745	5.874720944999917
MCM4-P-S31-S32	-0.4234695939147804	0.6547710843891503	5.873296626970679
MTOR-A-K230	-0.3924702943031541	0.6753864088785134	5.998233750138877
USP7-P-S18	0.38954222008785067	0.6773668884883672	5.956844107588877
SUMO1-P-T76	0.38954222008785067	0.6773668884883672	5.899010669651121
PARG-P-S302	0.38954222008785067	0.6773668884883672	5.842289413212168
TCEA1-P-S100	0.38954222008785067	0.6773668884883672	5.786648561657766
MCM2-P-S27	0.38954222008785067	0.6773668884883672	5.732057537491183
SIRT6-P-S10	0.38954222008785067	0.6773668884883672	5.6784869062996775
POLE3-P-S122	0.38954222008785067	0.6773668884883672	5.625908323833939
MDC1-P-S329	-0.38954222008785067	0.6773668884883672	5.574294486000601
XRCC1-P-S266	-0.38954222008785067	0.6773668884883672	5.523619081582413
TP53BP1-P-S395-S398	0.38954222008785067	0.6773668884883672	5.473856747514104
TP53BP1-P-S316	0.38954222008785067	0.6773668884883672	5.424983026554156
TP53BP1-P-S635-S639-S640	0.38954222008785067	0.6773668884883672	5.3769743272041195
ATRX-P-S92-S108-S112	-0.38954222008785067	0.6773668884883672	5.3298078857374165
MDC1-P-S955	-0.38954222008785067	0.6773668884883672	5.283461730209265
TERF1-P-T371	0.38954222008785067	0.6773668884883672	5.237914646328151
XRCC6-P-S520	-0.38954222008785067	0.6773668884883672	5.193146145077483
SMARCC1-P-S328	0.38954222008785067	0.6773668884883672	5.149136431983606
MDC1-P-T1198	0.38954222008785067	0.6773668884883672	5.1058663779333235
KAT5-P-T503-S508	0.38954222008785067	0.6773668884883672	5.063317491450546
TP53BP1-P-S1426	-0.38954222008785067	0.6773668884883672	5.021471892347648
EP300-P-S973	-0.38954222008785067	0.6773668884883672	4.9803122866726675
TFPT-P-S249-S252	0.38954222008785067	0.6773668884883672	4.939821942878581
MRE11-P-S688-S689	0.38954222008785067	0.6773668884883672	4.899984669145689
TOP2B-P-S1500	0.38954222008785067	0.6773668884883672	4.860784791792524
XPC-P-S884	0.38954222008785067	0.6773668884883672	4.822207134714805
ATRX-P-T977-S978	-0.38954222008785067	0.6773668884883672	4.784236999795791
ABL1-P-T781	-0.38954222008785067	0.6773668884883672	4.7468601482348864
PARP1-P-S782	0.38954222008785067	0.6773668884883672	4.710062782744694
CHEK2-P-S163	-0.38954222008785067	0.6773668884883672	4.673831530569735
CHEK2-P-S303	-0.38954222008785067	0.6773668884883672	4.638153427282942
MCM4-P-S326	-0.38954222008785067	0.6773668884883672	4.6030159013186775
MDC1-P-S544	0.38816819909217837	0.6782982445197661	4.574688160407745
TERF1-P-S365-S367-T371	-0.38816819909217837	0.6782982445197661	4.540548696524105
SMARCC1-P-S330	0.37770475698839484	0.6854328400507055	4.554320426114688
PIAS1-P-T508	-0.3719431114286141	0.6893934600177615	4.546955394381853
APBB1-P-S207	-0.3719431114286141	0.6893934600177615	4.513765938948409
TOP2B-P-S1342-S1344	-0.3719431114286141	0.6893934600177615	4.481057490115449
NBN-P-T497	-0.3719431114286141	0.6893934600177615	4.448819666445554
XPC-P-S61	-0.3662183820714178	0.6933513691671169	4.442401272449313
TP53BP1-P-S782	0.3662183820714178	0.6933513691671169	4.4108948804461265
RBBP8-P-T245	-0.3662183820714178	0.6933513691671169	4.379832240442985
MCM3-P-S668-S672-T674	-0.3662183820714178	0.6933513691671169	4.3492040429573695
TP53BP1-P-S784-S786	0.34204345424547294	0.710317337734574	4.424685082971617
PRKDC-P-S2624	-0.34127155437977774	0.7108658432606085	4.397563182101833
TP53BP1-P-S580	-0.33422042140924435	0.7158959660371077	4.398347133803326
PIAS3-P-S431	-0.33422042140924435	0.7158959660371077	4.368426405001943
POLR2A-P-T1903	0.33422042140924435	0.7158959660371077	4.338910010373551
ATRX-P-S925	-0.33422042140924435	0.7158959660371077	4.309789808961648
PRKDC-P-S2612	0.33422042140924435	0.7158959660371077	4.281057876901904
TOP2A-P-S1351-S1354	0.33422042140924435	0.7158959660371077	4.252706500233679
SIRT6-P-S2	0.33422042140924435	0.7158959660371077	4.2247281679953
ATRX-P-S1073-S1076	-0.33422042140924435	0.7158959660371077	4.197115565590102
DTL-P-S676-S679	0.33422042140924435	0.7158959660371077	4.169861568410946
PARG-P-S197-T199-S201	0.33422042140924435	0.7158959660371077	4.14295923571152
BLM-P-T125	0.33422042140924435	0.7158959660371077	4.1164018047133695
MCM4-P-S120	0.33422042140924435	0.7158959660371077	4.090182684938125
SMARCA4-P-S1449-S1453	-0.33422042140924435	0.7158959660371077	4.064295452754973
ATRX-P-S1322-S1324-S1326	0.3329154498065449	0.71683079977635	4.044007719492993
MAPK8-P-S377	0.3329154498065449	0.71683079977635	4.018732671246162
PER1-P-S645-T646	-0.3329154498065449	0.71683079977635	3.9937715987539497
SUMO1-P-S9	0.3329154498065449	0.71683079977635	3.96911868765053
TP53BP1-P-S1701-S1705	-0.3329154498065449	0.71683079977635	3.9447682662539014
POLR2A-P-S1910-S1920	0.3329154498065449	0.71683079977635	3.9207148012157678
PARG-P-S316	-0.33192147919348197	0.7175436627495984	3.900828275675089
FANCD2-P-S1404	0.33192147919348197	0.7175436627495984	3.877329310158974
TFPT-P-S167	0.33192147919348197	0.7175436627495984	3.854111769379579
XRCC5-P-S318	-0.33192147919348197	0.7175436627495984	3.831170627895177
WEE1-P-S165-T173	0.3306950273880701	0.7184242353497885	3.8131747876258
MSH6-P-S227	0.3306950273880701	0.7184242353497885	3.7907443476985896
TP53BP1-P-T919	-0.3306950273880701	0.7184242353497885	3.768576252098013
KAT5-P-S86-S90	0.3306950273880701	0.7184242353497885	3.746665925050932
NFRKB-P-S298	0.3306950273880701	0.7184242353497885	3.7250088965824295
RBBP8-P-S549	0.3306950273880701	0.7184242353497885	3.703600799475634
ELL-P-T180	-0.3306950273880701	0.7184242353497885	3.682437366335773
TOP2B-P-S1344	0.3306950273880701	0.7184242353497885	3.66151442675432
SMARCA4-P-T1455	-0.3306950273880701	0.7184242353497885	3.640827904569267
ABL1-P-S16	-0.3306950273880701	0.7184242353497885	3.6203738152177545
MDC1-P-T1697-S1711	0.3306950273880701	0.7184242353497885	3.6001482631774318
TCEA1-P-S135	0.32857461353397927	0.719949208267013	3.5877468878639482
TOP2B-P-S1441	-0.32857461353397927	0.719949208267013	3.5679250818536503
MDC1-P-T1321	0.32857461353397927	0.719949208267013	3.5483210978874213
ATRX-P-S2379	0.32857461353397927	0.719949208267013	3.5289313651120806
MTOR-P-S2481	0.32857461353397927	0.719949208267013	3.5097523903016885
TP53BP1-P-S63	0.32857461353397927	0.719949208267013	3.490780755759517
ERCC4-P-S521	0.32857461353397927	0.719949208267013	3.472013117287692
KDM4B-P-S622	0.32857461353397927	0.719949208267013	3.4534462022219823
SMARCA4-P-S1484	0.32857461353397927	0.719949208267013	3.4350768075293123
KAT5-P-S199	0.32205851182854833	0.7246557881541675	3.439239375525335
DDB2-P-S26	0.31663335048575963	0.7285978462046899	3.4397487791874046
PRKDC-A-K1057	0.3114343776535233	0.7323956704508933	3.4395754785049806
POLG2-A-K288	0.3114343776535233	0.7323956704508933	3.421661022887767
MDC1-A-K1025	0.3114343776535233	0.7323956704508933	3.4039322092976754
ATM-A-K2440	-0.3114343776535233	0.7323956704508933	3.386386166981708
RRM1-A-K496	-0.3114343776535233	0.7323956704508933	3.3690200840741094
WEE1-P-T190	0.30707706319687583	0.7355939115045251	3.3664680541814236
TERF2-P-S365	0.30316219136012784	0.7384793116927355	3.3625174750679374
MAPK8-P-T183-Y185	-0.29980125572049543	0.7409654686970968	3.3567981081883627
DDB2-P-S24-S26	-0.29980125572049543	0.7409654686970968	3.3399297759864113
POLA1-P-S215	0.29980125572049543	0.7409654686970968	3.323230127106479
TOP2A-P-S1377	-0.29980125572049543	0.7409654686970968	3.3066966438870438
TP53BP1-P-S635	0.29980125572049543	0.7409654686970968	3.2903268585212664
TOP2B-P-S1340	0.29980125572049543	0.7409654686970968	3.2741183518290433
RECQL4-P-S251	-0.29980125572049543	0.7409654686970968	3.2580687520651757
PIAS1-P-S503	0.29980125572049543	0.7409654686970968	3.2421757337624184
ATRX-P-S1082	-0.29980125572049543	0.7409654686970968	3.226437016608232
ATRX-P-S1442	0.29318139127037784	0.7458868310657544	3.232176267951602
TOP2B-P-T1292	-0.29318139127037784	0.7458868310657544	3.2166369589710655
RBBP8-P-S539	-0.2876467282124819	0.7500265086479355	3.219013293096642
ORC1-P-S258	0.2876467282124819	0.7500265086479355	3.20368465836761
KAT5-P-S199-S202	0.28456557676665917	0.7523410177549376	3.1983407247686206
MCM3-P-S672-T674-S681	-0.2793086079448148	0.7563064650126404	3.2000325430015963
EP300-P-S12	-0.27276450391816764	0.7612720431044844	3.205920294200575
XRCC5-P-S695	-0.2690564027811916	0.7641001570588032	3.2027936489801236
MDC1-P-T1239	0.2690564027811916	0.7641001570588032	3.1878969343337045
MSH6-P-S252	0.261797946632526	0.7696665217101428	3.1962540276573983
ATRX-P-S819	0.26117301229537576	0.7701476630729349	3.1835136118729155
RUVBL2-P-T360	-0.26117301229537576	0.7701476630729349	3.168910338423957
RAD9A-P-S387	0.2604882322807175	0.7706752254124007	3.156601265730244
SMARCA4-P-S1659-S1663	0.25810921912451074	0.772510854539982	3.1497374387380175
PTEN-P-S385	0.25384096176765336	0.7758151765098875	3.1488968928930725
POLR2A-P-S1944-S1966	-0.24966578598214992	0.7790611127107041	3.147828009466223
EP300-P-T887	-0.24966578598214992	0.7790611127107041	3.133712188795971
XPC-P-S122-S129	0.24966578598214992	0.7790611127107041	3.119722402238846
MDC1-P-S495	0.24966578598214992	0.7790611127107041	3.1058569693400067
CDK1-P-T14	0.24966578598214992	0.7790611127107041	3.092114239387175
TP53BP1-P-S294-S301-T302	-0.24298411472334613	0.7842839722404773	3.099130938765234
TP53BP1-P-S1094	0.23498851876770513	0.7905799264084119	3.110307868369936
EP300-P-S2309	-0.2337024861326476	0.7915972920368778	3.1007107902055866
AURKA-P-S10	-0.2337024861326476	0.7915972920368778	3.0872294389438233
MDC1-P-S1033	0.2337024861326476	0.7915972920368778	3.073864809338006
KAT5-P-S190	0.23094761826839755	0.7937810445718833	3.069058607676635
MDC1-P-S1775	-0.2289767445100483	0.7953470294748788	3.06191538815007
TP53BP1-P-T543-S552	-0.2289767445100483	0.7953470294748788	3.048830279653702
CCNH-P-T315	0.2289767445100483	0.7953470294748788	3.035856533782835
POLR2A-P-S1882	-0.2289767445100483	0.7953470294748788	3.022992734910874
USP7-P-S963	0.22733817589889865	0.7966513284522025	3.0151740152811213
RUVBL2-P-S220	0.22517306078411295	0.7983780388735362	3.0090130288637056
TOP2B-P-S1400-S1413	-0.22517306078411295	0.7983780388735362	2.9964230161906356
TP53BP1-P-S119	0.22185084425599277	0.801034834371313	2.993867693462782
KPNA2-P-S490	0.22047939718652523	0.8021341649119692	2.985536705087288
CLK2-P-S17	-0.22047939718652523	0.8021341649119692	2.9731997765538694
WEE1-P-S150	0.22047939718652523	0.8021341649119692	2.9609643865268986
MDC1-P-S793	0.21988334961513967	0.8026124175493927	2.9505874530401854
MDC1-P-S1086	-0.21988334961513967	0.8026124175493927	2.938544238946144
MDC1-P-S1820	-0.21884291228614355	0.8034479200379457	2.929645464528607
TOP2B-P-S1581-S1596	-0.21765193833281915	0.8044053756227223	2.9212616272614653
MCM6-P-S13	-0.21733828577906042	0.8046577189950465	2.9103950562038574
MDC1-P-T1157	-0.2165991954272713	0.8052526535797719	2.9008499207271305
YWHAG-P-S71	0.2165991954272713	0.8052526535797719	2.889246521044222
MCM5-P-S315	-0.2165991954272713	0.8052526535797719	2.877735578729305
TOPBP1-P-T298	0.2132211510317296	0.8079774324140484	2.87601490823572
TP53BP1-P-S1701	-0.2132211510317296	0.8079774324140484	2.8646472603770805
TP53BP1-P-S222	-0.20808478493590535	0.8121381767095762	2.868062773655472
FANCD2-P-S1435	0.20527379427331133	0.8144243011729534	2.864857247655448
NBN-P-S343	-0.198820038109546	0.8196973943529343	2.8721428231819615
ATRX-P-S704	-0.19871257243749235	0.8197854884177582	2.861274642454199
XPC-P-S397-S398	0.19871257243749235	0.8197854884177582	2.850184430661741
ATRX-P-S1348	0.19871257243749235	0.8197854884177582	2.839179857570383
MTOR-P-S1261	-0.19871257243749235	0.8197854884177582	2.828259935041266
SUMO1-P-S2	-0.19871257243749235	0.8197854884177582	2.817423690079422
NFRKB-P-S494	-0.19768703171212615	0.8206266430676472	2.8095499955407615
ATRX-P-S1352	0.19768703171212615	0.8206266430676472	2.798867295937945
MDC1-P-S882	0.19768703171212615	0.8206266430676472	2.788265525877574
ERCC4-P-S520-S521-S524	0.19768703171212615	0.8206266430676472	2.777743769176149
EP300-P-S285	0.19768703171212615	0.8206266430676472	2.767301123427367
TFPT-P-T207	0.19768703171212615	0.8206266430676472	2.7569366997441183
ATRX-P-S25-S26	-0.1937288702071642	0.8238812527423732	2.757542849663839
TP53BP1-P-S566	-0.1937288702071642	0.8238812527423732	2.7472917610033787
ATRX-P-S849	0.1937288702071642	0.8238812527423732	2.7371166063329957
BRCA2-P-S3319	0.19091093908750392	0.8262061675498129	2.734711927277425
SOX4-P-S344	0.19091093908750392	0.8262061675498129	2.724657839309493
PIAS1-P-S485	0.19091093908750392	0.8262061675498129	2.714677407663671
ATRX-P-S703-S706	0.19091093908750392	0.8262061675498129	2.7047698258838766
ATRX-P-S1253	-0.19091093908750392	0.8262061675498129	2.6949342992442986
TOP2A-P-S1351	0.19091093908750392	0.8262061675498129	2.685170044536892
ATRX-P-S814-S815	0.18285377607021086	0.8328899352727502	2.6971201153056206
RBBP8-P-S889	0.1818517961398069	0.8337248925074694	2.6901123330187056
TP53BP1-P-S512	-0.1818517961398069	0.8337248925074694	2.6804703533304663
MDC1-P-T1567	0.1818517961398069	0.8337248925074694	2.6708972449257145
RAD9A-P-S336-S341-T355	0.1818517961398069	0.8337248925074694	2.6613922725238437
ATRX-P-S729-S731	-0.1818517961398069	0.8337248925074694	2.6519547112737594
BRCA2-P-S93	0.1818517961398069	0.8337248925074694	2.6425838465696114
TCEA1-P-S81	-0.1818517961398069	0.8337248925074694	2.6332789738704228
ACTL6A-P-S86	0.1818517961398069	0.8337248925074694	2.624039398523509
RRM2-P-T33	0.1818517961398069	0.8337248925074694	2.614864435591609
TOP2B-P-S1524	0.1818517961398069	0.8337248925074694	2.605753409683624
PER1-P-S704	0.1818517961398069	0.8337248925074694	2.5967056547888894
TOPBP1-P-S888	-0.1818517961398069	0.8337248925074694	2.587720514114879
EYA3-P-S438	-0.1818517961398069	0.8337248925074694	2.578797339928276
MSH6-P-S14	0.1818517961398069	0.8337248925074694	2.569935493399313
TP53BP1-P-S1094-S1101	0.1818517961398069	0.8337248925074694	2.5611343444493153
TP53BP1-P-S208	0.1818517961398069	0.8337248925074694	2.5523932716013653
WEE1-P-S165	0.1818517961398069	0.8337248925074694	2.543711661834014
PIAS1-P-S488	0.17878796470652272	0.836283202153349	2.5428679062086577
XRCC5-P-S145	0.17850867210206353	0.8365168024868481	2.5349850399685905
TOP2B-P-S1466-S1476	-0.17850867210206353	0.8365168024868481	2.526449736803713
TP53BP1-P-S1288	-0.17850867210206353	0.8365168024868481	2.517971717552694
TP53BP1-P-T1372	-0.17850867210206353	0.8365168024868481	2.5095504074605444
ABL1-P-S180	-0.17776129301637375	0.8371422313369635	2.5030552716975207
TP53BP1-P-T1609	0.17776129301637375	0.8371422313369635	2.4947394734526784
XRCC1-P-S226	0.17776129301637375	0.8371422313369635	2.4864787467193916
ATRX-P-S729	0.17368561938072674	0.8405611122472876	2.48839378774197
CDK7-P-S164	0.17368561938072674	0.8405611122472876	2.48020828186124
CDK1-P-T161	0.17368561938072674	0.8405611122472876	2.472076451428908
MCM7-P-S500	-0.17368561938072674	0.8405611122472876	2.463997770215088
MSH6-P-S65	0.17368561938072674	0.8405611122472876	2.455971718846309
ATRX-P-S1110	-0.17207997543300374	0.8419118382121527	2.451931554793185
YY1-P-S184-Y185-S187	0.17107900671416615	0.8427549875388741	2.446444090040033
MDC1-P-T1649	0.16848251084472463	0.8449460406822199	2.4448922531998427
ATRX-P-S875-S876	-0.16669170945131234	0.8464605268965006	2.4413990116596818
MDC1-P-T1664	-0.16669170945131234	0.8464605268965006	2.4335740148274394
PARG-P-S197	0.16669170945131234	0.8464605268965006	2.4257990179749553
APBB1-P-S205	-0.15583747928033437	0.855698247765902	2.444462828808962
TP53BP1-P-S103	0.15460693617875398	0.8567518694722333	2.4397029425923593
MSH6-P-S274-S275	0.15460693617875398	0.8567518694722333	2.4319823636601052
MSH6-P-S252-S254	0.15344219468330544	0.8577503452961432	2.4271358351124306
PRKDC-P-S893	0.14558519923861923	0.8645162308115024	2.438588235968295
APBB1-P-T493-S494	-0.14558519923861923	0.8645162308115024	2.430943758739554
TOP2B-P-S1336	0.14558519923861923	0.8645162308115024	2.423347059493493
TP53BP1-P-S1104	-0.14558519923861923	0.8645162308115024	2.4157976917069086
MSH6-P-S137	0.14558519923861923	0.8645162308115024	2.4082952144034713
DDB2-P-T148	-0.14558519923861923	0.8645162308115024	2.4008391920678567
TOP2B-P-S1461	0.14379561716935607	0.8660647387344848	2.3977162674223234
MSH6-P-S219	0.14379561716935607	0.8660647387344848	2.390338678907178
RBBP8-P-S347	-0.14379561716935607	0.8660647387344848	2.3830063516712663
EP300-P-T1906-T1909	-0.14379561716935607	0.8660647387344848	2.375718870473495
MAPK8-P-T183	-0.14198269933217378	0.8676362670429174	2.3727735717606615
ATR-P-T1989	-0.14198269933217378	0.8676362670429174	2.365561494034945
MGMT-P-S14	0.14149991146395183	0.86805525243907	2.3595320043571086
XPC-P-S94	-0.14073228632231144	0.868721849290694	2.35420996620469
APBB1-P-T709	-0.13682899649409344	0.8721193488477144	2.356298361193975
PTEN-P-S294	-0.13682899649409344	0.8721193488477144	2.3492223901393383
ABL1-P-T852	0.13682899649409344	0.8721193488477144	2.3421887901688616
ATRX-P-S849-S850	-0.13682899649409344	0.8721193488477144	2.335197181839999
SUMO2-A-K11	0.13605446807386012	0.8727950917264833	2.330051182376951
PER1-P-S592	0.13226080274814514	0.8761124727404667	2.331967026849254
POLR2A-P-S1917	0.13051623057062892	0.8776422481986423	2.3291275048348585
XRCC1-P-S241	0.13051623057062892	0.8776422481986423	2.3222569222247262
TP53BP1-P-S724-S727	-0.1277562377651385	0.8800678803132745	2.321826143061786
CLK2-P-S76	0.12671902162886856	0.8809811744795935	2.317419687707318
TP53BP1-P-S1548	-0.12349796551721653	0.8838234393658203	2.3180983190384237
POLR2A-P-S27	0.12142940627856415	0.8856535727237053	2.3161261070937718
MRE11-P-S689	0.11681663479389733	0.8897483270917877	2.3200704924457374
MDC1-P-T1526	-0.11681663479389733	0.8897483270917877	2.3133456504386483
ATRX-P-S316	0.11681663479389733	0.8897483270917877	2.306659680350675
SMARCA4-P-S1382	-0.11681663479389733	0.8897483270917877	2.3000122461133534
WEE1-P-S139	0.11681663479389733	0.8897483270917877	2.2934030155210734
ATRX-P-T591	-0.11681663479389733	0.8897483270917877	2.286831660175741
POLA1-P-T412	-0.11681663479389733	0.8897483270917877	2.280297855432382
TOP2B-P-S1441-S1452	-0.11299110159748922	0.8931586077654526	2.282516442067268
XRCC6-P-S27	0.11245050913531689	0.8936415731082851	2.2772627587446923
MCM3-P-T713-T722	0.11245050913531689	0.8936415731082851	2.2708115894564638
SMARCC1-P-S816	-0.11245050913531689	0.8936415731082851	2.2643968674523496
POLR2A-P-S1875	-0.11245050913531689	0.8936415731082851	2.2580182847271315
TP53BP1-P-S1342	-0.11245050913531689	0.8936415731082851	2.2516755367363253
NBN-P-S509	-0.10865870388101709	0.8970365203423866	2.2538984838854925
PLK1-P-T210	-0.10865870388101709	0.8970365203423866	2.2476026780645832
TP53BP1-P-S1634	-0.10859482348027734	0.8970938252250942	2.2414851287657647
SMARCA4-P-S695-S699	-0.10859482348027734	0.8970938252250942	2.23525878118586
TP53BP1-P-S1618	-0.10859482348027734	0.8970938252250942	2.2290669286063975
SMARCC1-P-S328-S330-T335	-0.10859482348027734	0.8970938252250942	2.2229092851572085
MCM2-P-S41	0.10859482348027734	0.8970938252250942	2.2167855681182083
TP53BP1-P-S525	-0.10859482348027734	0.8970938252250942	2.210695497876125
PRKDC-P-T2603	0.10859482348027734	0.8970938252250942	2.2046387978819437
TP53BP1-P-S1101-S1104	-0.10859482348027734	0.8970938252250942	2.1986151946090424
NBN-P-S488	-0.10859482348027734	0.8970938252250942	2.192624417512015
PRKDC-P-S3995	0.10859482348027734	0.8970938252250942	2.1866661989861673
TOP2A-P-S1332	-0.10859482348027734	0.8970938252250942	2.1807402743276683
EP300-P-T1906	0.10859482348027734	0.8970938252250942	2.17484638169435
TP53BP1-P-S1631	-0.10397191315327617	0.9012506103534756	2.1790344945743065
TP53BP1-P-S598	-0.10397191315327617	0.9012506103534756	2.1731768749652356
XPC-P-S397-S398-S399	-0.10397191315327617	0.9012506103534756	2.167350663504203
TIMELESS-P-S962	0.10397191315327617	0.9012506103534756	2.161555608254192
TOP2B-P-S1613	0.10397191315327617	0.9012506103534756	2.155791459965514
MCM4-P-T23	0.10397191315327617	0.9012506103534756	2.1500579720400737
TOP2B-P-S1400	-0.10397191315327617	0.9012506103534756	2.1443549004962006
TP53BP1-P-S398	0.10397191315327617	0.9012506103534756	2.1386820039340417
NFRKB-P-S351	0.10397191315327617	0.9012506103534756	2.133039043501498
MDC1-P-T1302	-0.10397191315327617	0.9012506103534756	2.1274257828607044
TP53BP1-P-S500	0.10397191315327617	0.9012506103534756	2.121841988155033
TOP2B-P-S1454	-0.10397191315327617	0.9012506103534756	2.116287427976617
TOP2B-P-S1236	-0.10397191315327617	0.9012506103534756	2.1107618733343805
PARP1-P-S455	0.10397191315327617	0.9012506103534756	2.105265097622572
MTOR-P-S2448	0.10397191315327617	0.9012506103534756	2.099796876589786
TP53BP1-P-S809	-0.10397191315327617	0.9012506103534756	2.0943569883084656
TP53BP1-P-S1037	-0.10397191315327617	0.9012506103534756	2.0889452131448776
SIRT6-P-S326-S330	0.10397191315327617	0.9012506103534756	2.083561333729556
ATRX-P-S784	0.10397191315327617	0.9012506103534756	2.0782051349281945
ATRX-P-S1291-S1292	-0.10397191315327617	0.9012506103534756	2.072876403812994
MCM4-P-T110	0.10397191315327617	0.9012506103534756	2.067574929634444
KDM4B-P-S920	-0.10397191315327617	0.9012506103534756	2.0623005037935402
MCM8-P-S670	-0.10397191315327617	0.9012506103534756	2.0570529198144216
TP53BP1-P-S265	-0.10397191315327617	0.9012506103534756	2.0518319733174306
MDC1-P-T1466	-0.10397191315327617	0.9012506103534756	2.0466374619925762
AURKB-P-T35	-0.10397191315327617	0.9012506103534756	2.041469185573403
SMARCC1-P-S328-S330	0.10397191315327617	0.9012506103534756	2.0363269458112536
XRCC6-P-S324	0.10397191315327617	0.9012506103534756	2.031210546449919
TOP2B-P-S1526	0.10397191315327617	0.9012506103534756	2.026119793200671
MDC1-P-S498	0.10397191315327617	0.9012506103534756	2.0210544937176693
ATRX-P-S875	0.10397191315327617	0.9012506103534756	2.016014457573735
KDM4B-P-S566	0.10397191315327617	0.9012506103534756	2.010999496236487
NBN-P-S615	-0.10397191315327617	0.9012506103534756	2.006009423044833
ERCC3-P-S686	-0.10397191315327617	0.9012506103534756	2.001044053185811
XRCC1-P-S461-S485-T488	-0.10397191315327617	0.9012506103534756	1.996103203671772
ACTL6A-P-S233	0.10397191315327617	0.9012506103534756	1.9911866933179008
XRCC1-P-T453	0.10397191315327617	0.9012506103534756	1.986294342720068
PIAS4-P-T98	0.10397191315327617	0.9012506103534756	1.9814259742330091
MSH6-P-S274-S275-S285	0.10397191315327617	0.9012506103534756	1.9765814119488208
TP53BP1-P-S349-S366	-0.10397191315327617	0.9012506103534756	1.9717604816757748
VCP-P-S770	-0.10397191315327617	0.9012506103534756	1.9669630109174396
NBN-P-S432	-0.10397191315327617	0.9012506103534756	1.962188828852106
ATRX-P-T591-S598	0.10397191315327617	0.9012506103534756	1.9574377663125127
XRCC1-P-T257	0.10397191315327617	0.9012506103534756	1.952709655765864
PIAS1-P-S510	0.10397191315327617	0.9012506103534756	1.948004331294139
POLD1-P-T666	0.10397191315327617	0.9012506103534756	1.943321628574682
CDK1-P-T14-Y15	0.10397191315327617	0.9012506103534756	1.9386613848610736
TOP2A-P-T1343	-0.10397191315327617	0.9012506103534756	1.9340234389642768
TTK-P-S281	0.10397191315327617	0.9012506103534756	1.9294076312340518
TIMELESS-P-S1121	0.10397191315327617	0.9012506103534756	1.9248138035406375
PARG-P-S197-T199	0.10397191315327617	0.9012506103534756	1.920241799256693
RAD9A-P-S375-S380-S387	0.10397191315327617	0.9012506103534756	1.9156914632394968
ATRX-P-S677	0.10397191315327617	0.9012506103534756	1.911162641813399
MNAT1-P-S279	-0.10397191315327617	0.9012506103534756	1.9066551827525182
YY1-P-S247	0.10397191315327617	0.9012506103534756	1.9021689352636888
SMARCA4-P-S695	0.10397191315327617	0.9012506103534756	1.8977037499696425
TIMELESS-P-S1173	0.09734098717437693	0.9072465939309468	1.9058552570399514
ATRX-P-S1996	0.09712406884450099	0.9074434136930232	1.9018148179500975
XRCC1-A-K260	-0.09157583197550441	0.9124921174484089	1.9079380637557641
MDC1-P-T1384	0.09145644382447977	0.9126010646985115	1.903728267522244
TP53BP1-P-S349	-0.09145644382447977	0.9126010646985115	1.899311264581357
MSH6-P-S261	0.09145644382447977	0.9126010646985115	1.8949147107281594
TP53BP1-P-S78	0.09145644382447977	0.9126010646985115	1.8905384642830598
NFRKB-P-S1291	-0.09145644382447977	0.9126010646985115	1.8861823848722694
MSH6-P-S91	0.09145644382447977	0.9126010646985115	1.8818463334127928
MDC1-P-S1814	0.0851689966808584	0.9183570719896265	1.8893722329694838
DTL-P-S697	0.08505080150138823	0.918465623783591	1.885271543555792
USP7-P-S752	-0.08202733995493719	0.9212467715068229	1.8866629087708222
RBBP8-P-S163	0.08014797583281544	0.9229797575826639	1.8859062472702723
SMARCA4-P-S1449	-0.07984605656425431	0.9232584650274268	1.882188279840004
DTL-P-S485	-0.07923779705877125	0.9238202165928424	1.8790628895323802
TERF2-A-K297	-0.07182657673216304	0.9306922855139409	1.8887578735429977
XRCC6-A-K565	-0.07182657673216304	0.9306922855139409	1.8844943117517041
SMARCC1-A-K354	-0.07182657673216304	0.9306922855139409	1.8802499551937049
SOD1-A-K123	-0.07182657673216304	0.9306922855139409	1.876024674395517
RUVBL2-A-K427	-0.07182657673216304	0.9306922855139409	1.8718183410448541
YWHAE-A-K69	0.07182657673216304	0.9306922855139409	1.8676308279776397
YWHAG-A-K77	-0.07182657673216304	0.9306922855139409	1.8634620091651897
VCP-A-K696	-0.07182657673216304	0.9306922855139409	1.85931175970157
PARP1-A-K662	-0.07182657673216304	0.9306922855139409	1.8551799557911222
XRCC1-A-K431	-0.07182657673216304	0.9306922855139409	1.851066474736153
XRCC5-A-K532	0.07182657673216304	0.9306922855139409	1.8469711949247898
PRKDC-A-K4043	0.07182657673216304	0.9306922855139409	1.8428939958189956
TOP2B-A-K1481	-0.07182657673216304	0.9306922855139409	1.8388347579427422
XRCC1-P-S485	-0.0698158450961874	0.9325655406112882	1.8384863514908252
TOP1-P-S394	-0.0698158450961874	0.9325655406112882	1.8344545831761523
TFPT-P-S180	0.0698158450961874	0.9325655406112882	1.8304404593617625
XRCC6-P-S560	-0.06901980218437087	0.9333081983541947	1.827898371012473
PRKDC-A-K3260	-0.06747458908117933	0.9347514732080419	1.8267365391451276
PRKDC-A-K3264	-0.06747458908117933	0.9347514732080419	1.8227653727556816
MDC1-P-S108	0.06742863689267994	0.9347944280708662	1.8188950151400587
TOP2B-P-S1413	-0.06742863689267994	0.9347944280708662	1.8149580129427858
TP53-P-S6	-0.06742863689267994	0.9347944280708662	1.811038017234486
VCP-P-S746	0.06742863689267994	0.9347944280708662	1.8071349180594116
TOP2B-P-S1522	0.06742863689267994	0.9347944280708662	1.803248606407671
ATRX-P-S1012-S1013	0.06742863689267994	0.9347944280708662	1.7993789742050794
MDC1-P-T1425	0.06742863689267994	0.9347944280708662	1.7955259143031415
SMARCA4-P-S1453	0.06742863689267994	0.9347944280708662	1.7916893204691602
SMARCC1-P-S825	0.06742863689267994	0.9347944280708662	1.7878690873764755
TP53BP1-P-S124	0.06353492068620527	0.9384413477126387	1.7910252955281636
TP53BP1-P-S294-S310	-0.06353492068620527	0.9384413477126387	1.7872226940514582
SMARCA4-P-S1659	0.06353492068620527	0.9384413477126387	1.7834362052928747
ATRX-P-S978	-0.062897442006911	0.939039774785558	1.7808005877011535
MRE11-P-S676	0.062897442006911	0.939039774785558	1.777043624435961
MDC1-P-T1343	0.062897442006911	0.939039774785558	1.7733024799634645
SOX4-P-S354	0.062897442006911	0.939039774785558	1.76957705458539
CDK1-P-Y19	0.062897442006911	0.939039774785558	1.7658672494395085
PCLAF-P-S72	-0.062897442006911	0.939039774785558	1.7621729664908903
ABL1-P-S809-T814	-0.062897442006911	0.939039774785558	1.7584941085232684
TOP2B-P-S1476	0.062897442006911	0.939039774785558	1.7548305791305117
MDC1-P-T1608	-0.062897442006911	0.939039774785558	1.7511822827082029
NFRKB-P-S347-S351	0.062897442006911	0.939039774785558	1.7475491244453227
SMARCC1-P-S310	-0.062897442006911	0.939039774785558	1.7439310103160364
PRKDC-P-S2695	0.062897442006911	0.939039774785558	1.7403278470715817
TP53BP1-P-S1219	-0.062897442006911	0.939039774785558	1.736739542232259
ABL1-P-S917	0.062897442006911	0.939039774785558	1.7331660040795176
ATRX-P-S1244-S1245	-0.062897442006911	0.939039774785558	1.7296071416481429
ATR-P-S428	-0.062897442006911	0.939039774785558	1.726062864718536
TOPBP1-P-S817	-0.062897442006911	0.939039774785558	1.722533083809091
MDC1-P-S485	0.062897442006911	0.939039774785558	1.7190177101686643
MDC1-P-T1444-T1466	0.062897442006911	0.939039774785558	1.7155166557691355
MNAT1-P-T51	0.062897442006911	0.939039774785558	1.7120298332980601
SMARCC1-P-S830	-0.062897442006911	0.939039774785558	1.7085571561514108
YWHAG-P-S215	-0.062897442006911	0.939039774785558	1.7050985384264081
MSH6-P-S219-S227	0.062897442006911	0.939039774785558	1.7016538949144355
PARP1-P-T368	-0.06015308621557893	0.941620373450582	1.702890070534621
POLR2A-P-S1910	0.05556985173988409	0.9459459453924982	1.7072706499337442
FANCD2-P-S1412-S1418	-0.05556985173988409	0.9459459453924982	1.7038423956166082
UNG-P-S14	0.05556985173988409	0.9459459453924982	1.7004278817977372
ATRX-P-S812	0.05556985173988409	0.9459459453924982	1.6970270260341418
XRCC6-P-S477	0.05537051156274041	0.9461345292203635	1.693977390640052
MDC1-P-S299-T301	-0.05537051156274041	0.9461345292203635	1.6906029336865858
ATRX-P-S703	-0.05537051156274041	0.9461345292203635	1.68724189405699
TOP2A-P-S1474	0.05537051156274041	0.9461345292203635	1.683894191886242
TP53BP1-P-S507	-0.05537051156274041	0.9461345292203635	1.6805597479419128
TOP2A-P-S1332-S1337	-0.05537051156274041	0.9461345292203635	1.677238483617917
XRCC1-P-T257-S266	0.05537051156274041	0.9461345292203635	1.6739303209283354
PARP1-P-S41	-0.05537051156274041	0.9461345292203635	1.670635182501311
NBN-P-S604	0.05537051156274041	0.9461345292203635	1.6673529915730176
POLR2A-P-S1917-S1920	0.05537051156274041	0.9461345292203635	1.664083671981698
TP53BP1-P-S500-S507	-0.05537051156274041	0.9461345292203635	1.660827148161773
POLR2A-P-S1910-S1917	-0.05537051156274041	0.9461345292203635	1.6575833451380195
TP53BP1-P-S1635-T1638	-0.05537051156274041	0.9461345292203635	1.6543521885198167
TOP2B-P-S1336-S1340	-0.05528129587119792	0.9462189430321424	1.6512809180930579
SMARCC1-P-T375	-0.054921840631215545	0.9465591275262725	1.6486670628952746
ATRX-P-S92-S112	0.054921840631215545	0.9465591275262725	1.6454719716881132
MCM3-P-S711-T713-T722	-0.054921840631215545	0.9465591275262725	1.642289240601676
TP53BP1-P-S975	-0.054921840631215545	0.9465591275262725	1.639118798052252
ATRX-P-S92	0.054921840631215545	0.9465591275262725	1.6359605730078353
TP53BP1-P-S771	-0.054921840631215545	0.9465591275262725	1.63281449498282
TP53BP1-P-S786	0.054921840631215545	0.9465591275262725	1.6296804940327572
TCEA1-P-S57	0.054921840631215545	0.9465591275262725	1.6265585007491694
BABAM2-P-S350	0.054921840631215545	0.9465591275262725	1.6234484462544292
KDM4B-P-T1065	0.054921840631215545	0.9465591275262725	1.6203502621966916
RBBP8-P-S593	0.054921840631215545	0.9465591275262725	1.6172638807448885
TOP2B-P-S1552	-0.054921840631215545	0.9465591275262725	1.6141892345837765
ATRX-P-S1073	-0.054921840631215545	0.9465591275262725	1.6111262569090445
WRN-P-S1133	0.054921840631215545	0.9465591275262725	1.6080748814224743
PER1-P-S645	0.054921840631215545	0.9465591275262725	1.6050350423271578
PARG-P-S137	0.054921840631215545	0.9465591275262725	1.602006674322767
TP53BP1-P-S659-S660-S662	-0.054921840631215545	0.9465591275262725	1.5989897126008785
TP53BP1-P-S993	-0.0510165554709249	0.9502629383517536	1.6022290520705318
PCNA-A-K181	0.05046412496360113	0.9507880376159505	1.6001066974512337
CDA-A-K11	0.05046412496360113	0.9507880376159505	1.5971102429616246
XRCC5-A-K265	-0.05046412496360113	0.9507880376159505	1.5941249901710421
MGMT-A-K3	-0.05046412496360113	0.9507880376159505	1.5911508763834097
KAT5-A-K76	0.05046412496360113	0.9507880376159505	1.5881878393696602
XRCC5-A-K648	0.05046412496360113	0.9507880376159505	1.585235817363397
SOD1-A-K137	-0.05046412496360113	0.9507880376159505	1.5822947490566004
NFRKB-A-K1249	0.05046412496360113	0.9507880376159505	1.5793645735953845
XRCC6-A-K516	0.05046412496360113	0.9507880376159505	1.5764452305757997
YWHAE-A-K106	0.05046412496360113	0.9507880376159505	1.5735366600396818
BARD1-A-K688	-0.05046412496360113	0.9507880376159505	1.570638802470548
TOP1-A-K106	-0.05046412496360113	0.9507880376159505	1.567751598789536
TOP2B-A-K37	-0.05046412496360113	0.9507880376159505	1.56487499035139
TOP2B-A-K28	0.05046412496360113	0.9507880376159505	1.56200891894049
TP53-A-K305	0.05046412496360113	0.9507880376159505	1.5591533267669242
PARP1-A-K621	0.05046412496360113	0.9507880376159505	1.5563081564626051
YWHAE-A-K78	0.05046412496360113	0.9507880376159505	1.5534733510774272
YWHAG-A-K10	0.05046412496360113	0.9507880376159505	1.5506488540754684
TOP2B-A-K1322	-0.05046412496360113	0.9507880376159505	1.5478346093312296
FEN1-A-K375	0.05046412496360113	0.9507880376159505	1.5450305611259196
YWHAE-A-K50	0.05046412496360113	0.9507880376159505	1.542236654143775
TP53BP1-A-K1626	-0.05046412496360113	0.9507880376159505	1.5394528334684252
PARP1-A-K433	0.05046412496360113	0.9507880376159505	1.5366790445792928
VCP-A-K236	0.05046412496360113	0.9507880376159505	1.5339152333480353
ATRX-A-K2490	0.05046412496360113	0.9507880376159505	1.5311613460350226
TOP2A-A-K1422	0.05046412496360113	0.9507880376159505	1.5284173292858558
ACTL6A-A-K62	0.05046412496360113	0.9507880376159505	1.5256831301279206
PARP1-A-K418	0.05046412496360113	0.9507880376159505	1.5229586959669779
SUMO2-A-K33	0.05046412496360113	0.9507880376159505	1.5202439745837926
XRCC5-A-K565	0.05046412496360113	0.9507880376159505	1.5175389141307964
SOD1-A-K31	-0.05046412496360113	0.9507880376159505	1.514843463128788
SUMO2-A-K42	-0.05046412496360113	0.9507880376159505	1.5121575704636658
APEX1-A-K98	0.05046412496360113	0.9507880376159505	1.5094811853831993
XRCC5-A-K347	-0.05046412496360113	0.9507880376159505	1.5068142574938297
PRKDC-A-K3631	-0.05046412496360113	0.9507880376159505	1.504156736757509
EP300-A-K1180	0.05046412496360113	0.9507880376159505	1.5015085734885696
PRKDC-A-K2359	0.05046412496360113	0.9507880376159505	1.4988697183506285
SMARCC1-A-K854	-0.05046412496360113	0.9507880376159505	1.496240122353522
PARP1-A-K134	0.05046412496360113	0.9507880376159505	1.493619736850276
ACTL6A-A-K379	-0.05046412496360113	0.9507880376159505	1.4910085135341042
PRKDC-A-K2366	0.05046412496360113	0.9507880376159505	1.4884064044354408
APEX1-A-K35	0.05046412496360113	0.9507880376159505	1.4858133619190028
MRE11-A-K609	0.05046412496360113	0.9507880376159505	1.4832293386808828
PRKDC-A-K3241	-0.05046412496360113	0.9507880376159505	1.480654287745673
WRN-A-K493	-0.05046412496360113	0.9507880376159505	1.478088162463618
PCNA-A-K80	0.05046412496360113	0.9507880376159505	1.4755309165077986
ATRX-A-K448	-0.05046412496360113	0.9507880376159505	1.4729825038713429
EP300-A-K1340	-0.05046412496360113	0.9507880376159505	1.4704428788646682
RUVBL1-A-K2	0.05046412496360113	0.9507880376159505	1.4679119961127498
SUMO1-A-K16	-0.05046412496360113	0.9507880376159505	1.4653898105524186
SOX4-A-K154	0.05046412496360113	0.9507880376159505	1.462876277429687
PRKDC-A-K520	0.05046412496360113	0.9507880376159505	1.460371352297102
TOP2B-A-K1422	-0.05046412496360113	0.9507880376159505	1.4578749910111242
EP300-A-K1704	-0.05046412496360113	0.9507880376159505	1.4553871497295352
MEN1-A-K507	-0.05046412496360113	0.9507880376159505	1.4529077849088716
YWHAE-A-K118	-0.05046412496360113	0.9507880376159505	1.4504368533018837
TOP2B-A-K1429	-0.05046412496360113	0.9507880376159505	1.4479743119550215
YY1-A-K409	-0.05046412496360113	0.9507880376159505	1.445520118205945
XRCC6-A-K392	-0.05046412496360113	0.9507880376159505	1.443074229681062
XRCC6-A-K94	-0.05046412496360113	0.9507880376159505	1.4406366042930872
PRKDC-A-K2908	0.05046412496360113	0.9507880376159505	1.43820720023863
YWHAE-A-K153	0.05046412496360113	0.9507880376159505	1.435785975995804
ELL-A-K355	-0.05046412496360113	0.9507880376159505	1.4333728903218614
NFRKB-A-K1191	-0.05046412496360113	0.9507880376159505	1.4309679022508517
EP300-A-K1542	0.05046412496360113	0.9507880376159505	1.4285709710913024
XRCC6-A-K338	-0.05046412496360113	0.9507880376159505	1.4261820564239258
TOP2B-A-K3	0.05046412496360113	0.9507880376159505	1.4238011180993448
MTOR-A-K1218	0.05046412496360113	0.9507880376159505	1.421428116235846
TOP2B-A-K221	-0.05046412496360113	0.9507880376159505	1.4190630112171507
PARP1-A-K105	0.05046412496360113	0.9507880376159505	1.4167057636902118
EP300-A-K1558-K1560	-0.05046412496360113	0.9507880376159505	1.4143563345630308
EP300-A-K1900	0.05046412496360113	0.9507880376159505	1.412014685002496
PRKDC-A-K2752	0.05046412496360113	0.9507880376159505	1.4096807764322439
PARP1-A-K518	0.05046412496360113	0.9507880376159505	1.4073545705305406
PCLAF-A-K93	-0.05046412496360113	0.9507880376159505	1.4050360292281838
YWHAG-A-K142	-0.05046412496360113	0.9507880376159505	1.402725114706427
NFRKB-A-K1208	0.049958659670450364	0.9512687494514478	1.4011298329358763
CDK1-A-K6	0.049958659670450364	0.9512687494514478	1.3988328987835223
SMARCA4-A-K461	0.049958659670450364	0.9512687494514478	1.3965434832372319
XRCC6-A-K468	0.049958659670450364	0.9512687494514478	1.3942615494410926
EP300-A-K14	-0.049958659670450364	0.9512687494514478	1.3919870607796878
KAT5-A-K104	-0.049958659670450364	0.9512687494514478	1.389719980876138
SUMO2-A-K45	0.049958659670450364	0.9512687494514478	1.3874602735901604
APEX1-A-K24	-0.049958659670450364	0.9512687494514478	1.3852079030161504
RAD9A-A-K2	0.049958659670450364	0.9512687494514478	1.3829628334812782
YY1-A-K351	-0.049958659670450364	0.9512687494514478	1.3807250295436062
YWHAE-A-K142	0.049958659670450364	0.9512687494514478	1.3784944559902241
MCM5-A-K396	0.049958659670450364	0.9512687494514478	1.376271077835401
NBN-P-S397	-0.04890346964032183	0.9522730485218406	1.3755055145315476
XRCC5-A-K665	0.044425280355217776	0.9565470702807829	1.3794577524788783
TOP1-A-K101	0.044425280355217776	0.9565470702807829	1.377243534577628
XPC-A-K72	0.044425280355217776	0.9565470702807829	1.3750364135286255
XRCC6-A-K591	-0.044425280355217776	0.9565470702807829	1.3728363552669796
SOD1-A-K92	-0.044425280355217776	0.9565470702807829	1.370643325945467
MDC1-P-S196-S202	0.043965467843107044	0.9569870037278214	1.3690866704048736
KAT5-P-S86	-0.04259835090473107	0.9582962115866331	1.3687765952121178
XPC-P-S903	0.04259835090473107	0.9582962115866331	1.366600479798426
ATRX-P-S594	-0.04259835090473107	0.9582962115866331	1.3644312726876349
MSH6-P-S79	-0.04259835090473107	0.9582962115866331	1.362268941035198
ATM-P-S2996	0.04259835090473107	0.9582962115866331	1.360113452204446
TP53BP1-P-S639-S640	-0.041845578655074274	0.959017861966779	1.358987396815483
XRCC1-P-S268	-0.040745603111956276	0.9600733385531489	1.3583371998141556
TOP2B-P-S1424	-0.04070349350584427	0.9601137677144961	1.3562551962833118
KAT5-P-S155-T158	-0.04070349350584427	0.9601137677144961	1.3541227195595957
MCM2-P-S381	0.04070349350584427	0.9601137677144961	1.3519969382102086
CDA-A-K51	-0.0353863311077735	0.9652324448972899	1.3570744562270673
XRCC6-A-K287	0.0353863311077735	0.9652324448972899	1.3549507090342239
USP7-A-K272	0.0353863311077735	0.9652324448972899	1.3528335985513578
MRE11-A-K416	0.0353863311077735	0.9652324448972899	1.3507230937174244
PARP1-A-K633	0.0353863311077735	0.9652324448972899	1.348619163664905
PCLAF-A-K24	-0.0353863311077735	0.9652324448972899	1.3465217777183034
TCEA1-A-K265	-0.0353863311077735	0.9652324448972899	1.3444309053926538
POLR2A-P-S1857	0.033934971501024855	0.9666343613753229	1.3442961583777746
CLK2-P-S142	-0.03347888881471081	0.9670753271223198	1.3428275053076175
MDC1-P-S376	0.03243887008647776	0.9680816267686739	1.3421471703423502
MRE11-P-S649	-0.029519995444503316	0.9709114636408103	1.3439931834657513
ABL1-P-S569	-0.029519995444503316	0.9709114636408103	1.3419223156946176
SMARCC1-P-S822-S825	0.029519995444503316	0.9709114636408103	1.3398578198243183
TOP2B-P-S1452	0.029519995444503316	0.9709114636408103	1.3377996664912548
MCM2-P-S40-S41	0.029519995444503316	0.9709114636408103	1.3357478265119738
WEE1-P-S270	-0.029519995444503316	0.9709114636408103	1.333702270881787
MCM4-P-S26	0.029519995444503316	0.9709114636408103	1.331662970773405
ATRX-P-S889	0.029519995444503316	0.9709114636408103	1.329629897535583
TOP2B-P-S1342	-0.029519995444503316	0.9709114636408103	1.3276030226917788
TP53BP1-P-S566-S580	-0.029519995444503316	0.9709114636408103	1.3255823179388233
TOP2B-P-S1522-S1524	0.029519995444503316	0.9709114636408103	1.323567755145603
NFRKB-P-S209-S210	-0.029519995444503316	0.9709114636408103	1.3215593063517554
SMARCA4-P-S699	0.029519995444503316	0.9709114636408103	1.3195569437663741
YWHAE-P-S210	0.029519995444503316	0.9709114636408103	1.3175606397667274
ABL1-P-Y185	-0.02849338618493734	0.9719087221494258	1.3169216371118353
MDC1-P-S998	-0.02689035617942379	0.9734679704206334	1.3170449011573275
PARG-P-S261-S264	0.02689035617942379	0.9734679704206334	1.315061399800163
MEN1-P-S492	-0.02689035617942379	0.9734679704206334	1.313083863860614
TP53BP1-P-S259	-0.02689035617942379	0.9734679704206334	1.3111122664674297
TOPBP1-P-S805	0.02689035617942379	0.9734679704206334	1.309146580910507
POLR2A-P-S1889	-0.02689035617942379	0.9734679704206334	1.3071867806396829
MCM3-P-S144	-0.026242350692988557	0.9740989874354978	1.3060789114045463
TP53BP1-P-S523	0.023743126678946118	0.9765365237228012	1.3073929280288847
DTL-P-S697-T702	0.023743126678946118	0.9765365237228012	1.3054445033969488
ABL1-P-T613	-0.023743126678946118	0.9765365237228012	1.3035018776478462
TP53BP1-P-S999-S1002	0.023607700259445676	0.9766687815231184	1.3017413031593421
CDK7-P-S321	-0.019937692302272835	0.9802597491321315	1.3045890133108635
TP53BP1-P-S127	0.019937692302272835	0.9802597491321315	1.3026562888466993
TP53BP1-P-S366	-0.019937692302272835	0.9802597491321315	1.3007292825022516
CDK1-P-S39	0.019937692302272835	0.9802597491321315	1.2988079689387326
POLR2A-P-S1966	0.019937692302272835	0.9802597491321315	1.2968923229668468
TP53BP1-P-S640	0.019937692302272835	0.9802597491321315	1.2949823195456878
ATRX-P-S1061	-0.01877620617400484	0.9813989686986377	1.2945806984157031
TP53BP1-P-S1067	0.017373015121941702	0.9827770255624401	1.294494848648324
POLR2C-P-S124	0.016173077833569513	0.9839570041701508	1.294148728358688
VCP-P-S3	-0.016173077833569513	0.9839570041701508	1.2922539278779286
ATRX-P-S962	-0.016173077833569513	0.9839570041701508	1.2903646677494522
POLR2A-P-S1861-S1868	-0.016173077833569513	0.9839570041701508	1.288480923708942
PIAS1-P-S483-S485	0.016173077833569513	0.9839570041701508	1.2866026716335646
ATR-P-S435-S436	-0.016173077833569513	0.9839570041701508	1.2847298875409392
TOP2A-P-S1247	0.016173077833569513	0.9839570041701508	1.2828625475881181
TP53BP1-P-T855	-0.016173077833569513	0.9839570041701508	1.2810006280705737
NFRKB-P-S799	-0.016173077833569513	0.9839570041701508	1.279144105421196
TP53BP1-P-S552	-0.016173077833569513	0.9839570041701508	1.2772929562092985
RAD9A-P-S375	0.016173077833569513	0.9839570041701508	1.275447157139632
ABL1-P-T814	0.016173077833569513	0.9839570041701508	1.2736066850514074
USP7-P-S49-T54	0.016173077833569513	0.9839570041701508	1.2717715169173274
XPC-P-S883-S884	-0.016173077833569513	0.9839570041701508	1.2699416298426263
PRKDC-P-T2603-S2612	-0.016173077833569513	0.9839570041701508	1.2681170010641167
MAPK8-P-Y185	0.016173077833569513	0.9839570041701508	1.2662976079492472
TP53BP1-P-T591	-0.016173077833569513	0.9839570041701508	1.264483427995165
RBBP8-P-S568	-0.016173077833569513	0.9839570041701508	1.2626744388277902
DTL-P-T516	0.016173077833569513	0.9839570041701508	1.2608706182008933
TP53BP1-P-S862	0.016173077833569513	0.9839570041701508	1.2590719439951858
TOP2A-P-S1106	-0.016173077833569513	0.9839570041701508	1.2572783942174148
MDC1-P-S453	-0.016173077833569513	0.9839570041701508	1.255489946999467
MSH6-P-S935	0.016173077833569513	0.9839570041701508	1.253706580597479
MCM3-P-S704	-0.016173077833569513	0.9839570041701508	1.2519282733909578
ATRX-P-S889-S890	-0.016173077833569513	0.9839570041701508	1.2501550038819054
TOP2B-P-S1279	-0.016173077833569513	0.9839570041701508	1.2483867506939537
KDM4B-P-S407	0.016173077833569513	0.9839570041701508	1.2466234925715045
TOP2B-P-S1400-T1403-S1413	0.016173077833569513	0.9839570041701508	1.2448652083788792
TOP2B-P-S1550-S1552	0.016173077833569513	0.9839570041701508	1.2431118770994722
TP53BP1-P-S727	-0.016173077833569513	0.9839570041701508	1.241363477834916
YWHAE-P-S233	-0.016173077833569513	0.9839570041701508	1.239619989804249
APBB1-P-S517	-0.016173077833569513	0.9839570041701508	1.237881392343093
USP7-A-K1084	-0.015244437977449392	0.9848711702607692	1.2372961340671007
EP300-A-K1203	0.015244437977449392	0.9848711702607692	1.2355656499635104
PRKDC-A-K832	0.015244437977449392	0.9848711702607692	1.2338399996143994
SMARCA4-A-K455	0.015244437977449392	0.9848711702607692	1.2321191627948533
PARP1-A-K600	0.015244437977449392	0.9848711702607692	1.2304031193926321
ATRX-A-K967	0.015244437977449392	0.9848711702607692	1.228691849407385
TOP1-A-K148	-0.015244437977449392	0.9848711702607692	1.226985332949875
NFRKB-A-K1095	0.015244437977449392	0.9848711702607692	1.2252835502412065
TOP1-A-K134	-0.015244437977449392	0.9848711702607692	1.2235864816120636
ATM-A-K2318	0.015244437977449392	0.9848711702607692	1.22189410750195
RUVBL1-A-K171	0.015244437977449392	0.9848711702607692	1.2202064084584392
APEX1-A-K103	0.015244437977449392	0.9848711702607692	1.2185233651364276
PRKDC-A-K2829	-0.015244437977449392	0.9848711702607692	1.2168449582973966
TERF2-A-K452	-0.015244437977449392	0.9848711702607692	1.2151711688086795
TOP2A-A-K1433	-0.015244437977449392	0.9848711702607692	1.2135019776427334
PARP1-A-K84	0.015244437977449392	0.9848711702607692	1.2118373658764197
PARP1-A-K654	0.015244437977449392	0.9848711702607692	1.2101773146902877
YWHAG-A-K120	-0.015244437977449392	0.9848711702607692	1.208521805367866
SOD1-A-K10	0.015244437977449392	0.9848711702607692	1.2068708192949589
NBN-A-K233	0.015244437977449392	0.9848711702607692	1.2052243379589493
PRKDC-A-K3455	-0.015244437977449392	0.9848711702607692	1.203582342948106
MCM4-A-K858	0.015244437977449392	0.9848711702607692	1.2019448159508979
EP300-A-K1583	-0.015244437977449392	0.9848711702607692	1.2003117387553124
TP53BP1-A-K1360	-0.015244437977449392	0.9848711702607692	1.1986830932481818
ATRX-A-K1274	0.015244437977449392	0.9848711702607692	1.1970588614145121
XRCC1-A-K169	0.015244437977449392	0.9848711702607692	1.19543902533682
TIMELESS-A-K1142	0.015244437977449392	0.9848711702607692	1.1938235671944728
TOP2B-A-K447	0.015244437977449392	0.9848711702607692	1.1922124692630363
VCP-A-K109	0.015244437977449392	0.9848711702607692	1.1906057139136252
TOP1-A-K673	-0.015244437977449392	0.9848711702607692	1.189003283612261
TERF1-P-S437	0.012604742665151776	0.9874743643801946	1.1905436893132184
VCP-P-S7	0.01223127635158706	0.9878432216643972	1.1893897581650528
NFRKB-P-S176	0.01223127635158706	0.9878432216643972	1.1877954019208636
MDC1-P-S168	0.01223127635158706	0.9878432216643972	1.1862053143680913
TOP2B-P-S1522-S1524-S1526	0.01223127635158706	0.9878432216643972	1.1846194783863158
ELL-P-S319	0.01223127635158706	0.9878432216643972	1.1830378769465477
MDC1-P-S598	-0.01223127635158706	0.9878432216643972	1.181460493110619
TP53BP1-P-S1067-S1068	0.01223127635158706	0.9878432216643972	1.1798873100305782
MDC1-P-T1548	0.01223127635158706	0.9878432216643972	1.1783183109480908
XPC-P-S515	-0.01223127635158706	0.9878432216643972	1.1767534791938437
TOP2B-P-S1457-S1461-S1466	0.01223127635158706	0.9878432216643972	1.1751927981869552
MRE11-P-S275	-0.01223127635158706	0.9878432216643972	1.1736362514343897
MSH6-P-S252-S254-S256	-0.01223127635158706	0.9878432216643972	1.172083822530376
ATRX-P-T674-S675-S677	0.01223127635158706	0.9878432216643972	1.1705354951558313
MDC1-P-S780	-0.01223127635158706	0.9878432216643972	1.1689912530777893
TOP2B-P-S1457	-0.01223127635158706	0.9878432216643972	1.167451080148833
RRM2B-P-S329	-0.01223127635158706	0.9878432216643972	1.165914960306532
TOP2B-P-S1473	0.01223127635158706	0.9878432216643972	1.1643828775728833
TOP2A-P-S1525	-0.01223127635158706	0.9878432216643972	1.1628548160537588
RAD9A-P-S328	-0.01223127635158706	0.9878432216643972	1.1613307599383542
PRKDC-P-T2620	-0.01223127635158706	0.9878432216643972	1.1598106934986443
RCHY1-P-S257	0.01223127635158706	0.9878432216643972	1.1582946010888422
MDC1-P-S495-S498	-0.01223127635158706	0.9878432216643972	1.1567824671448619
MTOR-P-S2478-S2481	0.01223127635158706	0.9878432216643972	1.1552742761837864
TP53BP1-P-S1474	-0.01223127635158706	0.9878432216643972	1.1537700128033388
UBA7-P-S485	0.01223127635158706	0.9878432216643972	1.152269661681358
XRCC6-P-S6	-0.01223127635158706	0.9878432216643972	1.1507732075752783
TP53BP1-P-S1462	-0.01223127635158706	0.9878432216643972	1.1492806353216138
SMARCC1-P-T842	0.01223127635158706	0.9878432216643972	1.147791929835446
VCP-P-S13	-0.01223127635158706	0.9878432216643972	1.146307076109915
EP300-P-S2326	0.01223127635158706	0.9878432216643972	1.144826059215716
TP53BP1-P-S1430	0.01223127635158706	0.9878432216643972	1.1433488643005991
YWHAE-P-S117	0.01223127635158706	0.9878432216643972	1.1418754765888715
ATRX-P-S598	-0.01223127635158706	0.9878432216643972	1.1404058813809064
MCM4-P-S32	0.01223127635158706	0.9878432216643972	1.1389400640526532
TP53BP1-P-T302	-0.01223127635158706	0.9878432216643972	1.1374780100551531
VCP-P-S718	-0.01223127635158706	0.9878432216643972	1.1360197049140568
KAT5-P-T158	0.01223127635158706	0.9878432216643972	1.1345651342291476
TOP3A-P-S971	0.01223127635158706	0.9878432216643972	1.1331142836738672
MDC1-P-T1485	0.01223127635158706	0.9878432216643972	1.1316671389948458
TP53BP1-P-S294	-0.01223127635158706	0.9878432216643972	1.130223686011434
MDC1-P-S372-S376	0.01223127635158706	0.9878432216643972	1.128783910615241
NFRKB-P-S228	-0.01223127635158706	0.9878432216643972	1.1273477987696747
PARP1-P-S504	0.01223127635158706	0.9878432216643972	1.1259153365094845
ORC1-P-S273	-0.01223127635158706	0.9878432216643972	1.12448650994031
TOP2A-P-S1354	0.01223127635158706	0.9878432216643972	1.123061305238231
ABL1-P-S683	0.01223127635158706	0.9878432216643972	1.121639708649322
MGMT-P-S201	-0.01223127635158706	0.9878432216643972	1.1202217064892088
XRCC1-P-S151	-0.01223127635158706	0.9878432216643972	1.1188072851426316
TOP2B-P-S1581	0.01223127635158706	0.9878432216643972	1.1173964310630067
MDC1-P-S402-T404	0.01223127635158706	0.9878432216643972	1.1159891307719954
PIAS1-P-T480	-0.01223127635158706	0.9878432216643972	1.1145853708590745
TIMELESS-P-S1149	0.01223127635158706	0.9878432216643972	1.1131851379811109
MSH6-P-S309	0.01223127635158706	0.9878432216643972	1.1117884188619376
SIRT6-P-S326	-0.01223127635158706	0.9878432216643972	1.110395200291935
SMARCA4-P-S1602-S1618	0.01223127635158706	0.9878432216643972	1.1090054691276148
PARG-P-S286-S291	-0.01223127635158706	0.9878432216643972	1.1076192122912054
SMARCC1-P-S822	-0.01223127635158706	0.9878432216643972	1.1062364167702425
NFRKB-P-T1035	0.01223127635158706	0.9878432216643972	1.1048570696171625
MPG-P-T67	0.01223127635158706	0.9878432216643972	1.103481157948897
TP53BP1-P-S1114	0.01223127635158706	0.9878432216643972	1.102108668946473
XRCC5-P-S341	0.01223127635158706	0.9878432216643972	1.100739589854614
POLR2A-P-S35	0.01223127635158706	0.9878432216643972	1.0993739079813452
PARG-P-S133	0.01223127635158706	0.9878432216643972	1.0980116106976012
WRN-P-S478	0.01223127635158706	0.9878432216643972	1.096652685436837
TTK-P-S455	0.01223127635158706	0.9878432216643972	1.0952971196946406
TP53BP1-P-S1460-S1462	0.01223127635158706	0.9878432216643972	1.0939449010283508
CHEK1-P-S286	0.01223127635158706	0.9878432216643972	1.092596017056676
ATRX-P-S675-S677	-0.011479045535364088	0.9885865873335593	1.0920716365002496
TOP2B-P-T1403	0.011306714414657288	0.9887569662484432	1.090916357595146
SMARCC1-P-T398	-0.011306714414657288	0.9887569662484432	1.089576165509648
TP53BP1-P-T1638	0.011306714414657288	0.9887569662484432	1.0882392622390842
TP53BP1-P-S784	0.011306714414657288	0.9887569662484432	1.0869056356922226
EP300-P-S2326-S2328	0.011306714414657288	0.9887569662484432	1.0855752738370301
XRCC1-P-S418-S421	-0.011306714414657288	0.9887569662484432	1.08424816470031
SMARCC1-P-S350	-0.011306714414657288	0.9887569662484432	1.0829242963673427
MDC1-P-S402	-0.011306714414657288	0.9887569662484432	1.0816036569815288
TP53BP1-P-S124-S127	-0.011306714414657288	0.9887569662484432	1.080286234744036
POLR2A-P-S1861	-0.011306714414657288	0.9887569662484432	1.0789720179134472
DTL-P-S485-S490	-0.011306714414657288	0.9887569662484432	1.0776609948054114
TOP2A-P-S1374	0.009997294016835379	0.9900525128109751	1.0777634757177725
RAD9A-P-S375-S380	0.009974761678016631	0.9900748212609719	1.076481351116475
TOP2B-P-S1375	0.009904028201776285	0.9901448551716595	1.075254158703364
ELL-P-S317-S319	-0.009904028201776285	0.9901448551716595	1.0739539722962257
CDK7-P-T170	0.009904028201776285	0.9901448551716595	1.0726569264359644
TP53BP1-P-S1362	0.009904028201776285	0.9901448551716595	1.0713630097575133
ATRX-P-S213	0.009904028201776285	0.9901448551716595	1.0700722109505767
MDC1-P-T1444	0.009747948154219732	0.9902994090888202	1.068951347716813
UBA7-P-S24	0.009747948154219732	0.9902994090888202	1.0676665504238843
MCM4-P-S131	0.009747948154219732	0.9902994090888202	1.0663848378783574
POLA1-P-T225	-0.009019130767088789	0.9910214195915742	1.0658827498484917
ATRX-P-S54	-0.006790109568328705	0.993232891137099	1.0669819201796142
PARG-P-S286	-0.006790109568328705	0.993232891137099	1.06570562601672
ELL-P-S442	-0.006790109568328705	0.993232891137099	1.0644323815411922
POLA1-P-S192	-0.006790109568328705	0.993232891137099	1.0631621758352958
EP300-P-S1726	0.006790109568328705	0.993232891137099	1.0618949980333467
NFRKB-A-K1061	0.0059086092706835715	0.9941088122319012	1.0615661959190659
POLR2H-A-K20	0.0058822289058158015	0.9941350375310011	1.0603319009099976
ATRX-A-K568	-0.0058822289058158015	0.9941350375310011	1.0590725993649739
SMARCC1-A-K359	-0.0058822289058158015	0.9941350375310011	1.0578162854867235
PRKDC-A-K309	0.0058822289058158015	0.9941350375310011	1.056562948655578
TP53BP1-A-K1667	0.0058822289058158015	0.9941350375310011	1.0553125783021395
UBA7-A-K429	0.0058822289058158015	0.9941350375310011	1.0540651639069833
YY1-A-K339	-0.0058822289058158015	0.9941350375310011	1.0528206950003636
TOP1-A-K172	0.0058822289058158015	0.9941350375310011	1.0515791611619196
TOP2B-A-K1318	0.0058822289058158015	0.9941350375310011	1.0503405520203863
XRCC1-A-K298	0.0058822289058158015	0.9941350375310011	1.0491048572533035
USP7-A-K914	0.0058822289058158015	0.9941350375310011	1.047872066586731
YWHAG-A-K69	-0.0058822289058158015	0.9941350375310011	1.0466421697949624
EP300-A-K1542-K1546	0.0058822289058158015	0.9941350375310011	1.0454151567002437
EP300-A-K1546	-0.0058822289058158015	0.9941350375310011	1.0441910171724917
PRKDC-A-K1051	0.0058822289058158015	0.9941350375310011	1.042969741129015
EP300-A-K636	-0.0058822289058158015	0.9941350375310011	1.0417513185342382
XRCC5-A-K543	-0.0058822289058158015	0.9941350375310011	1.040535739399426
SUMO2-A-K21	0.0058822289058158015	0.9941350375310011	1.0393229937824102
EP300-A-K1707	0.0058822289058158015	0.9941350375310011	1.0381130717873202
ATRX-A-K866	-0.0058822289058158015	0.9941350375310011	1.0369059635643116
VCP-A-K502	0.0058822289058158015	0.9941350375310011	1.0357016593093007
XRCC5-A-K702	0.0058822289058158015	0.9941350375310011	1.0345001492636983
PRKDC-A-K1612	-0.0058822289058158015	0.9941350375310011	1.033301423714146
TOP2B-A-K1485	-0.0058822289058158015	0.9941350375310011	1.0321054729922545
NBN-A-K334	-0.0058822289058158015	0.9941350375310011	1.0309122874743444
PRKDC-A-K3608	0.0058822289058158015	0.9941350375310011	1.029721857581187
NBN-A-K544	0.0058822289058158015	0.9941350375310011	1.0285341737777485
POLR2A-P-S1845	0.005440962737291305	0.9945738124911614	1.0278026610651747
EP300-A-K1554-K1555	-0.004818122139943915	0.9951934663914103	1.027259538956381
PARP1-A-K108	0.004818122139943915	0.9951934663914103	1.0260787808656264
PARG-P-S261	-0.0036328071421380223	0.9963737835184462	1.0261162845189968
POLR2A-P-S1944	-0.0018513292450907737	0.9981503834078382	1.0267670801798519
POLR2A-P-S1875-S1882	-0.0018513292450907737	0.9981503834078382	1.0255909437764386
APEX1-P-S123	-0.0015099595015947982	0.998491179913691	1.0247672635956302
MCM4-P-S406	0.0015099595015947982	0.998491179913691	1.0235961010086638
ATRX-P-S731	-0.0015099595015947982	0.998491179913691	1.0224276123088822
MCM4-P-T19	-0.0015099595015947982	0.998491179913691	1.0212617883495791
TOP2A-P-S1374-S1377	-0.0015099595015947982	0.998491179913691	1.0200986200257185
RBBP8-P-T315	0.0015099595015947982	0.998491179913691	1.0189380982736984
PTEN-P-T383-S385	-0.0015099595015947982	0.998491179913691	1.0177802140711145
XRCC1-P-S461	0.0015099595015947982	0.998491179913691	1.0166249584365277
RAD9A-P-S336-T355	0.0015099595015947982	0.998491179913691	1.01547232242923
BLM-P-S434	0.0015099595015947982	0.998491179913691	1.0143222971490156
MSH6-P-S200	-0.0015099595015947982	0.998491179913691	1.0131748737359512
MTOR-P-S2478	0.0015099595015947982	0.998491179913691	1.012030043370148
XRCC1-P-S461-S485	0.0015099595015947982	0.998491179913691	1.010887797271536
TIMELESS-P-S1087	-0.0015099595015947982	0.998491179913691	1.0097481266996402
ATRX-P-S1348-S1352	-0.0015099595015947982	0.998491179913691	1.0086110229533567
MSH6-P-S254	-0.0015099595015947982	0.998491179913691	1.007476477370732
WEE1-P-S127	0.0015099595015947982	0.998491179913691	1.0063444813287425
ERCC4-P-S521-S524	-0.0015099595015947982	0.998491179913691	1.0052150262430761
TOP2B-P-T1317	-0.0015099595015947982	0.998491179913691	1.0040881035679157
NFRKB-P-S226	0.0015099595015947982	0.998491179913691	1.0029637047957232
TP53BP1-P-S630	0.0015099595015947982	0.998491179913691	1.0018418214570255
TOP2B-P-S1550	0.0015099595015947982	0.998491179913691	1.0007224451202021
NBN-P-S673	0.0015099595015947982	0.998491179913691	0.9996055673912733
FANCD2-P-S8	-0.0015099595015947982	0.998491179913691	0.998491179913691

Data type: org.panda.causalpath.data.ProteinData
Row ID	Change amount	P-value	Q-value
MLH1-G	-70.08054902418671	3.667788378036986E-31	5.648394102176959E-29
PMS2-G	-46.7475105582119	4.986710104636235E-21	3.839766780569901E-19
MRE11-G	-41.500294209487855	9.476571146178672E-19	4.864639855038385E-17
RRM1-G	19.820916381305484	2.4653886333134227E-9	9.491746238256677E-8
NBN-G	-17.97513168062402	1.5613472390374054E-8	4.808949496235208E-7
PRKDC-G	-10.344442165066452	3.217109546013138E-5	8.257247834767053E-4
RFC2-G	9.62861868363626	6.581790240352435E-5	0.0014479938528775358
MCM7-G	9.36431788541939	8.572912983241845E-5	0.0016502857492740552
MCM3-G	9.274629009980012	9.377342947098109E-5	0.0016045675709478987
MCM5-G	9.24359413939653	9.672930609757712E-5	0.0014896313139026876
MCM4-G	9.202660174448514	1.0077097658931904E-4	0.0014107936722504667
MCM6-G	8.024487843560241	3.273476363834011E-4	0.0042009613335869805
MCM2-G	7.996163092441921	3.367522394730319E-4	0.003989218836834378
ATM-G	-7.433362457833179	5.911962934815061E-4	0.006503159228296568
ATRX-G	-7.281515853697518	6.881416506174345E-4	0.007064920946338994
TOP3A-G	6.133522076971318	0.0021689283594733735	0.02087593545993122
RRM2-G	6.063717027105252	0.0023257399625738902	0.021068467896257593
USP7-G	-5.193276263541144	0.0055537813241992055	0.047515684662593205
TYMS-G	5.04616608752823	0.006433953434975427	0.052148885736116625
PARP1-G	4.973110075444425	0.006921587864792334	0.05329622655890097
MSH2-G	-4.928360000416796	0.007238364467257404	0.0530813394265543
FANCD2-G	4.819940272647459	0.008067268961327782	0.05647088272929448
RFC3-G	4.819940272647459	0.008067268961327782	0.05401562695845559
CCNA2-G	4.6147489747770765	0.00990466941677708	0.06355496209098625
VCP-G	-4.5761164675119295	0.010294798950809888	0.0634159615369889
POLK-G	4.245369539684602	0.014330437035229524	0.08488028090097487
MSH6-G	-4.193895805216201	0.015087392688158388	0.08298065978487112
PCNA-G	4.193895805216201	0.015087392688158388	0.08605401755468117
FEN1-G	4.126124176698388	0.016145334173855184	0.0857372918197827
PARG-G	-4.018882263616212	0.01797304284042246	0.09226161991416862
POLE3-G	3.9972239308109345	0.01836655501017021	0.09124030553439395
DDB2-G	3.890934018088876	0.020426258630284546	0.09830136965824438
DHFR-G	3.8637887914090663	0.02098832829158725	0.09794553202740718
HLTF-G	3.72498993491749	0.024113343128383643	0.10921926005209061
CDK1-G	3.629363309020879	0.02653307239995332	0.1167455185597946
POLR2H-G	3.55537159868407	0.028570756088066897	0.12221934548784172
SMUG1-G	-3.2059551010715595	0.04052018228084945	0.16865156949326526
YWHAE-G	3.066620030970012	0.046578322384246286	0.1887647801887876
MCM8-G	2.9580145580538604	0.05192190282667209	0.20502494962326928
KPNA2-G	2.912545856597305	0.054337218862301674	0.20919829261986145
ACTL6A-G	-2.552532285206523	0.0778841910903605	0.2925406201930614
RCHY1-G	2.549581654259547	0.07811433796714462	0.2864192392128636
POLD1-G	2.549581654259547	0.07811433796714462	0.27340018288500617
WEE1-G	2.549581654259547	0.07811433796714462	0.2797583266730296
POLA1-G	2.5488570714595182	0.07817095878362885	0.26751839228175206
TCEA1-G	1.9865228226145177	0.13717156702220046	0.45922655046562766
FANCI-G	1.9573885924875627	0.14122674036640026	0.4627429365196945
SUMO1-G	-1.828385675394427	0.16067273647962452	0.515491696205462
CDK2-G	1.8028470571983068	0.1648289421311411	0.5180338181264434
MAPK8-G	1.8028470571983068	0.1648289421311411	0.5076731417639145
YY1-G	1.7064486020915508	0.1815092609444605	0.5480867879499395
EP300-G	1.6563059931062585	0.19084265369215628	0.5545239371432465
TIMELESS-G	1.6563059931062585	0.19084265369215628	0.5651878590113859
SUMO2-G	-1.6549780928154276	0.19109624204025455	0.5449781717444296
BARD1-G	1.5594856140823454	0.21024419004160227	0.5886837321164864
CLK2-G	-1.5011702730864624	0.22286918966038344	0.6128902715660545
BABAM2-G	-1.4281737260483234	0.23974636521862452	0.6477357937485645
KDM4B-G	1.363085161441397	0.25587015724281065	0.6793793830240145
TP53-G	-1.2764034670757314	0.2790390711292291	0.7283392704051065
CDK7-G	1.2614011597069499	0.28325686021879776	0.7270259412282475
COPS5-G	1.241155266604575	0.28905009505384127	0.7297330268572386
CDA-G	1.2130093630056666	0.2973012444922047	0.7384579298677343
POLR2F-G	-1.2130093630056666	0.2973012444922047	0.7267363754253893
XPA-G	1.178018346106479	0.30788826244305945	0.7408561315036117
SMARCA4-G	-1.1461926767367456	0.3178446057698694	0.7530472198239982
TTK-G	-1.0642874722086588	0.34497357047343025	0.8049383311046706
CHEK1-G	1.059337927468113	0.3466852651550765	0.7968586691624147
PIAS4-G	1.059337927468113	0.3466852651550765	0.7851401593217909
PCLAF-G	1.0343740854276235	0.35544879189113626	0.7933204920468838
MGMT-G	-1.0067263221382012	0.36541326897458676	0.7925865270716389
DDX11-G	-1.0067263221382012	0.36541326897458676	0.7604546408390048
RAD51-G	1.0067263221382012	0.36541326897458676	0.7815783808623106
TFPT-G	-1.0067263221382012	0.36541326897458676	0.7708718276998131
APEX1-G	-1.0067263221382012	0.36541326897458676	0.7503152456278182
POLR2A-G	1.0067263221382012	0.36541326897458676	0.8039091917440908
TP53BP1-G	-1.0056647559726524	0.36580138530650785	0.7412291228579239
MPG-G	0.947115222550609	0.3878582960042224	0.7757165920084448
ERCC3-G	0.9029731204910216	0.4053626742998598	0.8003314338740821
POLR2C-G	0.880225077815197	0.4146895637557067	0.8083821875744156
TDG-G	0.8668775849452719	0.4202617342784759	0.809003838486066
RECQL4-G	0.8386112823210019	0.43231046394275674	0.8219235981133893
GTF2H5-G	-0.7649806209993045	0.465342948768263	0.8739367574428353
TOP2A-G	0.7358669681362332	0.47908992317498955	0.888913833360824
APBB1-G	-0.7211143695705589	0.48621013617452646	0.8913852496532985
ERCC2-G	-0.7070577989167941	0.493092843610399	0.8829802083255983
MNAT1-G	0.7070577989167941	0.493092843610399	0.8933682107764876
BRCA2-G	0.7070577989167941	0.493092843610399	0.8728310105287523
GTF2H1-G	-0.7069819556960883	0.4931302427779841	0.8629779248614722
XRCC5-G	-0.677986936552722	0.5076378717173913	0.8783846319604298
TOP1-G	-0.5964555538510068	0.5507603208480625	0.9424121045622402
MEN1-G	0.5876511891818891	0.5556308249430443	0.9402983191343827
MTOR-G	-0.5475638838288192	0.5783570405356302	0.9681193939400766
DTL-G	0.5446577185766246	0.5800402863807942	0.9604968183079818
ORC1-G	-0.5310099497954338	0.5880108082967238	0.9633368561456964
PLK1-G	0.5301438635619348	0.5885202969616501	0.9540223761273064
XRCC6-G	-0.5215288479982366	0.5936123108756591	0.9424360399469227
RBBP8-G	-0.5215288479982366	0.5936123108756591	0.9522530820297032
RUVBL1-G	-0.47680205374210527	0.6207653953196351	0.9754884783594268
ABL1-G	-0.4673536858219341	0.6266584110170859	0.9748019726932446
SOD1-G	0.46571581891457975	0.6276856350892265	0.9666358780374088
POLB-G	-0.4650740359204991	0.6280886023503918	0.957679651108518
TOPBP1-G	0.4648218036314419	0.6282470465578259	0.9485298546069136
TERF2-G	0.4293165524140867	0.6509538355549321	0.9732707832568889
SOX4-G	-0.42676168125016867	0.6526190650560533	0.9663782309483865
ATR-G	-0.4259141121283007	0.6531724393022716	0.9579862443099983
HRAS-G	0.4251469597506107	0.65367371434471	0.9496769057460881
NFRKB-G	0.4251469597506107	0.65367371434471	0.9408014206456574
GMNN-G	0.4117966782517098	0.6624589546729466	0.9446173983299424
POLR2L-G	0.40980752893167693	0.6637779959022436	0.937814783201335
BLM-G	-0.4083436775513422	0.6647503797768792	0.9306505316876309
PIAS1-G	-0.3752750511204784	0.6871002651001533	0.953274241670483
POLE2-G	0.36829825440370784	0.6919107854722302	0.9513773300243165
UNG-G	-0.3582992058738235	0.6988639395250943	0.9524340414766772
PIAS3-G	0.320207199844117	0.7259985946927607	0.9722068137624796
KAT5-G	-0.320207199844117	0.7259985946927607	0.9555878938691039
SMARCC1-G	-0.320207199844117	0.7259985946927607	0.9807349437077645
PTEN-G	-0.320207199844117	0.7259985946927607	0.9638257205403893
YWHAG-G	-0.3101911055664081	0.7333068038206685	0.957027523630364
PER1-G	-0.3101911055664081	0.7333068038206685	0.9489852755326299
ERCC1-G	0.2986652584758254	0.7418076817131929	0.9519865248652641
NEIL1-G	-0.29839729524223363	0.7420064855331556	0.9443718906785616
ERCC4-G	0.28374145343937884	0.7529612950951453	0.9427320280053039
FANCA-G	-0.28374145343937884	0.7529612950951453	0.9504593397102654
POLG2-G	-0.2807612919086225	0.7552085883661617	0.9379203436160395
CHEK2-G	0.2674013635378664	0.7653658198764786	0.9429306900878216
UBE2B-G	0.2610137983694435	0.7702702910677035	0.9414414668605264
SIRT6-G	-0.24719002674989984	0.7809922700068368	0.9470299967012037
AURKB-G	-0.24437214263443569	0.7831961193565271	0.9422828311008217
POLR2K-G	-0.23508322076781243	0.7905050604531701	0.9437037155797535
POLR2G-G	0.22504788414698101	0.7984779834068322	0.9458893034204012
ELL-G	-0.2244524513613738	0.7989535649511089	0.9392278549806929
EYA3-G	0.1904025246052252	0.8266263295299106	0.9643973844515623
WRN-G	0.1436640847426423	0.8661786618233877	1.0029437136902382
POLR2B-G	-0.13402304676806273	0.8745699083612342	1.005102730504702
CDK4-G	-0.12669554184202592	0.8810018599726271	1.0049947143391451
XRCC1-G	0.11865440327377536	0.8881146772561116	1.00565926689295
RRM2B-G	-0.11865440327377536	0.8881146772561116	0.9983186883024905
TERF1-G	0.11461536801765698	0.891709057777349	0.9950956152008097
CDK6-G	0.11125790553910403	0.8947079690295098	0.9912591887089532
XPC-G	-0.10609252334932338	0.8993414341446953	0.9892755775591648
UBA7-G	0.0985319233801196	0.9061667642464608	0.9897140545670565
POLR2J-G	0.08572364816352228	0.9178478451128085	0.9954124517420598
CCNH-G	0.07654666499575397	0.9263096870426176	0.9975642783535882
RAD9A-G	0.07499027545300661	0.9277525082575505	0.9921797657754359
POLR2D-G	0.04773806460712766	0.9533834792506639	1.012559005548981
UBE2I-G	-0.04667064442241017	0.9544016833493185	1.0066976659985962
POLR2I-G	-0.04286430577390374	0.9580413819311479	0.9968808974148431
GTF2H3-G	0.04286430577390374	0.9580413819311479	0.9706471895881367
RUVBL2-G	-0.04286430577390374	0.9580413819311479	0.9770753166715018
GTF2H4-G	0.04286430577390374	0.9580413819311479	0.9835891521159785
AURKA-G	0.04286430577390374	0.9580413819311479	1.0036624001183454
POLR2E-G	-0.04286430577390374	0.9580413819311479	0.990190421593267
TOP2B-G	-0.03505226273285078	0.9655549523983584	0.9718657690807007
MDC1-G	-0.0067574431453258175	0.9932653370328041	0.993265337032804

Data type: org.panda.causalpath.data.RNAData
Row ID	Change amount	P-value	Q-value
MLH1-R	-79.60748314999041	2.6724485305084306E-35	4.863856325525344E-33
TYMS-R	25.826690236324012	6.075904576385577E-12	5.529073164510875E-10
YWHAE-R	18.224308676820453	1.2169796192256374E-8	7.383009689968866E-7
EXO1-R	18.224308676820453	1.2169796192256374E-8	5.53725726747665E-7
PCLAF-R	18.152845443987946	1.3071318376250997E-8	4.757959888955363E-7
DTL-R	18.03725617534567	1.467300867725398E-8	4.4508126321003737E-7
DHFR-R	16.249220392640414	8.771083555949883E-8	2.2804817245469696E-6
CDC45-R	16.020258519053527	1.1027831622884227E-7	2.5088316942061615E-6
CCNA2-R	15.591111650673179	1.693816048458018E-7	3.4252724535484364E-6
RRM1-R	15.086958293194686	2.804253461064799E-7	5.103741299137934E-6
MCM5-R	14.86667853665674	3.495292678716325E-7	5.783120613876101E-6
POLE2-R	14.777438369004718	3.821554518873964E-7	5.796024353625512E-6
PLK4-R	14.390522264293244	5.626982816372044E-7	7.87777594292086E-6
DDB2-R	13.028872781874638	2.196000554363477E-6	2.85480072067252E-5
BARD1-R	12.979188345056706	2.3078635187515376E-6	2.800207736085199E-5
FANCI-R	12.826522070963437	2.688513630012369E-6	3.05818425413907E-5
RAD51-R	12.49623424923753	3.74071327591087E-6	4.004763624798696E-5
ORC1-R	12.262581857676812	4.7252888922210504E-6	4.777792102134617E-5
FEN1-R	12.127697895082457	5.4076394289761834E-6	5.179949347756133E-5
BRCA1-R	11.789260548713976	7.585587074790214E-6	6.902884238059094E-5
AURKB-R	11.308686080950043	1.2265917447772645E-5	1.0630461788069626E-4
BLM-R	11.09398559309711	1.520348936308067E-5	1.2577432109457646E-4
CDC6-R	11.072260921209471	1.5537394033336847E-5	1.229480745246655E-4
CDC7-R	10.863740992078355	1.913979290366207E-5	1.4514342951943738E-4
MCM6-R	10.543811932141576	2.6356070443649916E-5	1.918721928297714E-4
RRM2-R	10.269284891763473	3.468216806329058E-5	2.4277517644303402E-4
POLE3-R	10.269058769695073	3.4690011353606716E-5	2.3383637282801563E-4
FANCD2-R	10.209518238474578	3.681820115441584E-5	2.3931830750370298E-4
GTF2H3-R	10.070281666030901	4.2318692517700334E-5	2.567334012740487E-4
CDT1-R	10.070281666030901	4.2318692517700334E-5	2.484516786523052E-4
MDM2-R	10.070281666030901	4.2318692517700334E-5	2.655862771800504E-4
PARP1-R	9.852827963749329	5.259823658674925E-5	2.9915247058713633E-4
XRCC6-R	9.638218680693125	6.51890739392568E-5	3.595276199074163E-4
POLR2L-R	9.417139659378384	8.131828496511479E-5	4.3529199598973207E-4
FANCA-R	9.04814055251839	1.1760952245531902E-4	6.115695167676589E-4
MCM4-R	8.989032364411553	1.2477076747882432E-4	6.307855466985007E-4
BABAM2-R	-8.732948150823619	1.611865527842931E-4	7.928635839659822E-4
SOD1-R	8.56935914661631	1.8983426677058563E-4	9.092062250591206E-4
TOP3A-R	8.13322792734084	2.9361888903566615E-4	0.001370221482166442
ATR-R	-8.082461036397186	3.0890986075276925E-4	0.0014055398664251002
APBB1-R	-8.043374164486229	3.2122325938553913E-4	0.0014259178831260517
MRE11-R	-7.962054837211291	3.484364012613748E-4	0.0015098910721326243
MCM10-R	7.9596234822168395	3.492846045696602E-4	0.0014783673960855385
DBF4-R	7.755142255864273	4.28533237489639E-4	0.001772569300525325
RFC2-R	7.698771596086893	4.5338377936286983E-4	0.0018336855076453848
TDG-R	7.6846012633538425	4.598541134970022E-4	0.0018194227968794437
CDK1-R	7.44244220900099	5.858526743229606E-4	0.0022686209941867835
CDC25A-R	7.168617752248424	7.703868611187228E-4	0.0029210501817418244
PCNA-R	7.150161827141835	7.847370792763899E-4	0.002914737723026591
GMNN-R	6.886082032361398	0.0010219098174248356	0.0037197517354264015
SUMO2-R	6.077719942836261	0.002293399778741514	0.008184289406489326
RBBP8-R	5.898910833771356	0.0027424301550187983	0.009598505542565795
POLR2E-R	5.884446836355463	0.002782384913892564	0.009554604798649937
CHEK1-R	5.706939805929737	0.003322825492850726	0.01119915258701541
CHEK2-R	5.557753217517498	0.003857433482651499	0.012764598069864961
RCHY1-R	5.303756371597492	0.00497287879779061	0.01616185609281948
AEN-R	5.216259284890221	0.005427594283666932	0.01733021332679617
KPNA2-R	5.140858751615044	0.005852661572105071	0.018365248381433157
TTK-R	5.079554810217141	0.006222678672352404	0.01919538166725657
POLR2B-R	4.8980335730169555	0.007461240639602567	0.022632429940127787
CDC25C-R	4.859328394253824	0.00775569090898946	0.02313993025305052
CDK2-R	4.707822108294495	0.009024410384141042	0.026491011127639835
BRCA2-R	4.291061511520347	0.013690385079945787	0.03955000134206561
PIAS1-R	4.2869620139185445	0.01374662397759981	0.039091961936299456
USP7-R	-4.013086907633372	0.018077505428344968	0.05061701519936591
CDK6-R	-3.918541772424366	0.01987004868144132	0.054793164545792736
RECQL4-R	3.8978549323501808	0.020285378318241176	0.05510356498387902
TP53-R	3.7878716142208924	0.0226437452244335	0.06060531810068966
MCM2-R	3.5054602608074465	0.030032947174078763	0.07921733892293238
TOP2A-R	3.4493781955314913	0.03176538209497477	0.0825899934469344
MCM7-R	3.42009629873876	0.032709284924467064	0.08384633600356346
KAT5-R	3.2262700316144066	0.039705322525841115	0.1003662319403206
APEX1-R	3.2262700316144066	0.039705322525841115	0.09899135205072716
RUVBL2-R	3.218319741652326	0.04002224951435238	0.09843310015692072
POLR2D-R	3.114150440523308	0.044416225348456205	0.10778337351225373
CCNH-R	3.113030630179014	0.044465990955876486	0.10648434676275685
POLG2-R	-3.055044034038273	0.04712064581232271	0.11137607192003549
CDK7-R	2.9890027969388226	0.05033760852100877	0.1174544198823538
TERT-R	2.916900042094854	0.054101138872972424	0.12463806677064533
DDX11-R	2.8261655731523416	0.059239568522896247	0.13477001838958896
PLK1-R	2.779334644921992	0.06207979874846232	0.13948794286691535
FANCC-R	2.721094027934009	0.0658027250131939	0.1460499506390401
TIMELESS-R	2.7128922939449294	0.06634464074603583	0.14547860982865687
HRAS-R	2.7032054143147843	0.06699043611617894	0.1451459449183877
NBN-R	2.698122942500105	0.06733177981968334	0.14416922267273374
MPG-R	2.6236307244566595	0.07253901496214221	0.15351279910592888
MNAT1-R	2.623109670045329	0.07257682158468017	0.1518273738897907
OGG1-R	-2.5737451961937263	0.07624944088374278	0.1576977072822862
PMS2-R	-2.511860324406158	0.08111719449166446	0.16588010558969588
POLR2H-R	2.408334217372817	0.08996503200998796	0.1819292869535312
UNG-R	2.408334217372817	0.08996503200998796	0.1799300640199759
WEE1-R	2.32844769782989	0.09744689677352215	0.1927753827476199
POLK-R	2.302356518850461	0.10002286002686447	0.19574366155794984
TOPBP1-R	2.224328386384924	0.10814002256269467	0.20937749049372797
PIAS3-R	2.180016378088503	0.11303967925141768	0.21656022761850546
CDC25B-R	-2.180016378088503	0.11303967925141768	0.21430439191414605
RNF111-R	2.143463057681068	0.11724810220389018	0.21999128454750527
ERCC3-R	-2.087525346713903	0.12399359763152566	0.23027382417283337
DNTT-R	-1.9907353138654456	0.13659494834947894	0.25111394545055726
MCM3-R	1.944709220452911	0.14302880714370172	0.2603124290015371
SOX4-R	-1.8056252154608197	0.16437165674336432	0.29619447056725057
TCEA1-R	1.799505160568858	0.1653807048707851	0.2950910616321852
ATM-R	-1.6579370064896057	0.19053164047217952	0.33666755889258904
PRKDC-R	-1.6126564197366369	0.19935733330798402	0.348875333288972
VCP-R	-1.6089812372720813	0.2000913558907992	0.34682501687738526
MSH6-R	-1.549682803753998	0.2123153087658928	0.36454137920181595
GADD45A-R	1.5090944940170867	0.22111010386003158	0.3760938215189322
POLD1-R	1.5024274555655004	0.22258917846948656	0.37510398593931993
CLK2-R	1.4147693175124016	0.2429816585976228	0.40571249417217753
PARG-R	-1.3365681939100236	0.26274581582234613	0.43472489526969993
SMARCA4-R	-1.3343738879502876	0.26332299355257593	0.4317548182573767
SMARCC1-R	-1.2926770932355445	0.2745348430679564	0.44611911998542914
PLK2-R	1.2879028335594427	0.27584867749668884	0.4442872504813926
ATRX-R	-1.2579031048968619	0.2842494432840237	0.4538017427867746
TOP2B-R	1.2066252741114691	0.29920531347126766	0.4735249308849627
POLR2G-R	1.1818601250155614	0.30670769300546247	0.48121379419822563
MAPK8-R	1.158070998347909	0.3140914798671106	0.48858674645994987
ELL-R	-1.146964827198474	0.3175992766384565	0.489856511425416
GTF2H1-R	1.140347000654024	0.31970806365895427	0.4889652738313418
POLR2K-R	-1.1302358913318384	0.32295706466400836	0.4898182147404127
GTF2H4-R	1.1290387692839285	0.32334391519409567	0.4863520046721108
XPA-R	1.0922455091279808	0.3354623635211248	0.5004438537774157
ERCC2-R	1.0884440917064933	0.3367400229138075	0.49826572496189403
PLK3-R	1.0613496111175342	0.3459885451008008	0.5078218968414979
AURKA-R	1.0580635191051684	0.3471273654045922	0.5054174440290863
XRCC5-R	0.9779475020867803	0.3760822151852234	0.543229866378656
NEIL1-R	0.9466073187566332	0.3880553407399364	0.5561108032651056
KDM4B-R	0.9386059878216318	0.39117275504231436	0.5561987610757907
ERCC5-R	-0.8811493666512512	0.4143064479036266	0.5845253761120933
POLR2J-R	-0.8593608360728797	0.42343263871182424	0.58828045988971
PTEN-R	0.8593608360728797	0.42343263871182424	0.5928056941965539
TERF1-R	0.8593608360728797	0.42343263871182424	0.5838237897390304
YWHAG-R	0.8333869899806852	0.4345748900498653	0.5946814284892894
MSH2-R	0.8020128850679791	0.44842542621878406	0.6045439079393978
TERF2-R	0.8020128850679791	0.44842542621878406	0.6090554296404381
EYA3-R	0.7722028255599791	0.4619942538370081	0.6182570161642315
GTF2H5-R	0.7318470673814369	0.4810196932621987	0.639018862581899
ABL1-R	-0.6919358745710514	0.5006060199581501	0.6602195335679951
RUVBL1-R	0.6804754844355566	0.5063761611312204	0.6630249016250511
SMUG1-R	-0.6539057423376755	0.5200107771475522	0.6760140102918178
CDKN2D-R	0.6442713745965329	0.5250449638672053	0.6777176129349742
WRN-R	0.6296466838115877	0.5327800075582614	0.6828588829267856
UBE2I-R	-0.6296466838115877	0.5327800075582614	0.6780836459832418
POLR2F-R	0.6168338024839445	0.5396503751792932	0.6820581130738288
MEN1-R	-0.6131446911520894	0.5416448822108259	0.6798577142232435
ERCC4-R	-0.5646857346511545	0.5685387907266655	0.7039051694711096
CDK4-R	0.5646857346511545	0.5685387907266655	0.7087264377551583
TOP1-R	-0.5440462690037716	0.5803950602182416	0.7137290605386485
MGMT-R	-0.49999515001357314	0.606533601385234	0.7408665466584737
TP53BP1-R	-0.49999515001357314	0.606533601385234	0.7359274363474173
EP300-R	-0.49380674922794904	0.6102987123927001	0.7307524056281014
POLA1-R	-0.49380674922794904	0.6102987123927001	0.7355918255329232
GTF2H2-R	-0.4594855823640605	0.6316084724886558	0.7513251110649369
MTOR-R	0.4587576466294034	0.6320684102483483	0.7469899393844116
GADD45G-R	0.45806229937257614	0.6325080701239709	0.74268689524234
NFRKB-R	-0.449507696413294	0.6379421355291618	0.744265824784022
CDA-R	-0.410290164864835	0.6634577100867205	0.7691038422661346
HLTF-R	0.40398712464856323	0.6676527174769644	0.7690683201316931
TFPT-R	0.35333880136904733	0.7023391995808524	0.8039354359982084
RFC3-R	0.3412750653258817	0.710863347453327	0.8086070577281594
SIRT6-R	0.3340293429090033	0.7160327714344955	0.8094283503172557
ACTL6A-R	-0.3247963438675961	0.7226745157531955	0.8118935917721085
POLR2I-R	0.3202595227569494	0.7259606093253353	0.8105817846454665
RAD9A-R	-0.31252899469126316	0.731594416284886	0.8069708106899954
PIAS4-R	0.31252899469126316	0.731594416284886	0.8118913644137149
RRM2B-R	0.3041706830767503	0.7377349368350246	0.8088419186986414
XPC-R	0.2628069858718366	0.7688902896787035	0.837952291745653
ERCC1-R	0.24194965694893183	0.7850957006699162	0.8505203423924091
YY1-R	0.2265784350835067	0.7972568069563063	0.8585842536452529
XRCC1-R	-0.21126277889531475	0.8095613033026401	0.8667068070651794
POLR2A-R	0.2014012761743473	0.8175842886247472	0.870177429998269
SUMO1-R	-0.14842338543658265	0.8620660514546585	0.9121861707252783
MDC1-R	-0.1313727486988878	0.8768908535404442	0.9225094528575771
UBA7-R	0.12366077088945539	0.8836795598742758	0.9243085051558518
POLB-R	0.09266963137833022	0.9114945797677745	0.9479543629584856
MCM8-R	-0.08899114928525395	0.9148536706474928	0.946041863965021
RAD51D-R	-0.053294617103711577	0.948100644665092	0.9748831487516765
PER1-R	0.053294617103711577	0.948100644665092	0.969406277129476
COPS5-R	0.032929270483662135	0.9676069955435824	0.9838238725638658
POLR2C-R	-0.029041615437611308	0.9713760393864928	0.976742757836142
UBE2B-R	0.029041615437611308	0.9713760393864928	0.9821691064907871
CCNA1-R	0.02032624564254641	0.9798789399194073	0.9798789399194072