

Data type: org.panda.causalpath.data.SiteModProteinData
Row ID	Change amount	P-value	Q-value
MDC1-P-S793	2.451005334867764	0.0862068761417744	66.29308775302451
MDC1-P-S376	1.7785420549584505	0.1688841917352942	64.93597172222061
BAZ1B-P-S1342	1.7785420549584505	0.1688841917352942	43.290647814813745
FANCD2-P-S1435	1.7785420549584505	0.1688841917352942	32.46798586111031
APBB1-P-T709	-1.726261865924698	0.1779483630634942	27.36845823916541
TREX1-P-S167	1.726261865924698	0.1779483630634942	22.80704853263784
PMS2-P-S445	1.726261865924698	0.1779483630634942	19.548898742261006
MCM4-P-T19	1.726261865924698	0.1779483630634942	17.10528639947838
DTL-P-S557	1.726261865924698	0.1779483630634942	15.204699021758561
RIF1-P-S2205	1.726261865924698	0.1779483630634942	13.684229119582705
MDC1-P-S329	1.726261865924698	0.1779483630634942	12.440208290529732
MSH6-P-S227	1.726261865924698	0.1779483630634942	11.40352426631892
LRWD1-P-S253	1.726261865924698	0.1779483630634942	10.526330091986695
RIF1-P-S1688	1.726261865924698	0.1779483630634942	9.774449371130503
MSH6-P-S41	1.726261865924698	0.1779483630634942	9.122819413055137
RIF1-P-S1236	1.726261865924698	0.1779483630634942	8.55264319973919
PARP1-P-S782	1.726261865924698	0.1779483630634942	8.049546540931003
MCM3-P-T722	1.726261865924698	0.1779483630634942	7.6023495108792805
ATR-P-S435	1.7220670071064366	0.17869639917951277	7.232501629949754
UNG-P-T60	1.7220670071064366	0.17869639917951277	6.870876548452266
XRCC1-P-S461	1.6614464521055679	0.1898641519841735	6.952644422658544
BAP1-P-S292	1.6614464521055679	0.1898641519841735	6.63661513071952
RECQL4-P-S89	1.63716158961096	0.19453141940527752	6.504115718376453
TOP2B-P-S1550	1.6195854986725664	0.19798074536005275	6.343633049245024
BAZ1B-P-S189	1.5721699461258036	0.20759422497313743	6.385598360173707
TIMELESS-P-S1173	1.5721699461258036	0.20759422497313743	6.139998423243949
RIF1-P-S1616	1.5617450454266788	0.20976969397615952	5.9745516543580255
LIG1-P-S141	1.5617450454266788	0.20976969397615952	5.761174809559525
UBE2T-P-S184	1.546434686041008	0.21300605508641718	5.6483329779812
MGMT-P-S201	1.546434686041008	0.21300605508641718	5.460055212048493
CDK7-P-T170	-1.546434686041008	0.21300605508641718	5.283924398756606
RIF1-P-S1542	1.4616656969239723	0.23184976147764083	5.571639580509556
LRWD1-P-S212	1.4616656969239723	0.23184976147764083	5.402802017463812
KAT5-P-S86-S90	1.4616656969239723	0.23184976147764083	5.2438960757737
RIF1-P-S1422	1.4616656969239723	0.23184976147764083	5.094070473608737
EP300-P-T1724	1.4616656969239723	0.23184976147764083	4.952568516008494
BAZ1B-P-S158	1.4616656969239723	0.23184976147764083	4.818715312873129
MCM3-P-S672	1.4616656969239723	0.23184976147764083	4.691907015165942
YY1-P-S247	1.4616656969239723	0.23184976147764083	4.571601707084764
SETMAR-P-S508	1.4616656969239723	0.23184976147764083	4.457311664407645
UIMC1-P-S653	1.4615772292401346	0.2318702735963535	4.348981473063313
MCM3-P-T674	1.4430857802666168	0.2361977785381699	4.324668849901253
DTL-P-S478	1.4430857802666168	0.2361977785381699	4.224095155717504
ELL-P-T180	1.4430857802666168	0.2361977785381699	4.12809299308756
ORC2-P-S111	1.4430857802666168	0.2361977785381699	4.03635759324117
MSH6-P-S935	1.4430857802666168	0.2361977785381699	3.948610689040275
TIMELESS-P-S1121	1.4430857802666168	0.2361977785381699	3.8645976956564394
APBB1-P-S517	-1.4430857802666168	0.2361977785381699	3.784085243663597
CLSPN-P-S810	1.4124695672370562	0.24354109877366975	3.8221041827949396
ALKBH5-P-S361	1.4060218146149106	0.24511646485950506	3.7698912295391875
RBBP8-P-T315	1.3678790576258815	0.25464647771208987	3.8396694384430803
H2AX-P-S122	1.357257028197898	0.2573657566551503	3.8060435936117423
TCEA1-P-S100	1.357257028197898	0.2573657566551503	3.734231450336049
TICRR-P-T969	-1.357257028197898	0.2573657566551503	3.6650790160705666
ORC2-P-T116	1.357257028197898	0.2573657566551503	3.5984412157783745
TOP2B-P-S1400	1.357257028197898	0.2573657566551503	3.534183336925189
TP53BP1-P-T855	1.357257028197898	0.2573657566551503	3.4721801204879053
MDC1-P-S1775	1.357257028197898	0.2573657566551503	3.4123149459967346
PRKDC-P-S2612	1.357257028197898	0.2573657566551503	3.3544790994544167
BOD1L1-P-S1077	1.357257028197898	0.2573657566551503	3.29857111446351
MSH6-P-S252	1.357257028197898	0.2573657566551503	3.2444961781608295
PRKDC-P-S893	1.357257028197898	0.2573657566551503	3.1921655946421064
DTL-P-S679	1.357257028197898	0.2573657566551503	3.141496299489057
RMI1-P-S292	1.357257028197898	0.2573657566551503	3.0924104198095406
SIRT6-P-S330	1.357257028197898	0.2573657566551503	3.0448348748893936
USP1-P-S327	1.357257028197898	0.2573657566551503	2.9987010131486453
UIMC1-P-S171	1.357257028197898	0.2573657566551503	2.9539442816091133
MSH6-P-S309	1.3232841278905545	0.26625943448774125	3.0110809576628386
WDHD1-P-S383	1.2764372207486505	0.2790296526946448	3.1097652597417658
MDC1-P-S882	1.2764372207486505	0.2790296526946448	3.065340041745455
SMARCC1-P-S310	1.2676182093675166	0.2815013011058243	3.048936627470125
SLX4-P-S1185	-1.2661673713722263	0.2819100103029163	3.0109555267075363
TICRR-P-S923	1.2639539089499585	0.2825346986241947	2.976290181397339
SUMO1-P-T76	1.2306578477458958	0.2921003569004257	3.0354753304922615
BAP1-P-S597	1.2306578477458958	0.2921003569004257	2.995002326085698
RAD23A-P-S133	1.2203345222910618	0.29513142236923245	2.9862639973939444
TOP2B-P-S1413	1.2203345222910618	0.29513142236923245	2.94748134807714
LRWD1-P-S259	1.2203345222910618	0.29513142236923245	2.9096931256658944
RIF1-P-T409	1.2203345222910618	0.29513142236923245	2.8728615671131617
TP53BP1-P-S1701	1.2203345222910618	0.29513142236923245	2.836950797524247
RECQL5-P-S727	1.2179357000832143	0.29584024000328774	2.8086561057102255
TERF1-P-T371	1.2133114081946164	0.2972114596418607	2.787263566641352
RBBP8-P-S539	1.1907140113432293	0.30400412416271116	2.816616523868974
POLE-P-S1940	-1.1907140113432293	0.30400412416271116	2.783085374775296
DDB2-P-S26	1.1893938799366874	0.30440571457247034	2.7539764059556435
TP53BP1-P-S1635	1.1667490882041631	0.31137755863980154	2.7842946813256675
DCTPP1-P-S85	1.1667490882041631	0.31137755863980154	2.752291294183993
TOP2B-P-S1466	1.1667490882041631	0.31137755863980154	2.721015256750084
RECQL5-P-S815	1.1667490882041631	0.31137755863980154	2.6904420516180605
PARP4-P-S1335	-1.1667490882041631	0.31137755863980154	2.6605482510445264
CLK2-P-S57	1.1667490882041631	0.31137755863980154	2.6313114570770044
ALKBH5-P-S384	1.1667490882041631	0.31137755863980154	2.602710245587037
WEE1-P-S67	1.1667490882041631	0.31137755863980154	2.574724113914058
MSH6-P-S14	1.156263010729248	0.31465986703749105	2.5741855079981977
POLD3-P-S307	1.1487360939308602	0.3170372215272257	2.5663328774151215
MSH6-P-S65	1.132826381220257	0.3221215303424559	2.5803276753473807
RBBP8-P-S327	1.132826381220257	0.3221215303424559	2.5537263591066863
ATRIP-P-S518	1.132826381220257	0.3221215303424559	2.5276679268709037
WEE1-P-S150	1.132826381220257	0.3221215303424559	2.5021359276095816
MRE11-P-S689	-1.1291332343862235	0.32331337192072984	2.4862798300704125
EP300-P-S2328	1.1291332343862235	0.32331337192072984	2.4616631980895174
LRWD1-P-S243	1.1291332343862235	0.32331337192072984	2.437529245167071
NSD2-P-T544	1.0562849265636034	0.34774531292319694	2.5962732586207613
PCLAF-P-S72	1.056166696117714	0.34778642943716376	2.571613117665182
TTK-P-S321	1.056166696117714	0.34778642943716376	2.547121564163609
CETN2-P-S20	1.056166696117714	0.34778642943716376	2.5230921154450843
POLR2E-P-Y26-T36	-1.056166696117714	0.34778642943716376	2.4995118153007376
SMARCA4-P-S1449	1.056166696117714	0.34778642943716376	2.4763681873812864
CHAF1A-P-S206	1.056166696117714	0.34778642943716376	2.4536492131851277
POLR2A-P-S1910	1.0521922334483191	0.3491714441393178	2.4410258231194124
BAZ1B-P-S493	-1.0521922334483191	0.3491714441393178	2.419034599487706
MCM3-P-S160	1.0496528782532408	0.3500592411989368	2.4035317543034145
PRKDC-P-T2603	-1.0496528782532408	0.3500592411989368	2.382261561787455
PNKP-P-T118	1.0496528782532408	0.3500592411989368	2.3613645305437054
CHTF18-P-S871	1.0496528782532408	0.3500592411989368	2.3408309259302817
RIF1-P-S1238	1.0496528782532408	0.3500592411989368	2.320651348982607
CLK2-P-S50	1.0496528782532408	0.3500592411989368	2.300816722068226
DUT-P-S99	1.0496528782532408	0.3500592411989368	2.2813182752710373
PARP1-P-T368	1.0348910432716132	0.35526508733787754	2.2957886736372086
DDB2-P-S24	1.0265464115991434	0.35824204717998964	2.2957344523451004
TP53BP1-P-T321	1.0210097544417978	0.36023101160071686	2.2894020489334816
TOP2B-P-S1522	1.0210097544417978	0.36023101160071686	2.270636458368453
EYA2-P-S257	1.0016502228289337	0.36727285875505694	2.296201856769421
TP53BP1-P-S1002	-1.0016502228289337	0.36727285875505694	2.2776840998599903
ATRIP-P-S224	1.0016502228289337	0.36727285875505694	2.2594626270611102
SIRT6-P-S303	1.0016502228289337	0.36727285875505694	2.2415303839891965
TOP2B-P-S1441	0.9751977980488548	0.3771177530297424	2.2834925360619835
CLSPN-P-S846	0.9510697053724704	0.38632754569307615	2.320983458109184
BRIP1-P-S128	0.9510697053724704	0.38632754569307615	2.30299133827888
KAT5-P-S90	0.9507396493880689	0.3864550764564594	2.286030413807825
TP53BP1-P-S532	-0.9507396493880689	0.3864550764564594	2.2685797999619637
CDC5L-P-T424	0.9507396493880689	0.3864550764564594	2.251393589356191
PARP4-P-S1722	-0.9507396493880689	0.3864550764564594	2.2344658180076484
TP53BP1-P-S523-S525	0.9507396493880689	0.3864550764564594	2.217790699962815
ATRX-P-S974	-0.947580784457161	0.3876777659836737	2.208327422529223
MPLKIP-P-T51	0.947580784457161	0.3876777659836737	2.1920897208929784
TIMELESS-P-S1149	0.947580784457161	0.3876777659836737	2.1760890659959493
GPS1-P-S474	0.9169506314203493	0.39973612725585006	2.227515085940208
LIG3-P-S853	-0.9119638829564652	0.40173448929760913	2.2225454839558374
FANCD2-P-S1412	0.9084143786038784	0.4031629813355133	2.2145166617643555
ALKBH5-P-S371-S384	0.9084143786038784	0.4031629813355133	2.1988108698369486
ACTB-P-S33	-0.9084143786038784	0.4031629813355133	2.1833262862465475
CHEK2-P-S303	-0.9084143786038784	0.4031629813355133	2.1680582702588094
RIF1-P-S1579	0.8985814436660161	0.4071468109706128	2.174277066919453
FANCD2-P-S592	0.8985814436660161	0.4071468109706128	2.159282052664836
RFC1-P-S69	0.8985814436660161	0.4071468109706128	2.144492449564392
MCM2-P-S27	0.8985814436660161	0.4071468109706128	2.12990406555375
RPA1-P-S38	0.8985814436660161	0.4071468109706128	2.1155128218675756
ACTB-P-S52	-0.8985814436660161	0.4071468109706128	2.101314749237592
RAD9A-P-S328	0.8985814436660161	0.4071468109706128	2.0873059842426747
NUDT5-P-S3	0.8985814436660161	0.4071468109706128	2.0734827658039814
UNG-P-S23	0.8985814436660161	0.4071468109706128	2.059841431818429
ATRX-P-S1527	-0.8985814436660161	0.4071468109706128	2.046378415924191
BOD1L1-P-S2986	0.8985814436660161	0.4071468109706128	2.033090244392216
ATM-P-S1891	0.8985814436660161	0.4071468109706128	2.0199735331380726
HMGN1-P-S7	0.8985814436660161	0.4071468109706128	2.0070249848487256
RAD23B-P-S160	0.8985814436660161	0.4071468109706128	1.994241386219116
KDM4A-P-S520	0.8985814436660161	0.4071468109706128	1.9816196052936785
LIG1-P-T233	-0.8985814436660161	0.4071468109706128	1.9691565889081837
MSH6-P-S137	0.8985814436660161	0.4071468109706128	1.9568493602275077
ABRAXAS1-P-S406	0.8985814436660161	0.4071468109706128	1.9446950163751628
HERC2-P-S1942	0.8982188592534293	0.4072944628244179	1.9333916167406011
ATR-P-S464	-0.8740395975408062	0.41726256730002464	1.968557756157785
MRE11-P-S619	-0.8480020119926431	0.4282697555361954	2.0081673293130136
MAPK8-P-S377	-0.8480020119926431	0.4282697555361954	1.995996618226268
WDR48-P-S373	-0.8480020119926431	0.4282697555361954	1.983972542212857
TERF2IP-P-S154	0.8017936177176024	0.4485237620543577	2.0653579222742575
RFC1-P-T506	0.8017936177176024	0.4485237620543577	2.053064125117863
SMARCA4-P-S1382	0.8017936177176024	0.4485237620543577	2.0409158166852133
BRCA1-P-S1342	-0.8017936177176024	0.4485237620543577	2.028910429528241
XRCC6-P-S27	0.8017936177176024	0.4485237620543577	2.017045456256146
LIG1-P-S229	-0.7878383634050562	0.45482690389880304	2.033499355221974
CLSPN-P-S83	0.7878383634050562	0.45482690389880304	2.021745023688899
SIRT6-P-T294	0.7844971036430437	0.45634914040909164	2.016853384911445
MDC1-P-S299	0.7794761905582563	0.45864619160095893	2.0154224076636424
HMGN1-P-S86	0.7771119012022236	0.45973184680574647	2.008714717009199
UIMC1-P-S677	0.7771119012022236	0.45973184680574647	1.997366046291633
PARP1-P-S75	-0.7771119012022236	0.45973184680574647	1.986144888728197
MCM3-P-S711-T722	0.7771119012022236	0.45973184680574647	1.975049107226922
IDH1-P-S94	0.765686552479472	0.46501456445370337	1.9866455559160996
MCM4-P-T23	0.765686552479472	0.46501456445370337	1.9756696136182206
ACTB-P-S323	-0.765686552479472	0.46501456445370337	1.9648142860708677
MDC1-P-S780	0.765686552479472	0.46501456445370337	1.9540775959830488
WEE1-P-T190	0.765686552479472	0.46501456445370337	1.9434576090483582
EYA2-P-T404	0.765686552479472	0.46501456445370337	1.932952432783232
ACTB-P-S233	-0.765686552479472	0.46501456445370337	1.9225602154026769
PPP4R2-P-S226	0.765686552479472	0.46501456445370337	1.9122791447320744
POLQ-P-S1587	0.765686552479472	0.46501456445370337	1.9021074471537123
ORC1-P-T230	0.7461915484104481	0.4741689679165583	1.9292906684012348
MPLKIP-P-S115	0.7295534262149048	0.4821242460722404	1.951334448576594
MNAT1-P-T51	0.7223852713049332	0.48559260336407123	1.955082261711889
SMARCC1-P-S330	-0.7108245371086893	0.49123898565492957	1.9675144790033376
MCM2-P-S139	0.694283033305185	0.4994323960456601	1.9899663863166457
SMARCA4-P-T1455	0.6758771974429625	0.5087099857317168	2.0164844279777845
RECQL5-P-S491	0.6634951703251646	0.5150480043536767	2.031138027425525
MDC1-P-S1086	0.6575206363950994	0.5181343867989096	2.0328844053487827
CUL4B-P-S146	0.6540376677196313	0.5199421790521703	2.02962200858436
CHAF1A-P-S203	0.6535222707808744	0.5202102247286114	2.020412438466173
TP53BP1-P-S598	-0.6504390702231341	0.5218166123186504	2.0164672104172974
SLX4-P-S228	-0.6504390702231341	0.5218166123186504	2.0063848743652106
PARP4-P-S1507	-0.6504390702231341	0.5218166123186504	1.9964028600648862
NSD2-P-S121	0.6504390702231341	0.5218166123186504	1.9865196775893175
SUMO1-P-S2	0.6504390702231341	0.5218166123186504	1.9767338663696659
HMGN1-P-S89	0.6461918661248415	0.5240375871010146	1.975416198434707
MSH6-P-S261	0.6461918661248415	0.5240375871010146	1.9657800218569765
PIAS1-P-S503	0.6461918661248415	0.5240375871010146	1.9562374003916514
DUT-P-S88	0.6461918661248415	0.5240375871010146	1.946786978167537
POLA1-P-S192	0.6342783121852488	0.5303180743393212	1.9606471113795096
PARP1-P-S177	0.6342783121852488	0.5303180743393212	1.9512660247221916
CDC5L-P-T396	0.6332653843510316	0.530855520428907	1.9439423581420452
PIAS1-P-S488	0.6096621416500647	0.5435344757173334	1.9809384446759686
ACTL6A-P-S233	0.6096621416500647	0.5435344757173334	1.971594395408629
DTL-P-S485	0.6096621416500647	0.5435344757173334	1.9623380836930957
PER1-P-S815	-0.6095701124693348	0.5435844990516	1.9533480363115907
CDC5L-P-T404	0.6095701124693348	0.5435844990516	1.9442626966078158
RBBP8-P-T245	0.6095701124693348	0.5435844990516	1.9352614804198167
TP53BP1-P-S635	0.6095701124693348	0.5435844990516	1.9263432247496792
ACTB-P-T318	0.6095701124693348	0.5435844990516	1.917506787938901
DCTPP1-P-S150	-0.6095701124693348	0.5435844990516	1.908751049181189
BOD1L1-P-S482	0.6095701124693348	0.5435844990516	1.9000749080485473
PPP4R2-P-S364	0.5984227256314834	0.5496779456451063	1.9126802724031076
MPLKIP-P-S40	0.5984227256314834	0.5496779456451063	1.9040645955003908
NUDT5-P-T7	0.5971916807887633	0.5503550405268209	1.8978611038794857
RBBP8-P-S347	0.5870534351215719	0.5559630548106751	1.9086410229884336
TCEA1-P-S57	0.5857375804211524	0.5566951029384655	1.9026601518207997
RNF4-P-T112	0.5704913639821111	0.5652476281266368	1.9233425930503703
TP53BP1-P-T1609	0.5704913639821111	0.5652476281266368	1.9148697181911176
MSH6-P-S830	0.5704913639821111	0.5652476281266368	1.9064711667955425
ABL1-P-S718	-0.5704913639821111	0.5652476281266368	1.8981459651938153
UNG-P-S14	0.5704913639821111	0.5652476281266368	1.8898931566494943
TOP2A-P-S1351-S1354	0.5704913639821111	0.5652476281266368	1.881711800993003
TIMELESS-P-S1087	0.5704913639821111	0.5652476281266368	1.873600974264585
GPS1-P-T479-S483	0.5704913639821111	0.5652476281266368	1.8655597683664535
EP300-P-S2309	0.5704913639821111	0.5652476281266368	1.857587290723862
ATRX-P-S819	0.5704913639821111	0.5652476281266368	1.8496826639548243
TOP2B-P-S1552	0.5704913639821111	0.5652476281266368	1.841845025548236
BAZ1B-P-S347	0.5704913639821111	0.5652476281266368	1.834073527550142
TICRR-P-S292	0.5704913639821111	0.5652476281266368	1.8263673362579147
MSH6-P-S274-S275	0.5704913639821111	0.5652476281266368	1.8187256319221075
BOD1L1-P-S2475	0.5704913639821111	0.5652476281266368	1.8111476084557654
TTK-P-S455	0.5704913639821111	0.5652476281266368	1.8036324731509696
TP53BP1-P-S507	-0.566881613331062	0.567291718228467	1.8026749228003767
SETMAR-P-S410	0.566881613331062	0.567291718228467	1.7952565074802105
ABL1-P-Y185	-0.566881613331062	0.567291718228467	1.7878988988429965
XRCC1-P-S241	0.561939018966865	0.570102551760618	1.7894239277710826
SMARCA4-P-S1484	0.5614667302397307	0.5703718683617164	1.7829917348380484
NBN-P-S347	-0.5606995074168357	0.5708096385888417	1.777136081274572
DBF4-P-T553	0.5590192094888917	0.5717695751056259	1.772946787323493
HMGN1-P-S8	0.5557027903204252	0.5736689505060673	1.7716924616030754
PARP4-P-T101	-0.5557027903204252	0.5736689505060673	1.764605691756663
PAXIP1-P-S235	0.550442192204639	0.5766947440701917	1.7668456501592726
ALKBH5-P-S64-S69	-0.550442192204639	0.5766947440701917	1.759834357896736
PTEN-P-S370	-0.550442192204639	0.5766947440701917	1.7528784908694761
TFPT-P-S180	0.550442192204639	0.5766947440701917	1.7459773944487302
BABAM1-P-S49	0.550442192204639	0.5766947440701917	1.7391304242744214
PARP4-P-S1340	-0.5453241327445506	0.5796538680875958	1.7412258771850044
SAMHD1-P-S278	0.5441084699711759	0.5803589602067588	1.7365604684785896
MPLKIP-P-S47	0.5441084699711759	0.5803589602067588	1.729829613949603
RTEL1-P-S847	0.5441084699711759	0.5803589602067588	1.7231507351312647
ELL-P-S319	0.5377587366450882	0.5840558094196698	1.7274573747835618
MSH6-P-S200	0.536984506473044	0.5845081781456415	1.7221716053409897
XRCC5-P-S175	0.533127311220326	0.58676709405475	1.7222286081225298
ATRX-P-S84	0.533127311220326	0.58676709405475	1.7156802103730144
TP53BP1-P-T922	0.533127311220326	0.58676709405475	1.709181421697359
PARG-P-S197	0.533127311220326	0.58676709405475	1.7027316804834067
RFC1-P-S368	0.533127311220326	0.58676709405475	1.6963304335642961
USP10-P-S576	0.5265540287271224	0.5906367842716983	1.7011224236139926
TOP2B-P-S1236	0.5254988549706604	0.591260337626776	1.6965641777425027
BOD1L1-P-S800	0.5254988549706604	0.591260337626776	1.69025724771372
USP1-P-S475	-0.5254988549706604	0.591260337626776	1.6839970356851508
TOP2B-P-S1375	-0.5254988549706604	0.591260337626776	1.6777830244833605
XRCC6-P-S6	0.5254988549706604	0.591260337626776	1.671614704540407
APBB1-P-S205	0.5254988549706604	0.591260337626776	1.6654915737545448
SAMHD1-P-S33	0.5254988549706604	0.591260337626776	1.6594131373539807
MSH6-P-S9	0.5254988549706604	0.591260337626776	1.6533789077636025
MRE11-P-S688-S689	-0.5254988549706604	0.591260337626776	1.647388404474604
SMARCC1-P-S328-S330	0.5254988549706604	0.591260337626776	1.641441153916934
PARP4-P-S1349	0.5254988549706604	0.591260337626776	1.635536689334499
RAD23B-P-S166	0.5254988549706604	0.591260337626776	1.6296745506630492
RECQL5-P-S488	0.5254988549706604	0.591260337626776	1.6238542844106811
CDC5L-P-T355	0.5254988549706604	0.591260337626776	1.6180754435408922
POLR2A-P-S1861	0.5254988549706604	0.591260337626776	1.6123375873581232
TICRR-P-S1750	-0.5254988549706604	0.591260337626776	1.6066402813957268
REV3L-P-T1167-S1168	0.5165098203789636	0.5965991567199346	1.6154392659071468
NBN-P-S509	-0.5165098203789636	0.5965991567199346	1.6097710579565954
UIMC1-P-S101	0.5165098203789636	0.5965991567199346	1.60414248782388
BABAM1-P-S66	0.5165098203789636	0.5965991567199346	1.59855314117641
EP300-P-S1726	-0.5165098203789636	0.5965991567199346	1.5930026094362142
DBF4-P-S359	0.4991974863489423	0.6070176042105074	1.6152129330030456
TP53BP1-P-S523	0.4991974863489423	0.6070176042105074	1.6096432332340695
RECQL4-P-S323	0.4991974863489423	0.6070176042105074	1.6041118131885916
ATR-P-T1989	0.4991974863489423	0.6070176042105074	1.5986182795817814
MPLKIP-P-S66	0.4991974863489423	0.6070176042105074	1.5931622444978846
CDC25C-P-S125	0.4991974863489423	0.6070176042105074	1.5877433252989122
TRIM25-P-S97	-0.49255929845144664	0.6110605050460036	1.592900096204667
MDC1-P-S955	0.49248243954171295	0.6111074722951054	1.5876406966045138
BOD1L1-P-S2501	0.49248243954171295	0.6111074722951054	1.5822951050334548
APTX-P-S132	0.49248243954171295	0.6111074722951054	1.576985389915893
BAZ1B-P-S330	0.49248243954171295	0.6111074722951054	1.5717111912874115
XPC-P-S884	0.49074294193650714	0.6121714173763683	1.5691993998747573
TFPT-P-S252	0.4805896384416604	0.6184186408774234	1.5799466273579355
POLR2A-P-S1910-S1917	-0.4743270567914179	0.6223036906329987	1.5846077420423048
FANCM-P-S34	0.4740903711130709	0.62245099843629	1.5797518739191652
DDB2-P-T148	0.4740903711130709	0.62245099843629	1.5745553217023258
ATRX-P-S316	0.4701655623218659	0.6248988000214516	1.5755645154639222
TRIM25-P-S100	-0.46381104946698787	0.6288823709007143	1.5804266118387233
ATRX-P-S677	0.46381104946698787	0.6288823709007143	1.5752786424190532
REV3L-P-S1724	0.46381104946698787	0.6288823709007143	1.570164101372238
LIG1-P-T195	-0.4615907581576235	0.6302802242099658	1.5685614641341865
RMI1-P-S225	0.4615907581576235	0.6302802242099658	1.5635015884434311
CLSPN-P-S775	0.45791683628508767	0.6326000833928174	1.564210495591886
ERCC6-P-S158	-0.45409477904938983	0.6350225435605928	1.5651677435836409
MDC1-P-T1302	0.45071433176682235	0.6371728362201384	1.5654501950584232
XRCC6-P-S324	0.45071433176682235	0.6371728362201384	1.5604646848830779
TOP2B-P-T1292	0.45071433176682235	0.6371728362201384	1.5555108287405919
DNPH1-P-S169	0.45071433176682235	0.6371728362201384	1.5505883261179951
RIF1-P-S2393	0.45071433176682235	0.6371728362201384	1.545696880294279
YWHAE-P-S210	0.45071433176682235	0.6371728362201384	1.540836198280775
SMARCAL1-P-S112	0.4506076765613589	0.6372407976440566	1.5361698225337916
RBBP8-P-S568	0.4499234974054221	0.6376769336957021	1.5324173812874842
ATRX-P-S889	-0.4499234974054221	0.6376769336957021	1.5276434953644702
LIG3-P-S913	0.4493360395478911	0.6380516520758198	1.5237941628767249
TICRR-P-S441	-0.44277114313697097	0.6422541745455519	1.5290819202028774
HELB-P-S967	0.4375684837776209	0.6456043114918071	1.5323139368432088
ABL1-P-S569	0.43310530066193137	0.648492201551454	1.5344323169017482
BOD1L1-P-S2973	0.4317271050733335	0.649386566806432	1.5318351836630253
XRCC1-P-S447	0.4317271050733335	0.649386566806432	1.5271506723980006
MPLKIP-P-T10	0.4259621669956206	0.6531410519415277	1.5312971614116915
ALKBH3-P-S50	0.4259621669956206	0.6531410519415277	1.5266427627447867
LIG1-P-S51	-0.4259621669956206	0.6531410519415277	1.522016572554651
SMARCA5-P-S66	-0.41970747904332334	0.6572390478933704	1.526939056888223
USP10-P-S370	0.41970747904332334	0.6572390478933704	1.5223398428614514
PARP4-P-S1223	-0.41970747904332334	0.6572390478933704	1.5177682517417472
MCRS1-P-S282	0.41970747904332334	0.6572390478933704	1.5132240354191673
ORC2-P-T226	0.41970747904332334	0.6572390478933704	1.5087069487462743
POLM-P-S12	0.41970747904332334	0.6572390478933704	1.5042167494940533
HMGN1-P-S21-S25	0.4168590198253327	0.659113835377987	1.504031274200807
RNF168-P-S470	0.41391974143381616	0.6610540043834623	1.5039956490262796
TP53BP1-P-S999	0.41391974143381616	0.6610540043834623	1.4995590836899189
DDB2-P-S24-S26	0.41391974143381616	0.6610540043834623	1.4951486157967133
HMGN1-P-S99	0.41391974143381616	0.6610540043834623	1.4907640157503885
HERC2-P-S1588	0.41391974143381616	0.6610540043834623	1.4864050566400073
RNMT-P-T77	0.41391974143381616	0.6610540043834623	1.4820715142008236
ABL1-P-S884	-0.41391974143381616	0.6610540043834623	1.4777631667758213
MCM2-P-S41	0.41143643785943096	0.6626976421364981	1.4771434400086
MCM4-P-S131	0.41143643785943096	0.6626976421364981	1.4728742393149334
ATRX-P-S1348-S1352	0.4105845182853742	0.6632624477798472	1.469881332399719
MDC1-P-T1671	-0.4073009576848691	0.6654438897095746	1.47047802065133
PARP4-P-S1504	-0.4042943440877453	0.6674476330881013	1.470679741675501
SMARCC1-P-S573	0.4023027074688287	0.6687782708689901	1.4694014008521525
SLX4-P-S1028	-0.39089868790959426	0.6764486849981539	1.4820200534574939
SMARCA4-P-S695	0.39089868790959426	0.6764486849981539	1.477809769214717
KPNA2-P-S62	0.3885386397194836	0.678047021826985	1.4771052685126103
XRCC1-P-S447-T453	0.3885386397194836	0.678047021826985	1.4729326547597497
PRKDC-P-S511	0.3885386397194836	0.678047021826985	1.468783548690004
TP53BP1-P-S1548	0.3884406924416495	0.678113437939602	1.4648012184706571
AURKA-P-S10	-0.38186562214820113	0.6825867715868247	1.4703339701688185
MDC1-P-S1820	0.3767602719925772	0.6860805269008825	1.4737316345999405
RAD18-P-T118	0.37662778442273304	0.6861714300642456	1.469821252700292
TOP2B-P-T1317	0.37662778442273304	0.6861714300642456	1.4657384158872357
SIRT6-P-S326	0.37662778442273304	0.6861714300642456	1.4616781986687115
MDC1-P-T1589	0.3649021260232279	0.6942645979899349	1.4748328062272373
NFRKB-P-S363	-0.3649021260232279	0.6942645979899349	1.4707699059346002
TP53BP1-P-S398	0.3649021260232279	0.6942645979899349	1.4667293292699448
TICRR-P-T566	0.3649021260232279	0.6942645979899349	1.462710892751397
WEE1-P-S139	0.3649021260232279	0.6942645979899349	1.4587144149023494
MDC1-P-T1425	-0.3649021260232279	0.6942645979899349	1.4547397162241413
TICRR-P-S1057	-0.3649021260232279	0.6942645979899349	1.4507866191691845
DNPH1-P-S28	0.3649021260232279	0.6942645979899349	1.4468549481145254
SMARCA5-P-S755	0.3649021260232279	0.6942645979899349	1.4429445293358376
SMARCA4-P-S699	0.3649021260232279	0.6942645979899349	1.4390551909818325
TP53BP1-P-S525	0.35948028475124844	0.6980390133352704	1.442989250685008
FTO-P-S256	0.35948028475124844	0.6980390133352704	1.439120646795772
MCM2-P-T106	-0.359310554951927	0.6981575014121166	1.435516359855395
H2AX-P-Y143	-0.3582329873209835	0.6989102188160586	1.4332318887187976
ORC6-P-T195	0.3582329873209835	0.6989102188160586	1.4294201017807155
ABL1-P-T781	-0.3575607228262379	0.6993802293091655	1.4265872581929664
DNPH1-P-S123	0.3575607228262379	0.6993802293091655	1.4228132178273767
NFRKB-P-S240	0.35063313447111666	0.7042420686082964	1.4289238806326647
POLR2A-P-S1861-S1868	0.34785271758277253	0.7062028798224382	1.4291316173248816
PLK4-P-S665	0.34785271758277253	0.7062028798224382	1.4253806157046063
LIG1-P-S4-S7	-0.34785271758277253	0.7062028798224382	1.4216492528362696
RIF1-P-S1454	0.34785271758277253	0.7062028798224382	1.4179373748915274
FTO-P-T4	0.34785271758277253	0.7062028798224382	1.414244829644414
TP53BP1-P-S1362	0.34785271758277253	0.7062028798224382	1.4105714664505324
TP53BP1-P-S1317	-0.34785271758277253	0.7062028798224382	1.4069171362265673
EP300-P-S499	-0.3465615487994474	0.7071152958503469	1.4050947351651597
DBF4-P-S413	0.3359469612086	0.714661009567072	1.4164286504048411
TFPT-P-T207	-0.33124773912209743	0.71802726356049	1.4194420711517142
USP10-P-S365	0.3312385508621252	0.7180338610119642	1.4158154849184628
BAZ1B-P-S947	0.3279688572784766	0.7203854541195523	1.4168194737031603
ALKBH5-P-S64	0.3273647769150145	0.7208207562920197	1.4140590856851099
BAZ1B-P-S349	0.3273647769150145	0.7208207562920197	1.410460970963265
ATRX-P-S213	-0.32729677954748704	0.720869771872353	1.4069767882483235
TP53BP1-P-S1618	-0.3267901362104569	0.7212350882738846	1.404126032614221
MCM6-P-S13	0.3262796516094861	0.7216033616710799	1.4012954169824758
ATRX-P-S92	0.32144593070155214	0.7250998346069116	1.404538470560995
POLR2A-P-S1917	0.32132658262188984	0.7251863790440889	1.4011766971982522
PARP4-P-S1434	-0.32132658262188984	0.7251863790440889	1.3976649761526425
TRIM25-P-S433	0.32132658262188984	0.7251863790440889	1.3941708137122608
CHAF1A-P-S141	0.32132658262188984	0.7251863790440889	1.390694078515971
BOD1L1-P-S2954	0.32132658262188984	0.7251863790440889	1.3872346405097122
SAMHD1-P-S102	-0.32132658262188984	0.7251863790440889	1.3837923709302837
SMARCA4-P-S1663	0.32132658262188984	0.7251863790440889	1.3803671422893673
MUS81-P-S101	-0.32132658262188984	0.7251863790440889	1.3769588283577885
RAD50-P-S635	-0.31272400128890226	0.7314517644563904	1.3854344996723256
ABL1-P-Y393	-0.31272400128890226	0.7314517644563904	1.3820304837026147
RNF168-P-S134	-0.2972412991015913	0.7428647381395383	1.4001543716404534
PER1-P-S704	0.2972412991015913	0.7428647381395383	1.3967310113185942
MPLKIP-P-S93	0.2972412991015913	0.7428647381395383	1.393324350315378
TERF2-P-S365	0.29642833531596335	0.7434689058192128	1.3910646923965317
LIG1-P-S66	-0.29642833531596335	0.7434689058192128	1.3876883217839189
ASCC1-P-S67	0.29642833531596335	0.7434689058192128	1.384328301634321
TERF2IP-P-S203	0.29642833531596335	0.7434689058192128	1.380984513466122
RPA1-P-S135	0.29642833531596335	0.7434689058192128	1.3776568399396978
TP53BP1-P-S1101	0.29642833531596335	0.7434689058192128	1.3743451648436888
TOP2B-P-S1550-S1552	-0.29421883669941223	0.7451134154399096	1.374082053892783
ACTB-P-S368	0.29371349311565986	0.7454900488802011	1.3714876736575947
RIF1-P-S2348	0.29371349311565986	0.7454900488802011	1.3682144333863355
SMARCA5-P-S137	-0.29371349311565986	0.7454900488802011	1.364956779973511
NBN-P-S397	-0.28488063099240246	0.7521040268725436	1.3737957165439099
CHEK1-P-S301	0.2842905019563925	0.752547996283637	1.3713493107633101
RECQL4-P-S251	0.2842905019563925	0.752547996283637	1.3681073502177705
XRCC4-P-S260	-0.2842905019563925	0.752547996283637	1.364880681938955
RAD23A-P-S205	0.2787607525538755	0.7567209251084323	1.3692197444903162
TCEA1-P-S135	0.27442278381160184	0.7600106871116608	1.3719441746217538
TERF2IP-P-S36	0.27442278381160184	0.7600106871116608	1.368731190606246
TP53BP1-P-S1460	0.27442278381160184	0.7600106871116608	1.3655332205347361
ATRX-P-S875	0.27197565667197676	0.7618728073837595	1.365688085962963
NHEJ1-P-S287	0.271825769384082	0.7619870109911997	1.3627163057028664
XRCC6-P-S2	-0.26780377519413956	0.7650578897107466	1.3650336825697544
TOP2A-P-S1354	0.26723334619227646	0.7654944254136175	1.3626509563497033
RAD9A-P-S387	0.2575756744195907	0.772923133590787	1.3726972049222061
UFD1-P-S229	0.2575756744195907	0.772923133590787	1.369534308136671
NBN-P-S343	-0.2534908204729573	0.7760868690028404	1.3719788557774353
XRCC1-P-S266	0.2512069201612205	0.7778613996991371	1.3719619641482488
TP53BP1-P-S294	0.2508734421100069	0.7781208426596852	1.369279011453771
MDC1-P-S453	0.2508734421100069	0.7781208426596852	1.3661528036650636
TOP2A-P-S1374	-0.25060372781866935	0.778330741276394	1.3634085194568268
BRCA2-P-S2095	0.24941308197620413	0.7792580094520125	1.3619304756104493
TOP2B-P-S1581	-0.24941308197620413	0.7792580094520125	1.3588421978879766
CDC25C-P-S173	0.24941308197620413	0.7792580094520125	1.3557678942728455
BABAM1-P-S29	0.24941308197620413	0.7792580094520125	1.3527074701322748
SMARCAL1-P-S129	-0.24941308197620413	0.7792580094520125	1.3496608316860308
RIF1-P-S2172	0.24941308197620413	0.7792580094520125	1.3466278859968488
REV3L-P-S1967	0.24941308197620413	0.7792580094520125	1.3436085409609813
H2AX-P-S140	0.24932493100080863	0.7793267048333684	1.3407208859437592
ACTB-P-S365	0.24932493100080863	0.7793267048333684	1.3377282053947774
RPA1-P-T180	0.24932493100080863	0.7793267048333684	1.3347488552714037
RECQL4-P-S27	0.24932493100080863	0.7793267048333684	1.331782746704134
BOD1L1-P-S3019	-0.24932493100080863	0.7793267048333684	1.3288297916116636
GPS1-P-S468	0.24932493100080863	0.7793267048333684	1.3258899026921689
TOP2B-P-S1336	-0.24932493100080863	0.7793267048333684	1.3229629934147027
GPS1-P-S483	0.24932493100080863	0.7793267048333684	1.3200489780107056
SLX4-P-S1469	-0.24932493100080863	0.7793267048333684	1.317147771465627
USP1-P-S313	0.24932493100080863	0.7793267048333684	1.3142592895106586
MCM2-P-S381	0.24924125961050156	0.7793919149103361	1.3114931784815065
BRCA1-P-S1009	-0.24897540061214754	0.7795991508107032	1.3089776134791065
BAZ1B-P-S1468	-0.24695548973113943	0.7811754630874589	1.3087667344537164
VCP-P-S3	-0.24695548973113943	0.7811754630874589	1.305921589378817
TP53BP1-P-S119	0.24695548973113943	0.7811754630874589	1.3030887876664985
PIAS1-P-S485	0.24695548973113943	0.7811754630874589	1.300268249165056
TOP1-P-S112	-0.24695548973113943	0.7811754630874589	1.2974598944152393
RTEL1-P-S779	0.24695548973113943	0.7811754630874589	1.2946636446427928
TP53BP1-P-S552	-0.24695548973113943	0.7811754630874589	1.2918794217510878
HERC2-P-S1577	0.24695548973113943	0.7811754630874589	1.2891071483138536
BOD1L1-P-S3029	0.24695548973113943	0.7811754630874589	1.2863467475679997
TCEA1-P-S81	-0.24695548973113943	0.7811754630874589	1.2835981434065296
ATRX-P-S1348	0.24695548973113943	0.7811754630874589	1.2808612603715477
TP53BP1-P-S640	0.24695548973113943	0.7811754630874589	1.278136023647353
NBN-P-S432	0.24695548973113943	0.7811754630874589	1.2754223590536218
RAD23A-P-S92	-0.24695548973113943	0.7811754630874589	1.2727201930386776
ALKBH5-P-S371	0.24695548973113943	0.7811754630874589	1.2700294526728453
MCM4-P-S120	0.24695548973113943	0.7811754630874589	1.26735006564189
BAZ1B-P-S345	0.2434853851380407	0.7838909324063243	1.269078162148344
BOD1L1-P-S2203	-0.2382630860569267	0.7879953532307579	1.27304291309759
BARD1-P-T299	0.2382630860569267	0.7879953532307579	1.2703740600302995
TP53BP1-P-S809	0.2382630860569267	0.7879953532307579	1.2677163737122443
TP53BP1-P-S862	0.2382630860569267	0.7879953532307579	1.2650697842055383
MDC1-P-S453-T455	0.2382630860569267	0.7879953532307579	1.2624342221551101
TP53BP1-P-S1094	0.2382630860569267	0.7879953532307579	1.2598096187826462
KDM4B-P-S622	-0.2382630860569267	0.7879953532307579	1.2571959058806075
RRM2-P-S20	0.23717410065518088	0.7888539360743124	1.2559599934599301
TP53BP1-P-S1068	0.23717410065518088	0.7888539360743124	1.2533650347957566
MDC1-P-T1239	0.23717410065518088	0.7888539360743124	1.250780776992054
TOP2A-P-S1377	-0.23717410065518088	0.7888539360743124	1.248207153994128
HMGN1-P-S25	0.23006002815450002	0.7944859095489618	1.2545372986512353
MAPK8-P-T183	0.22906914604408618	0.795273541584512	1.2532076915542822
PPP4R2-P-T173	0.22906914604408618	0.795273541584512	1.2506448946390385
MCM6-P-S271	0.22906914604408618	0.795273541584512	1.248092558119367
TICRR-P-T1105	0.22906914604408618	0.795273541584512	1.2455506180824638
MPG-P-T67	0.22906914604408618	0.795273541584512	1.2430190111351418
MNAT1-P-S279	-0.22906914604408618	0.795273541584512	1.2404976743985594
TRIM25-P-T91	0.22713239583905553	0.7968152802786753	1.24038653954312
UNG-P-S12	0.2270757181769775	0.7968604431857215	1.2379508703228683
BOD1L1-P-S2780	-0.2270757181769775	0.7968604431857215	1.2354550016327013
SAMHD1-P-T25	0.2270757181769775	0.7968604431857215	1.232969176679718
ATRX-P-S598	-0.22540302535664783	0.7981944613180815	1.232553294685953
UFD1-P-S129	-0.22225886962531033	0.8007080585081371	1.233956907801117
SMARCA5-P-T113	0.22041074538175767	0.8021892347603568	1.2337670430614287
DNPH1-P-S128	-0.22041074538175767	0.8021892347603568	1.2313044341930426
MRE11-P-S649	-0.21996186840612364	0.8025493998668065	1.2294033635409845
ATRX-P-S25	-0.21996186840612364	0.8025493998668065	1.2269592216651575
RIF1-P-S2234	0.21996186840612364	0.8025493998668065	1.2245247787650282
RIF1-P-S782	0.21996186840612364	0.8025493998668065	1.2220999772229193
ELL-P-S442	0.21996186840612364	0.8025493998668065	1.219684759876629
HMGN1-P-T83	0.21996186840612364	0.8025493998668065	1.2172790700149392
SMARCC1-P-S830	0.21996186840612364	0.8025493998668065	1.2148828513731775
MCM4-P-S326	-0.21996186840612364	0.8025493998668065	1.2124960481288294
POLD2-P-S15	0.21742055525915321	0.8045915229458467	1.213197806167365
TP53BP1-P-S1114	-0.21742055525915321	0.8045915229458467	1.2108236421631235
USP7-P-S18	0.21577572350890112	0.8059160296254738	1.2104480991835729
MDC1-P-T1157	0.21347596969986946	0.8077715709106246	1.210870054639903
MTOR-P-S2481	-0.21274576950956908	0.8083616212666463	1.2093970559417335
PARP4-P-S1186	-0.21274576950956908	0.8083616212666463	1.2070487121437885
MDC1-P-S998	0.21123028734418306	0.8095876076324525	1.2065365702894497
TOP1-P-S394	0.20341839318779018	0.8159367876060132	1.213646788528093
MPLKIP-P-S133	-0.20341839318779018	0.8159367876060132	1.2113038410598922
TP53BP1-P-S993	-0.20090395851753132	0.8179909888486345	1.212013623168786
TP53BP1-P-S63	-0.19786916366598936	0.8204771943438602	1.213359543173901
RIF1-P-S2144	0.19786916366598936	0.8204771943438602	1.2110306381006304
HERC2-P-S2928	0.19718339423389095	0.821040045494474	1.2095398371364952
TERF1-P-T344	0.19718339423389095	0.821040045494474	1.2072271414631939
LIG3-P-S210	-0.19476336788733561	0.8230293901985581	1.2078427501196396
CCNH-P-T315	-0.19445636552157256	0.8232821009578573	1.2059122583554138
ACTB-P-S199	-0.19431788415082255	0.8233961180861538	1.203786339939643
XRCC6-P-S520	0.19431788415082255	0.8233961180861538	1.2015021153856777
NFRKB-P-S1303	-0.19431788415082255	0.8233961180861538	1.1992265431974474
PPP4R2-P-S159	0.19431788415082255	0.8233961180861538	1.196959574306715
TOP2A-P-S1106	0.19431788415082255	0.8233961180861538	1.1947011600155701
PIAS1-P-S510	0.19431788415082255	0.8233961180861538	1.192451251992942
BABAM1-P-S44	0.19431788415082255	0.8233961180861538	1.1902098022711507
ERCC6L-P-S820	0.19431788415082255	0.8233961180861538	1.1879767632424996
BABAM1-P-S62	0.19431788415082255	0.8233961180861538	1.1857520876559031
MBD4-P-S422	0.19431788415082255	0.8233961180861538	1.1835357286135555
MDC1-P-S168	0.19353704333024313	0.824039310469416	1.1822504286398898
TP53BP1-P-S1705	-0.19353704333024313	0.824039310469416	1.1800488449738937
RMI1-P-S284	0.19353704333024313	0.824039310469416	1.1778554456337935
MTOR-P-S1261	0.19353704333024313	0.824039310469416	1.175670185066755
TTK-P-S436	0.19353704333024313	0.824039310469416	1.1734930180573722
NSD2-P-S437	0.1910406421712808	0.8260990130113335	1.174251646960657
EYA4-P-S274	-0.1910406421712808	0.8260990130113335	1.1720851310068552
USP1-P-S292	0.18849788105261686	0.8282022583537908	1.172905224077468
LIG1-P-S76	-0.18509221506398837	0.8310276470509973	1.1747431260702517
PKMYT1-P-S479	0.1825273631860079	0.8331618456538579	1.1755990079042506
SMARCC1-P-S328	0.1825273631860079	0.8331618456538579	1.1734458961681624
ATRX-P-S1352	0.1825273631860079	0.8331618456538579	1.1713006568698658
TICRR-P-S1303	0.1825273631860079	0.8331618456538579	1.1691632469120743
CHAF1A-P-S775	-0.18185558682854713	0.8337217321218969	1.1678178724986135
HMGN1-P-S86-S89	-0.18185558682854713	0.8337217321218969	1.1656945672758887
ATRX-P-S1061	-0.18113487886150245	0.8343228185944223	1.1644178720492027
POLR2A-P-S1875-S1882	-0.17927231073219968	0.8358782497844973	1.1644753153700698
CUL4B-P-S61	-0.17927231073219968	0.8358782497844973	1.162369573389292
POLR2A-P-T1919	0.17927231073219968	0.8358782497844973	1.1602714333651236
TOP2B-P-S1473	-0.17927231073219968	0.8358782497844973	1.158180854205907
TICRR-P-S1001	0.17927231073219968	0.8358782497844973	1.1560977951156088
FAAP100-P-S667	-0.17927231073219968	0.8358782497844973	1.1540222155911641
PPP4C-P-S47	0.17927231073219968	0.8358782497844973	1.1519540754198538
EXO1-P-S815	0.17927231073219968	0.8358782497844973	1.1498933346767057
PRKDC-P-S4026	0.17927231073219968	0.8358782497844973	1.147839953721926
PARP4-P-S1713	0.17927231073219968	0.8358782497844973	1.1457938931983573
TP53BP1-P-S630	0.17927231073219968	0.8358782497844973	1.1437551140289652
SMARCAL1-P-S151	-0.17927231073219968	0.8358782497844973	1.141723577414349
WRN-P-S1133	0.17927231073219968	0.8358782497844973	1.139699244830281
MEN1-P-S548	0.17927231073219968	0.8358782497844973	1.1376820780252717
BLM-P-T171	-0.17678297133812637	0.8379616264803182	1.138502633857535
APEX1-P-T19	-0.17678297133812637	0.8379616264803182	1.136494692704347
TTK-P-S821	-0.17525411801935822	0.8392437267158321	1.1362296229656248
RPA2-P-S238	-0.1746982769022832	0.8397103425565093	1.1348633627872684
CDC6-P-S54	0.17217418425839381	0.8418325264227866	1.1357354610861805
XPC-P-S61	0.17001439203009888	0.8436526746343238	1.1361977351905344
SAMHD1-P-S18	0.17001439203009888	0.8436526746343238	1.1342113755136276
UBXN1-P-S132	0.1696119368605519	0.84399227534698	1.1326877133365227
TINF2-P-S295	0.1696119368605519	0.84399227534698	1.1307143897941248
RBBP8-P-S163	0.1696119368605519	0.84399227534698	1.1287479299857872
ABL1-P-S16	-0.1696119368605519	0.84399227534698	1.1267882981628952
UFD1-P-S247	0.16625357091259055	0.8468314751322656	1.128619418330524
YY1-P-S118	0.15842039940936456	0.8534908994667376	1.1355268195327357
TFPT-P-S249	0.1537870671427475	0.8574545818282424	1.1388300059169576
BRCA2-P-S844	-0.1537870671427475	0.8574545818282424	1.1368665059067558
MUS81-P-S95	-0.1537870671427475	0.8574545818282424	1.134909764932734
SAMHD1-P-T592	0.1537870671427475	0.8574545818282424	1.132959748154499
UBC-P-S57	-0.1537870671427475	0.8574545818282424	1.1310164209707005
FAAP100-P-S877	0.1537870671427475	0.8574545818282424	1.1290797490169835
USP10-P-T74	0.1537870671427475	0.8574545818282424	1.127149698163963
ACTB-P-Y294	-0.1537870671427475	0.8574545818282424	1.125226234515219
TP53BP1-P-S1430	0.1537870671427475	0.8574545818282424	1.1233093244053125
TP53BP1-P-T302	0.1537870671427475	0.8574545818282424	1.1213989343978203
MDC1-P-T1280	-0.1537870671427475	0.8574545818282424	1.119495031283393
MCM4-P-S26	0.1537870671427475	0.8574545818282424	1.117597582077828
POLR2A-P-T1870	-0.1537870671427475	0.8574545818282424	1.1157065540201665
MDC1-P-S495	-0.1537870671427475	0.8574545818282424	1.1138219145708081
SLX4-P-T1315	-0.1537870671427475	0.8574545818282424	1.1119436314096431
WDHD1-P-S407	0.1537870671427475	0.8574545818282424	1.1100716724342061
PARG-P-S137	0.1537870671427475	0.8574545818282424	1.108206005757846
BARD1-P-S330	-0.1537870671427475	0.8574545818282424	1.1063465997079167
PARG-P-S302	0.15365135342715727	0.8575709580722398	1.1046433279020977
CDK1-P-T161	0.15365135342715727	0.8575709580722398	1.1027960982567766
MDC1-P-S1814	0.15365135342715727	0.8575709580722398	1.100955036323126
XRCC4-P-S320	0.15365135342715727	0.8575709580722398	1.0991201112625872
VCP-P-S702	0.15365135342715727	0.8575709580722398	1.097291292441851
RTEL1-P-S882	-0.15365135342715727	0.8575709580722398	1.0954685494311502
POLR2A-P-S1882	0.15365135342715727	0.8575709580722398	1.0936518520025744
TOP2A-P-S4	-0.15353591782066903	0.8576699580098406	1.0919672147509394
TTK-P-S281	0.15353591782066903	0.8576699580098406	1.0901623102637477
PARG-P-S286	0.1524537476475286	0.8585986052433385	1.0895417944424544
POLR2C-P-S124	0.1486813057295034	0.8618437357972425	1.0918580441978245
ATRX-P-S1995-S1996	0.1486813057295034	0.8618437357972425	1.0900622250461833
TFPT-P-S167	0.1486813057295034	0.8618437357972425	1.0882723034943833
CUL4A-P-S10	0.14564728017984133	0.8644625624960989	1.0897896894418033
EP300-P-S2320-S2328	0.14564728017984133	0.8644625624960989	1.0880060729288052
GPS1-P-T479	-0.14564728017984133	0.8644625624960989	1.0862282852279412
NSD2-P-T110	0.1410589206859853	0.8684381412191664	1.0894436061950064
UBA7-P-S24	0.1410589206859853	0.8684381412191664	1.0876692680741677
TOP2B-P-S1613	-0.14062193424428435	0.8688177198416507	1.0863753277369583
XPC-P-S94	0.14062193424428435	0.8688177198416507	1.0846117314256971
TP53BP1-P-S1028	0.14062193424428435	0.8688177198416507	1.082853851796158
EP300-P-T887	-0.14062193424428435	0.8688177198416507	1.0811016610974586
SMARCA4-P-S1659-S1663	-0.13744082927159573	0.8715859208452038	1.0827941407592274
TP53BP1-P-T1372	-0.13720899744855614	0.871788005622105	1.0812983489087076
TOP2B-P-S1466-S1476	-0.1344782312962083	0.8741719082587828	1.0825091746392979
TOP2A-P-S1525	-0.1297795637798646	0.8782890162941017	1.085858928505087
POLA1-P-S215	-0.1297795637798646	0.8782890162941017	1.0841159767739392
TP53BP1-P-S727	0.1297795637798646	0.8782890162941017	1.0823786114265452
TOPBP1-P-S817	-0.12323104480189043	0.884059381638017	1.087746663167416
TICRR-P-S599	0.12323104480189043	0.884059381638017	1.0860090486895129
ACTB-P-S239	-0.12206822648208852	0.8850879800033886	1.0855385273087812
TP53BP1-P-S580	-0.12185108337306695	0.8852801916270837	1.0840453301930373
TOP2A-P-S1247	0.12185108337306695	0.8852801916270837	1.082321887696705
LIG1-P-S819	-0.12185108337306695	0.8852801916270837	1.0806039164463925
USP10-P-S211	0.12185108337306695	0.8852801916270837	1.0788913904298374
TICRR-P-T1134	0.12185108337306695	0.8852801916270837	1.0771842837994103
RPA1-P-S384	0.12185108337306695	0.8852801916270837	1.0754825708708173
RNF8-P-S157	-0.12140384114762984	0.8856762148626778	1.0742665760716077
EP300-P-S12	-0.12140384114762984	0.8856762148626778	1.0725748176840932
MBD4-P-S387	0.12140384114762984	0.8856762148626778	1.0708883792915083
BAP1-P-S395	0.12140384114762984	0.8856762148626778	1.0692072358389313
RFC1-P-S190	-0.11853536249784873	0.8882204054092598	1.0705979494666469
TP53BP1-P-S771	-0.11734386237336634	0.8892793508744199	1.070196902695507
PRKDC-P-S2624	-0.11413921905411205	0.8921337452202125	1.0719544532411616
MRE11-P-S667	0.10395433910937966	0.9012664491104388	1.081238532552149
CHAF1A-P-S199	0.10395433910937966	0.9012664491104388	1.0795543603830646
TP53BP1-P-S1678	0.10395433910937966	0.9012664491104388	1.0778754266966213
BOD1L1-P-S2753	0.10395433910937966	0.9012664491104388	1.0762017070899494
ERCC6L-P-S1069	-0.10312019984138802	0.9020185444790971	1.075429861557249
TP53BP1-P-S265	-0.10153953588256663	0.9034454601225131	1.0754637133656542
MCRS1-P-S85	0.10153953588256663	0.9034454601225131	1.0738014819694168
EP300-P-S1038	-0.0987746040705789	0.9059468817521391	1.0751128889928936
SOX4-P-S354	-0.09458856067551749	0.909747163235028	1.0779592735404262
DTL-P-S490	-0.0944793382884325	0.9098465334184659	1.0764184372289234
MDC1-P-S1033	0.0944793382884325	0.9098465334184659	1.0747649526863292
POLA1-P-T225	0.0944793382884325	0.9098465334184659	1.073116540182209
BOD1L1-P-S538	-0.09445384039088832	0.9098697328879235	1.0715004970762836
POLD3-P-S458	0.09288733666185009	0.9112961641807038	1.0715393734785341
TP53BP1-P-S222	0.09203832318276829	0.912070195442521	1.0708121836569444
MDC1-P-S505	0.08794833530319879	0.9158081904535782	1.0735617354554903
CLSPN-P-S1289	-0.08716789147264438	0.9165232062843433	1.0727646052247488
MDC1-P-S108	0.08681572776209785	0.9168460293374161	1.071511544924731
LIG1-P-S66-S76	0.08681572776209785	0.9168460293374161	1.0698855789992003
RAD9A-P-S375	0.08681572776209785	0.9168460293374161	1.068264540243141
XPC-P-S883-S884	-0.08681572776209785	0.9168460293374161	1.0666484062942103
ATRX-P-S849	0.08681572776209785	0.9168460293374161	1.0650371549251858
RFC1-P-S156	-0.08681572776209785	0.9168460293374161	1.0634307640429457
EXO1-P-S610	-0.08681572776209785	0.9168460293374161	1.0618292116874593
SAMHD1-P-T21	-0.08681572776209785	0.9168460293374161	1.0602324760307864
RIF1-P-S2161	0.08681572776209785	0.9168460293374161	1.0586405353760855
ATRX-P-S729	0.08556459524234647	0.9179938431041643	1.0583767096658205
DBF4-P-S381	0.08556459524234647	0.9179938431041643	1.0567923133938657
POLR2A-P-S1920	-0.08556459524234647	0.9179938431041643	1.0552126537325894
UFD1-P-S299	-0.08556459524234647	0.9179938431041643	1.053637709473287
TP53BP1-P-S1426-S1430	-0.08556459524234647	0.9179938431041643	1.0520674595336845
PMS2-P-S529	-0.08556459524234647	0.9179938431041643	1.0505018829569974
RAD18-P-S99	0.08556459524234647	0.9179938431041643	1.048940958910999
NBN-P-S604	0.08556459524234647	0.9179938431041643	1.0473846666870954
DDB1-P-T833-Y837	-0.08556459524234647	0.9179938431041643	1.0458329856994109
COPS5-P-S284	-0.08556459524234647	0.9179938431041643	1.0442858954838792
GPS1-P-S240	-0.08556459524234647	0.9179938431041643	1.0427433756973445
CDC5L-P-T385	0.08556459524234647	0.9179938431041643	1.04120540611667
RCHY1-P-S257	-0.08500278603190624	0.9185097254004915	1.0402562280308953
CLK2-P-S17	-0.08500278603190624	0.9185097254004915	1.0387264394602616
RIF1-P-S2465	0.08361559727130927	0.9197847559176064	1.0386409358306012
RFC1-P-S108	-0.07826917732462572	0.9247154806006329	1.0426777193282797
POLR2A-P-S1889	0.07826917732462572	0.9247154806006329	1.041151104805105
RPA1-P-S174	-0.0733378310360101	0.9292868350559186	1.0447683861959085
POLE3-P-S122	-0.07289703092282257	0.9296965550936802	1.0437031399518832
PARG-P-S291	0.07289703092282257	0.9296965550936802	1.0421817068032653
SLX4-P-S1123	0.06815202620564895	0.9341184522980794	1.0456143956582578
RAD23B-P-T155	-0.06815202620564895	0.9341184522980794	1.0440946072924753
TP53BP1-P-S1094-S1101	0.06815202620564895	0.9341184522980794	1.042579230503952
ACTB-P-T249	-0.06640811695802071	0.9357488913610919	1.042885358632869
KDM4A-P-S410	0.06640811695802071	0.9357488913610919	1.0413761178823149
BOD1L1-P-S2905	0.06640811695802071	0.9357488913610919	1.039871239099248
SAMHD1-P-S6	-0.06640811695802071	0.9357488913610919	1.0383707034006922
CDT1-P-S31	0.0658623716576513	0.9362597112969893	1.0374405158319664
CLK2-P-S97	0.0658623716576513	0.9362597112969893	1.0359477956653018
TP53BP1-P-T1638	0.06385287835093859	0.9381430105250419	1.036540194100226
CLK2-P-S75	-0.06385287835093859	0.9381430105250419	1.0350530489150032
MCM3-P-S672-T674	-0.06377689437046069	0.9382142970735227	1.0336487026497692
PARP4-P-S1236	-0.06377689437046069	0.9382142970735227	1.0321699491409713
MDC1-P-T1343	0.06377689437046069	0.9382142970735227	1.0306954206421985
LIG1-P-S201	-0.06377689437046069	0.9382142970735227	1.0292250990720955
PTEN-P-S294	-0.06377689437046069	0.9382142970735227	1.0277589664523346
CUL4B-P-S193	0.06377689437046069	0.9382142970735227	1.0262970049068834
XRCC6-P-T455	-0.06377689437046069	0.9382142970735227	1.0248391966612769
TP53BP1-P-S484	-0.06377689437046069	0.9382142970735227	1.0233855240418992
RIF1-P-S7	-0.06377689437046069	0.9382142970735227	1.0219359694752677
TOPBP1-P-S888	0.06377689437046069	0.9382142970735227	1.0204905154873252
TICRR-P-S1045	0.06377689437046069	0.9382142970735227	1.0190491447027386
DCLRE1A-P-S111	-0.06377689437046069	0.9382142970735227	1.0176118398442016
PNKP-P-S114-T118	0.06377689437046069	0.9382142970735227	1.016178583731745
FEN1-P-Y152-S157-S162	0.05507547515270186	0.9464137145381699	1.0236176462445186
XRCC6-P-S477	-0.053610474732982534	0.9478012271323032	1.0236785725628388
ERCC4-P-S693-S697	-0.053610474732982534	0.9478012271323032	1.0222428382394686
KAT5-P-S155	0.053610474732982534	0.9478012271323032	1.02081112558087
PARG-P-S316	0.053610474732982534	0.9478012271323032	1.0193834177129246
CHAF1A-P-S772	-0.053610474732982534	0.9478012271323032	1.0179596978557837
ERCC6L-P-S971	-0.053610474732982534	0.9478012271323032	1.0165399493232095
MDC1-P-S498	-0.053610474732982534	0.9478012271323032	1.0151241555219237
SAMHD1-P-S18-T21	-0.053610474732982534	0.9478012271323032	1.0137122999509613
KDM4B-P-S566	0.053610474732982534	0.9478012271323032	1.0123043662010294
MCM6-P-S762	0.05302232267432964	0.9483588423404268	1.0114950759497756
TICRR-P-T1633	-0.05203176712355959	0.9492987098744805	1.0110951632873622
PRKDC-P-S3205	0.05203176712355959	0.9492987098744805	1.0096966914155954
BOD1L1-P-T2956	-0.05060262556060161	0.9506563620239044	1.00974411933202
TOP2B-P-S1452	0.04904582734400043	0.9521374947661676	1.0099223910002522
KAT5-P-S199	0.040048127049092413	0.9607432003044962	1.017646723187545
TP53BP1-P-S500	-0.040048127049092413	0.9607432003044962	1.016246934022225
MCM4-P-T110	-0.040048127049092413	0.9607432003044962	1.0148509904315353
NEIL1-P-S306	-0.040048127049092413	0.9607432003044962	1.0134588765900654
TP53BP1-P-S1656	-0.040048127049092413	0.9607432003044962	1.01207057675912
TOP2B-P-S1400-S1413	0.040048127049092413	0.9607432003044962	1.0106860752861253
TOP2B-P-S1476	-0.0362711717895151	0.9643787457122921	1.013124665919061
TP53BP1-P-S1426	-0.03603280623044911	0.9646086477904453	1.0119836973408627
TOP2B-P-S1449	0.03493675471132696	0.9656664881820973	1.011713255329745
BAZ1B-P-S361	-0.03132304054290298	0.9691624437400267	1.0139944479402456
CDK7-P-S164	0.030836297991777395	0.9696342911651418	1.0131097417201007
RIF1-P-S2176	-0.019003398601216925	0.981176027611098	1.0237779718221633
TOP2A-P-S1213	0.01854873403978319	0.9816222350090399	1.0228556893251377
MDC1-P-S544	-0.01854873403978319	0.9816222350090399	1.0214715814911388
TOP2B-P-S1454	-0.01854873403978319	0.9816222350090399	1.0200912144891239
ACTB-P-S60	-0.01854873403978319	0.9816222350090399	1.0187145731740237
PLK4-P-S401	-0.01854873403978319	0.9816222350090399	1.0173416424824147
TP53BP1-P-S1462	-0.01854873403978319	0.9816222350090399	1.0159724074319672
SLX4-P-S1044	-0.01854873403978319	0.9816222350090399	1.0146068531209027
SMARCC1-P-S357	0.01854873403978319	0.9816222350090399	1.0132449647274517
RIF1-P-S1008	0.01854873403978319	0.9816222350090399	1.0118867275093186
SLX4-P-S467	-0.01854873403978319	0.9816222350090399	1.0105321268031482
NBN-P-T497	0.01854873403978319	0.9816222350090399	1.0091811480239994
EME1-P-S87	-0.01854873403978319	0.9816222350090399	1.007833776664822
INO80E-P-S193	0.01854873403978319	0.9816222350090399	1.0064899982959354
KAT5-P-T158	-0.01819592908540698	0.9819686172959775	1.0055044829568665
SMARCA4-P-S1453	0.016029218292459596	0.9840985659555052	1.006345475026308
BOD1L1-P-S266	0.01580637567951909	0.9843178894877406	1.0052330106455147
ATRX-P-S703	-0.015430967628311584	0.9846874797176353	1.0042767531868189
BOD1L1-P-S1531	-0.015430967628311584	0.9846874797176353	1.0029465853018034
TP53BP1-P-S366	0.015430967628311584	0.9846874797176353	1.0016199363794465
SAMHD1-P-S583	0.015430967628311584	0.9846874797176353	1.0002967924740573
SMARCAL1-P-S198	-0.013725953165757634	0.986367818205289	1.0006818630605108
TOPBP1-P-T822	-0.010300456671361294	0.9897524113551467	1.0027926275785346
CDC25C-P-T48	-0.010300456671361294	0.9897524113551467	1.0014731635948786
CDT1-P-S318	-0.010300456671361294	0.9897524113551467	1.0001571673220864
RAD18-P-S471	-0.007135751742892161	0.9928896472839516	1.0020106807891846
TOP2B-P-S1424	0.007135751742892161	0.9928896472839516	1.0006974295692774
XPC-P-S903	0.007135751742892161	0.9928896472839516	0.9993876161797889
SLX4-P-S601	0.007135751742892161	0.9928896472839516	0.998081227139031
CUL4B-P-S28	-0.005987607842988345	0.994030282156942	0.9979233511471128
ABL1-P-T852	-0.005987607842988345	0.994030282156942	0.99662227767756
TP53BP1-P-T591	-0.005987607842988345	0.994030282156942	0.9953245924201672
POLR2A-P-S1875	0.005987607842988345	0.994030282156942	0.994030282156942

Data type: org.panda.causalpath.data.ProteinData
Row ID	Change amount	P-value	Q-value
ORC2-G	8.080516899388982	3.095110080122304E-4	0.09006770333155906
LRWD1-G	6.7449434614596555	0.001176815212847755	0.17122661346934834
SOD1-G	6.7449434614596555	0.001176815212847755	0.11415107564623223
SUMO2-G	6.7449434614596555	0.001176815212847755	0.08561330673467417
UNG-G	4.850146799054917	0.007827228435146502	0.45554469492552646
YY1-G	4.219060063341574	0.014712466794721926	0.7135546395440134
XPA-G	4.1303591949334315	0.016077102971390703	0.6683481378106706
CDK6-G	-4.128890818767062	0.016100727546855133	0.5856639645168554
UIMC1-G	4.128890818767062	0.016100727546855133	0.5205901906816492
RPS27A-G	4.00835516072072	0.018163246300924512	0.5285504673569033
BRCC3-G	3.9263906670014648	0.019714701214560183	0.5215434594033649
DTYMK-G	3.838007198165356	0.021536476539977995	0.5222595560944664
APTX-G	3.7969177654868793	0.02243983019358918	0.5023069681795732
FTO-G	-3.7483376913810784	0.023556872118595223	0.4896464133222293
PLRG1-G	3.518726451905387	0.029637155486373266	0.5749608164356413
TIMELESS-G	3.468617400795552	0.031160082797964617	0.5667240058879814
RAD17-G	3.468617400795552	0.031160082797964617	0.5333872996592767
MSH6-G	3.4448146262480615	0.03191067689626489	0.5158892764896157
MSH2-G	3.383192221290531	0.03393894101675608	0.5198016755724221
BAZ1B-G	3.360769225859516	0.034708549959259434	0.4809613351497378
RAD23A-G	3.360769225859516	0.034708549959259434	0.5050094019072248
DDB1-G	3.1722696000970285	0.041908374633814596	0.554333500838184
FANCD2-G	3.1624144063198427	0.042323431661076875	0.5354834179727552
RUVBL2-G	3.123568134008108	0.04399989048659008	0.5121587252639085
PARP1-G	3.123568134008108	0.04399989048659008	0.5334986721499048
UBXN1-G	3.0729719322192706	0.046283399133384626	0.5180180441467279
NHEJ1-G	3.067863396521904	0.046520444491873966	0.5013870128568638
ACTL6A-G	2.94428830550419	0.05263950973758403	0.5470749047727483
DNPH1-G	2.9188551090703823	0.05399547085071153	0.5418166212950709
POLE3-G	2.9188551090703823	0.05399547085071153	0.506860710243776
TK2-G	-2.9188551090703823	0.05399547085071153	0.5237560672519018
CDC5L-G	2.9188551090703823	0.05399547085071153	0.47614187931991075
BOD1L1-G	2.9188551090703823	0.05399547085071153	0.491021313048658
MGMT-G	2.827689454096669	0.059149363221800054	0.49178470564410903
DCTPP1-G	2.827689454096669	0.059149363221800054	0.5062489616924651
POLB-G	2.7439571405634835	0.0643153378403774	0.5198823142097173
PRPF19-G	2.7439571405634835	0.0643153378403774	0.5058314408526979
WDR48-G	2.6973795068964277	0.06738185527369159	0.5160031548590593
PIAS1-G	2.6211283575411364	0.07272076149668667	0.5161400389155079
TDP2-G	2.6211283575411364	0.07272076149668667	0.5426087588598929
POLR2J-G	2.6211283575411364	0.07272076149668667	0.5290435398883956
DHFR-G	2.588669363320301	0.0751199309468603	0.520473807274675
RFC3-G	2.5877230215019664	0.07519105372682827	0.5088510845234193
CETN2-G	2.43005754341284	0.08803176678832306	0.5822100939864093
POLG2-G	2.403782266609287	0.09037548187119776	0.5844281161004122
TDP1-G	2.4010340417848757	0.09062419561810187	0.5732965418449487
YWHAG-G	-2.278957094617954	0.10239093510935397	0.633952385464298
CHAF1A-G	2.201777426338384	0.11060638883375948	0.656866513278041
RBX1-G	2.201777426338384	0.11060638883375948	0.6705512323046668
RNF168-G	2.1051298084278853	0.12182985870017814	0.7090497776350368
HMGN1-G	2.074839672865076	0.12557655920927557	0.7165250731352782
POLL-G	2.0651357261193253	0.12680107918160058	0.7095983469585725
PPIE-G	2.0651357261193253	0.12680107918160058	0.6962096989027504
RUVBL1-G	2.0651357261193253	0.12680107918160058	0.6833169267008476
DGUOK-G	2.0212918545234353	0.13248420416341244	0.7009618802100549
POLD3-G	1.9767396298840005	0.1385201287632534	0.7198099548233347
FEN1-G	1.9727007279478699	0.13908072932277413	0.710043723384689
BARD1-G	-1.9536106741406607	0.14176129257140466	0.7112506230737716
POLG-G	1.9356612622800398	0.14432879807132915	0.6999946706459463
SUMO1-G	1.9356612622800398	0.14432879807132915	0.7118589870975726
PPP4R2-G	1.8509140386979073	0.1570935111220714	0.7032955651772735
TERF2IP-G	1.8509140386979073	0.1570935111220714	0.6926395717654966
RFC4-G	1.8509140386979073	0.1570935111220714	0.7494133071561111
ATR-G	1.8509140386979073	0.1570935111220714	0.6722678196547467
NABP2-G	1.8509140386979073	0.1570935111220714	0.7256224085162346
MCM7-G	1.8509140386979073	0.1570935111220714	0.7142845583831684
HLTF-G	1.8509140386979073	0.1570935111220714	0.6823016677092952
RIF1-G	1.8509140386979073	0.1570935111220714	0.7373259957503674
MCM6-G	1.7739006209371757	0.169669878514646	0.7155642702574201
BABAM2-G	1.7739006209371757	0.169669878514646	0.7053419235394569
RRM2B-G	-1.7739006209371757	0.169669878514646	0.6954075302501688
UBE2T-G	1.7617177865232294	0.1717495811634808	0.6941545572024015
POLR2C-G	1.7617177865232294	0.1717495811634808	0.6846455906653823
MCM3-G	1.7271485850516537	0.17779064278348408	0.699149689864782
MCM2-G	1.7271485850516537	0.17779064278348408	0.6898276939999182
MCM5-G	1.7269163361379793	0.1778319392624776	0.680909135860276
POLD2-G	1.7196104558108762	0.17913591567681247	0.676994174830551
DUT-G	1.7080610151945959	0.181216828857811	0.676078169200295
SMARCA4-G	1.7080610151945959	0.181216828857811	0.6510382370076915
WEE1-G	1.7080610151945959	0.181216828857811	0.6675202176914304
XPC-G	1.7080610151945959	0.181216828857811	0.6591762149702876
TOP1-G	1.7078955923267913	0.18124680874494623	0.6278907302949923
PLK1-G	1.7078955923267913	0.18124680874494623	0.6205037805268159
TICRR-G	-1.7078955923267913	0.18124680874494623	0.6432051383509677
RNF4-G	1.7078955923267913	0.18124680874494623	0.6354556788527632
PAXIP1-G	1.7070322904454611	0.1814033470160906	0.5998678861554814
TCEA1-G	1.7070322904454611	0.1814033470160906	0.6067629193296823
MLH1-G	1.7070322904454611	0.1814033470160906	0.6138183021125856
BLM-G	-1.7055490123224488	0.1816726182848829	0.5940082238303475
RTEL1-G	-1.7028380445437197	0.18216579509050132	0.5890027374592876
USP10-G	1.7026362721381565	0.18220255482961384	0.5826477302793146
MCM4-G	1.7026362721381565	0.18220255482961384	0.5763146027762786
ALKBH5-G	1.6925499429282032	0.1840496091203448	0.5758971640217241
UBE2B-G	1.647771939885614	0.19247828440841294	0.5958636251366826
AURKB-G	1.6475404050481506	0.19252285499633148	0.5897279031992891
LIG4-G	-1.6119789133363989	0.19949244494156462	0.6047114737291178
USP1-G	1.515681447281641	0.21965844818233102	0.658975344546993
SETMAR-G	1.515681447281641	0.21965844818233102	0.6522511063373299
CDK2-G	1.4963432570971826	0.2239475834204654	0.6582701694480346
FANCI-G	1.4885390209007892	0.2257021609203431	0.6567932882781985
RBBP8-G	1.4788937756404779	0.22788964607502193	0.6565929406715978
BABAM1-G	1.4767109421261573	0.2283876345472716	0.6515764867966278
XRCC1-G	1.462921719707561	0.2315587357006186	0.6542096319308739
SIRT6-G	1.462921719707561	0.2315587357006186	0.6479191547007693
XRCC5-G	1.462423741122557	0.23167407570821147	0.6420681526770432
MDC1-G	1.455776425218195	0.2332192163055635	0.6402527541973488
RECQL4-G	1.4340441994954276	0.23834306360011334	0.6482040327816166
SLX4-G	-1.4199861773493803	0.24171735804853361	0.65129399251966
ATRIP-G	1.3619947826686047	0.25614930479148285	0.683848143984601
TOP2B-G	1.3584776631305808	0.2570517986751214	0.6800188492223666
POLE4-G	1.351525875346694	0.2588449939638356	0.6785936328241096
NSD2-G	1.2972449098331627	0.27328367797695774	0.7100495561722742
DDX11-G	1.2972449098331627	0.27328367797695774	0.703765931781369
BRIP1-G	1.2355320300910846	0.2906800706767046	0.7419991277800091
EYA4-G	-1.2077469711697804	0.2988698839116609	0.7562707497242898
USP7-G	1.2039389165850867	0.30001016649451356	0.7526117107750296
PRIM1-G	1.2039389165850867	0.30001016649451356	0.7461791320504568
XRCC6-G	1.2039389165850867	0.30001016649451356	0.7336383063017096
PTEN-G	-1.2039389165850867	0.30001016649451356	0.7398555800839275
TIPIN-G	1.1878352650904471	0.3048805357740476	0.7393352992520654
TERF2-G	1.1792218060303175	0.3075179541284906	0.7395679723255435
IDH1-G	1.1301515131446271	0.3229843163453794	0.7703970168566017
NFRKB-G	1.1301515131446271	0.3229843163453794	0.7641336264756537
TRIP13-G	1.1120613116690357	0.32888033701123026	0.7595569688116508
FANCL-G	-1.1120613116690357	0.32888033701123026	0.7718078876634517
POLR2E-G	1.1120613116690357	0.32888033701123026	0.765633424562144
PRIM2-G	1.1035526595628147	0.3316906042218524	0.760015478965032
GMNN-G	1.1028953537988688	0.3319086980371628	0.7545736806938622
RFC2-G	1.0788191249390937	0.33999678240238934	0.7610697206084254
NPLOC4-G	-1.0788191249390937	0.33999678240238934	0.7669694858844597
GTF2H1-G	-1.02528696972385	0.3586935164556781	0.7967924678519261
RFC5-G	1.0251617191675388	0.3587384458318153	0.7908552101292291
RAD18-G	0.9996036719343899	0.36802527101506055	0.805228224551749
PCLAF-G	0.9935983356643856	0.3702420360710362	0.8040330783333697
RPA1-G	0.9701824855443821	0.37901386724035774	0.8169854471625488
TREX1-G	0.9560120296204957	0.38442290026096315	0.8106308983763789
MPG-G	0.9560120296204957	0.38442290026096315	0.7990504569710021
MRE11-G	0.9560120296204957	0.38442290026096315	0.8225519409995609
ELL-G	-0.9560120296204957	0.38442290026096315	0.8165479122331407
MAPK8-G	-0.9560120296204957	0.38442290026096315	0.8047990214096423
PARP2-G	0.9550222193117022	0.3848035943869817	0.7941691203305792
GPS1-G	0.9550222193117022	0.3848035943869817	0.7830618599063753
ORC1-G	0.9550222193117022	0.3848035943869817	0.7776239303236921
RAD23B-G	0.9550222193117022	0.3848035943869817	0.7722610066662874
KDM4B-G	0.9550222193117022	0.3848035943869817	0.788576380046561
RAD51C-G	0.9523776517977475	0.3858225802665511	0.7690025401203175
SMARCAL1-G	0.9369925467841402	0.39180439864087563	0.7756127891462231
SMUG1-G	0.9150618549775866	0.40049185291006906	0.7874535756542574
CDK1-G	0.8783660861938755	0.4154611851768391	0.8114040596406724
RRM1-G	0.8585667156306234	0.42376902877557887	0.8221119158246231
PCNA-G	0.8501747592224099	0.42734024377398666	0.8235497413127822
CLK2-G	0.849390096620402	0.4276756932717357	0.8187738601452308
PKMYT1-G	0.8374741833767443	0.4328023233082826	0.8231730462922238
MORF4L1-G	0.83605350095962	0.4334176349368108	0.8084905882475124
UBE2I-G	0.83605350095962	0.4334176349368108	0.803340966666318
POLR2H-G	0.83605350095962	0.4334176349368108	0.8189904660169607
HUS1-G	0.83605350095962	0.4334176349368108	0.8137066565587867
ERCC6L-G	0.8180408277159085	0.44129538181557254	0.8076538120020856
RAD1-G	0.8180408277159085	0.44129538181557254	0.8127655449894406
MCM8-G	0.7973963365006153	0.4505003898777934	0.8193475840902368
KAT5-G	0.7973963365006153	0.4505003898777934	0.7993634966734017
LIG1-G	0.7973963365006153	0.4505003898777934	0.8092321818175178
SMARCA5-G	0.7973963365006153	0.4505003898777934	0.8042675672051404
ABRAXAS1-G	0.7973963365006153	0.4505003898777934	0.8142584686611049
ASCC1-G	-0.7973963365006153	0.4505003898777934	0.7945188694208356
PARP4-G	-0.7804939837550843	0.45817962210330343	0.8031943977835018
POLR2B-G	0.7493614508655475	0.4726682783174624	0.8236315508406081
SMARCC1-G	0.7493614508655475	0.4726682783174624	0.8187289820856045
POLR2D-G	0.7493614508655475	0.4726682783174624	0.8138844318957489
DNA2-G	-0.7358849211642472	0.47908132213738513	0.8200744984822299
NUDT5-G	0.725498261167547	0.4840833089404028	0.8237908941617381
RPA3-G	0.724653757186071	0.48449229189172766	0.8196933543051904
RFC1-G	0.724653757186071	0.48449229189172766	0.8149552424305939
POLD1-G	0.724653757186071	0.48449229189172766	0.8102715916120273
GINS4-G	-0.6875335735003857	0.5028146964381517	0.8361090095057264
POLQ-G	-0.682637974612643	0.5052823108034281	0.8354383661579409
DDB2-G	0.670326710952278	0.5115414242967298	0.8410087823183523
POLR2A-G	0.6416808174434858	0.5264068861611397	0.8605865386117509
ALKBH3-G	0.5946280827360889	0.5517677396596757	0.8970078896143332
VCP-G	-0.5811180428320365	0.5592727260216293	0.9041575737349673
POLM-G	-0.5551749605277476	0.5739718299966559	0.9227944891106457
UFD1-G	-0.5551749605277476	0.5739718299966559	0.9177241897199279
RNASEH2C-G	0.5489335068959593	0.5775654516048423	0.9184237509126181
POLE-G	0.5442168179193695	0.5802960829105792	0.9177508702553182
KDM4A-G	0.5367498449225954	0.5846453558355102	0.9146870889684595
LIG3-G	0.5367498449225954	0.5846453558355102	0.9097957141611416
CCNA2-G	0.5367498449225954	0.5846453558355102	0.9196313435034242
PPP4C-G	0.5220560460951208	0.5932994420742433	0.9183517959766213
COPS6-G	-0.5163121938711063	0.5967170721790942	0.9187548571646371
MEN1-G	0.5093111609651833	0.6009093661072453	0.9203401344063599
APEX1-G	0.5088338827894717	0.6011962354860703	0.9159586624421281
POLR2I-G	0.4938047023399467	0.6102999616070908	0.9201932063609504
GTF2H3-G	-0.4938047023399467	0.6102999616070908	0.9107553273213509
HRAS-G	0.4938047023399467	0.6102999616070908	0.9249858793107469
WDHD1-G	0.4938047023399467	0.6102999616070908	0.9154499424106362
RECQL5-G	0.4938047023399467	0.6102999616070908	0.9061086164676705
POLR2L-G	0.4938047023399467	0.6102999616070908	0.9015090803434691
ERCC1-G	0.4938047023399467	0.6102999616070908	0.8969560041801182
CIB1-G	0.4938047023399467	0.6102999616070908	0.8924486875761981
PIAS4-G	0.48532964882015656	0.61549426635952	0.8955441575531016
RMI2-G	0.48532964882015656	0.61549426635952	0.8910887139831857
ACTB-G	-0.47939673893385665	0.6191567923524753	0.8919535969038134
RAD9A-G	0.47775417646296026	0.6201746317667606	0.8890188071139278
ERCC2-G	-0.4710562597606292	0.6243424520664167	0.8906061448594474
PARG-G	0.4699248990577952	0.6250492083045268	0.8872649737395967
EYA2-G	0.46819622058124144	0.6261306518825192	0.8844855325136557
CDC25C-G	0.4578382234209128	0.6326498158520301	0.8893772773572016
TERF1-G	0.4520378960716443	0.6363300548588122	0.8902502209803574
PPP5C-G	-0.4314358206691326	0.6495757505374379	0.9044332220401646
POLE2-G	0.4284712939630846	0.6515042923920206	0.9027988051718
POLK-G	0.4147598305056559	0.6604988933424909	0.9109250140410657
TOP2A-G	-0.3826352266722352	0.6820616518125613	0.9318307074058937
BRCA1-G	0.3826352266722352	0.6820616518125613	0.923162514778862
TP53-G	-0.3826352266722352	0.6820616518125613	0.927476358305866
TOPBP1-G	0.3826352266722352	0.6820616518125613	0.9188886142474785
MBD4-G	-0.3826352266722352	0.6820616518125613	0.9362261352710158
FANCG-G	-0.37760040767545033	0.6855043682285276	0.9192708348133711
UBE2A-G	0.34852584577463386	0.7057276747097783	0.9420493272502086
UBA7-G	-0.3419549228950359	0.7103802258714672	0.9439298891716756
NUDT15-G	0.3403739430077463	0.7115042109857114	0.9411260245311
PNKP-G	0.32736585083635583	0.7208199821876419	0.9491340036950398
WRN-G	0.32736585083635583	0.7208199821876419	0.9364223875741241
UBA52-G	0.32736585083635583	0.7208199821876419	0.9406215911058466
RRM2-G	0.32736585083635583	0.7208199821876419	0.9448586253000171
NUDT18-G	-0.320233596514905	0.725979430999794	0.9347788248714162
UBE2V2-G	0.320233596514905	0.725979430999794	0.9106035104350865
XRCC4-G	-0.320233596514905	0.725979430999794	0.9306608564799121
PMS2-G	0.320233596514905	0.725979430999794	0.9265790106181582
RCHY1-G	0.320233596514905	0.725979430999794	0.9225328140652405
MCRS1-G	0.320233596514905	0.725979430999794	0.9145455169737665
GTF2H4-G	-0.320233596514905	0.725979430999794	0.9389333974264003
RAD50-G	0.320233596514905	0.725979430999794	0.9185218018301742
MNAT1-G	-0.3200864110380908	0.72608629249254	0.9029534663048253
CDK4-G	-0.3200864110380908	0.72608629249254	0.9068288030700821
ATM-G	0.3113514884925129	0.7324563806296177	0.9069991777158245
CHTF18-G	0.30714059003329625	0.7355471830347088	0.906967077386018
MMS22L-G	0.29355089168122517	0.7456112764871301	0.9154973901171091
HERC2-G	0.29233336108521224	0.7465196338932415	0.9127614011047617
TP53BP1-G	-0.2854017941770602	0.7517121600648512	0.9114509940786321
YWHAE-G	0.2854017941770602	0.7517121600648512	0.9152645965643168
TRIM25-G	0.2759751379292286	0.7588317966565499	0.9162657793653776
CDA-G	-0.26118626822434093	0.7701374541178853	0.9260743766458868
PIAS3-G	0.26058936939012484	0.7705972854891864	0.9228140332401368
YWHAB-G	-0.25405780369569936	0.7756469654894659	0.9250543727763711
KPNA2-G	0.2489689083642324	0.7796042121780945	0.9222147387960385
DYNLL1-G	-0.2489689083642324	0.7796042121780945	0.9259788805870428
GTF2H5-G	-0.2278951642938053	0.7962077264595171	0.9380423012134392
INO80E-G	0.2221116713714672	0.8008259300112145	0.9396788130373526
APBB1-G	0.21545612039777673	0.8061736440608418	0.9421547406494175
PRKDC-G	0.21545612039777673	0.8061736440608418	0.9383861216868198
POLD4-G	0.19194439222856935	0.8253527632434262	0.956883084079032
STK19-G	0.16640095200739397	0.8467066773789873	0.977744615544783
ERCC3-G	-0.15376775648537072	0.8574711399997623	0.9862612716993314
NUDT1-G	-0.15022509169827747	0.8605142600077199	0.9858647624497894
EYA3-G	0.14329302887616108	0.8665001221334567	0.988829551140533
NUDT16-G	0.14085743853771954	0.8686131336298266	0.983526933409648
COPS5-G	-0.14085743853771954	0.8686131336298266	0.9759321308350561
APLF-G	0.14085743853771954	0.8686131336298266	0.9873688354932795
ABL1-G	-0.14085743853771954	0.8686131336298266	0.9797148135127114
ATRX-G	0.1360573671755036	0.8727925614084663	0.9768562898840911
RPA2-G	0.12330278834710487	0.8839959583589309	0.985604689204785
TTK-G	0.11945150676097456	0.8874070400173611	0.9856314833780614
CUL4A-G	0.11945150676097456	0.8874070400173611	0.9818838351522893
RMI1-G	-0.11665435383971277	0.8898927280157353	0.9809044842900718
BRCA2-G	0.1121707016771456	0.8938916556712242	0.9815942332087784
BAP1-G	0.10402280112329489	0.9012047487063496	0.9859044431336381
SAMHD1-G	-0.09117173619766442	0.9128609261723875	0.9912034683438984
ERCC6-G	-0.09117173619766442	0.9128609261723875	0.9949158408845122
MTOR-G	0.09108256033035102	0.9129423349670114	0.9839489610200013
CHEK2-G	0.09108256033035102	0.9129423349670114	0.9876067638490719
NBN-G	0.0789905112786363	0.9240486924440573	0.9922441679011832
REV3L-G	-0.06880662107870215	0.9335071832370045	0.9987154055954717
CHEK1-G	-0.06880662107870215	0.9335071832370045	0.9950571074064773
GINS2-G	0.06880662107870215	0.9335071832370045	0.9914255121239719
TINF2-G	0.06880662107870215	0.9335071832370045	0.9878203284435211
ERCC4-G	0.06030195298190402	0.9414802079037353	0.9819739802866916
RNMT-G	0.06030195298190402	0.9414802079037353	0.9890640451263067
CUL5-G	0.06030195298190402	0.9414802079037353	0.9926476105071991
POLR2G-G	-0.06030195298190402	0.9414802079037353	0.98550626079132
AURKA-G	0.052199112931278685	0.9491398620067429	0.9864274994427221
POLR2K-G	0.05146867920191682	0.9498333990364186	0.9732447856323867
TYMS-G	-0.05146867920191682	0.9498333990364186	0.9664388780405518
ERCC5-G	-0.05146867920191682	0.9498333990364186	0.9836352993579993
POLR2F-G	0.05146867920191682	0.9498333990364186	0.959727496943048
UBE2N-G	-0.05146867920191682	0.9498333990364186	0.9801472309205597
GTF2H2-G	0.05146867920191682	0.9498333990364186	0.9766838131434552
CCNH-G	0.05146867920191682	0.9498333990364186	0.9698298916477116
JMJD6-G	0.05146867920191682	0.9498333990364186	0.9630714951902363
POLA1-G	0.03900118566160645	0.9617495688361519	0.9684052751948796
CDK7-G	0.03900118566160645	0.9617495688361519	0.9650659466597249
CUL4B-G	0.01659870006506048	0.9835382993057149	0.983538299305715

Data type: org.panda.causalpath.data.RNAData
Row ID	Change amount	P-value	Q-value
EYA4-R	-4.999585865865557	0.006740737990816443	2.5547396985194317
ACTB-R	-4.999585865865557	0.006740737990816443	1.2773698492597159
USP1-R	4.540073477821611	0.010672622323672309	1.3483079535572682
PLK2-R	-2.643125828565917	0.07113855472703631	6.740378060386691
RBBP8-R	2.2791463420559133	0.10237155972064342	7.759764226824771
NUDT16-R	2.2611907042659047	0.10422630813090739	6.583628463602317
PAXIP1-R	2.2611907042659047	0.10422630813090739	5.643110111659128
PRIM1-R	2.2611907042659047	0.10422630813090739	4.389085642401544
YY1-R	2.2611907042659047	0.10422630813090739	3.95017707816139
APTX-R	2.2611907042659047	0.10422630813090739	4.937721347701737
RRM1-R	2.2190756318023195	0.10870955004631769	3.433409955629534
GADD45G-R	2.2190756318023195	0.10870955004631769	2.746727964503627
FANCE-R	2.2190756318023195	0.10870955004631769	2.288939970419689
ATRIP-R	2.2190756318023195	0.10870955004631769	2.942922819111029
OGG1-R	2.2190756318023195	0.10870955004631769	2.4235834980914355
CETN2-R	2.2190756318023195	0.10870955004631769	2.168469445660758
WDR48-R	2.2190756318023195	0.10870955004631769	2.5750574667221504
CDK6-R	-2.2190756318023195	0.10870955004631769	3.745538133414037
RFC5-R	2.2190756318023195	0.10870955004631769	3.1693014975041853
RUVBL1-R	2.2190756318023195	0.10870955004631769	2.0600459733777203
DDB1-R	2.176826077103312	0.1134008857238177	2.046615985206043
PPP4R2-R	2.152279530433753	0.11621893100189992	2.0021352204418217
POLD2-R	2.117004309677899	0.12039174522910541	1.9838465844274327
POLA1-R	2.0746683161688377	0.12559807943735157	1.983403004448177
MMS22L-R	2.018831395281341	0.1328105774974694	1.7976860311264609
MPLKIP-R	2.018831395281341	0.1328105774974694	2.013408354861636
DCLRE1A-R	2.018831395281341	0.1328105774974694	1.9359695719823427
FANCL-R	2.018831395281341	0.1328105774974694	1.8642669952422557
NUDT5-R	1.9424232082344404	0.14335614675304645	1.8735165386001589
FANCG-R	1.906828459499759	0.14855077507260425	1.8766914584172338
DNPH1-R	1.855652290844964	0.1563509231296052	1.7956666626097082
POLE3-R	1.855652290844964	0.1563509231296052	1.481424996653009
BRCC3-R	1.855652290844964	0.1563509231296052	1.4452926796614725
TYMS-R	1.855652290844964	0.1563509231296052	1.410880949193342
TREX1-R	1.855652290844964	0.1563509231296052	1.646027774058899
PMS2-R	1.855652290844964	0.1563509231296052	1.601540536922172
PCNA-R	1.855652290844964	0.1563509231296052	1.559394733318957
DTYMK-R	1.855652290844964	0.1563509231296052	1.8517812458162615
RPA3-R	1.855652290844964	0.1563509231296052	1.6930571390320104
HLTF-R	1.855652290844964	0.1563509231296052	1.5194102529774454
RAD1-R	1.855652290844964	0.1563509231296052	1.9115161247135601
DCTPP1-R	1.855652290844964	0.1563509231296052	1.7428529372388344
RAD17-R	1.855652290844964	0.1563509231296052	1.3780697643283806
SOX4-R	-1.855652290844964	0.1563509231296052	1.3467499969572811
CDA-R	-1.774184493728207	0.16962172068834977	1.4285918253529903
ERCC2-R	-1.7515663364830245	0.1735019680411283	1.2645624209151467
KAT5-R	1.7515663364830245	0.1735019680411283	1.1955862888652296
DHFR-R	1.7515663364830245	0.1735019680411283	1.3990903380337794
UBXN1-R	1.7515663364830245	0.1735019680411283	1.341984609950768
TDP2-R	1.7515663364830245	0.1735019680411283	1.3151449177517527
MSH2-R	1.7515663364830245	0.1735019680411283	1.2893577625017183
DTL-R	1.7515663364830245	0.1735019680411283	1.2177267756960672
BARD1-R	1.7515663364830245	0.1735019680411283	1.174236533706922
TOP2B-R	1.7515663364830245	0.1735019680411283	1.4295053453823399
CUL4B-R	1.7515663364830245	0.1735019680411283	1.3699426226580755
CDK7-R	1.7515663364830245	0.1735019680411283	1.1536358927646952
XRCC5-R	1.7515663364830245	0.1735019680411283	1.240702752595993
FTO-R	-1.6969719090809736	0.1832375447621807	1.1973625769804568
XRCC3-R	1.6760167076307007	0.18711783860349304	1.201994251368201
BABAM2-R	-1.6702982503411532	0.18819092925896228	1.1887393698191115
FANCI-R	1.664083128931131	0.1893642009689005	1.1765415109379227
BAP1-R	1.664083128931131	0.1893642009689005	1.157565034955053
FEN1-R	1.6384798678489765	0.19427514182815597	1.1687345833789067
PRPF19-R	1.6384798678489765	0.19427514182815597	1.1504731055136113
CENPX-R	1.620951822236541	0.197710424317513	1.1528038587128835
CCNA1-R	-1.6144994813834308	0.19899024384112873	1.142686400239209
MCM3-R	1.5671520162388937	0.20863853618792894	1.1802090330630608
POLR2J-R	1.504350222910056	0.22216160246219627	1.238224225487829
SOD1-R	1.4827957003634047	0.22700217038854953	1.2290546082465752
RMI1-R	1.4827957003634047	0.22700217038854953	1.1949142024619481
H2BC5-R	1.4827957003634047	0.22700217038854953	1.1785455147569899
TDP1-R	1.4827957003634047	0.22700217038854953	1.2468669938733372
UNG-R	1.4827957003634047	0.22700217038854953	1.2117439799614123
POLD4-R	-1.4814970814164503	0.2272971512003966	1.1486082707326708
TK2-R	-1.4814970814164503	0.2272971512003966	1.1187742896746793
NABP2-R	1.4814970814164503	0.2272971512003966	1.1641300041209501
RMI2-R	1.4814970814164503	0.2272971512003966	1.133495004012504
RNMT-R	1.4814970814164503	0.2272971512003966	1.0904508899360799
PLK3-R	-1.4814970814164503	0.2272971512003966	1.076820253811879
RAD50-R	1.4814970814164503	0.2272971512003966	1.104431029550645
TIPIN-R	1.4218409147803521	0.24126945131993477	1.1289027413611763
UBE2B-R	1.4218409147803521	0.24126945131993477	1.1151356347592107
CDC25A-R	1.4218409147803521	0.24126945131993477	1.1017002656657262
POLR2G-R	1.4218409147803521	0.24126945131993477	1.0885847863125628
ETAA1-R	1.410592272738495	0.2439987265552305	1.087947263110969
WRN-R	1.3732145641616833	0.2532914279190382	1.1162494323408776
GINS2-R	1.3732145641616833	0.2532914279190382	1.1034189790955802
PIAS1-R	1.3572668925072182	0.25736321793223965	1.108416586321805
XPA-R	1.3455472623635811	0.2603971632918417	1.108882302107955
CCNH-R	1.3455472623635811	0.2603971632918417	1.096561387640089
LIG4-R	-1.3455472623635811	0.2603971632918417	1.0845112625011868
XRCC2-R	1.3416187797225594	0.2614221410129931	1.076945559173091
RAD18-R	1.3416187797225594	0.2614221410129931	1.0653654993970363
DBF4-R	1.3269825386165666	0.26527651647696904	1.0259163239262374
RPS27A-R	1.3269825386165666	0.26527651647696904	1.0695723377103326
MRE11-R	1.3269825386165666	0.26527651647696904	1.058313681523908
WEE1-R	1.3269825386165666	0.26527651647696904	1.0472895806747007
MCM2-R	1.3269825386165666	0.26527651647696904	1.0364927808739306
PARP1-R	1.2822088491572694	0.2774238357712967	1.0620569066396106
RFC2-R	1.2672151290582951	0.28161479160867714	1.0567525348484024
POLG2-R	1.2672151290582951	0.28161479160867714	1.0673200601968864
CDC25C-R	1.2451145869273108	0.2879079157571439	1.0697754909015447
UBE2T-R	1.2149321522158985	0.2967301460939772	1.0918517026176442
UIMC1-R	1.2110499009809175	0.29788436610645314	1.0855593726379398
POLE2-R	1.2081424839882626	0.2987517004146002	1.0783513757822236
ORC2-R	1.1754770133377834	0.3086717040447637	1.1036469418204287
MSH6-R	1.1691235147618584	0.31063909255878414	1.1003010848577495
MCM4-R	1.1548200083250075	0.3151142497409658	1.1058175986280188
SUMO1-R	1.1548200083250075	0.3151142497409658	1.0956724830442754
COPS6-R	1.1435830654157193	0.3186751398656701	1.097980709173536
POLE4-R	1.1435830654157193	0.3186751398656701	1.0880889910728735
MCM7-R	1.1373375159384975	0.32067166944112185	1.0851300242695106
RPA1-R	1.1373375159384975	0.32067166944112185	1.0755271037007539
TOPBP1-R	1.1360781985123787	0.32107575124273674	1.0674360501841862
ATAD5-R	1.1358046653110734	0.321163588133441	1.0584434774136882
WDHD1-R	1.129707965239484	0.32312760713810473	1.0467125051738606
CDC5L-R	1.129707965239484	0.32312760713810473	1.0378420602147602
CDC7-R	1.129707965239484	0.32312760713810473	1.0557358888391526
DUT-R	1.1200657715934155	0.32625833538675963	1.0390916732065707
MCRS1-R	1.1200657715934155	0.32625833538675963	1.0304325759298492
YWHAE-R	1.1078217342805685	0.330277610483159	1.0345059039100601
CHEK1-R	1.1078217342805685	0.330277610483159	1.0260263473206335
DCLRE1B-R	1.102340049293553	0.33209305961620655	1.0232786145897748
MNAT1-R	1.100308993842228	0.3327682444721231	1.0089533172394773
CUL5-R	1.100308993842228	0.3327682444721231	1.0170900375397958
RAD9B-R	1.0971523030357515	0.333820350643415	1.0041104197924942
UBC-R	1.0640799251769224	0.3450451761445247	1.0297017461320854
TDG-R	-1.054226305419487	0.3484619261416307	1.0317739844349847
ERCC6-R	1.0193863903837044	0.3608162725948626	1.0600726148329684
FANCM-R	0.9948188771369599	0.36979041597771367	1.0780812896581038
RNASEH2C-R	0.9679408500521652	0.37986443114815954	1.0989970946958205
UBA52-R	0.9542974467991395	0.3850825905470897	1.1056538016465682
PRIM2-R	0.9299446519572063	0.3945755487515974	1.1243919772695896
POLL-R	0.922620504877052	0.39747608712355903	1.1242047538793198
FANCB-R	0.922620504877052	0.39747608712355903	1.1158773112579916
YWHAG-R	-0.913366105762418	0.4011715628012008	1.1179707522180522
USP37-R	0.9056180605358101	0.40429193098010086	1.1023499413054547
BAZ1B-R	0.9056180605358101	0.40429193098010086	1.0790608580384382
BRIP1-R	0.9056180605358101	0.40429193098010086	1.0715149779122952
PPP5C-R	-0.9056180605358101	0.40429193098010086	1.0640739016767933
POLR2F-R	0.9056180605358101	0.40429193098010086	1.056735460975574
POLR2L-R	0.9056180605358101	0.40429193098010086	1.0867137719252355
RIF1-R	0.9056180605358101	0.40429193098010086	1.118442641178527
BABAM1-R	0.9056180605358101	0.40429193098010086	1.110337984358393
UBB-R	-0.9056180605358101	0.40429193098010086	1.094476013153273
RFWD3-R	0.9049825641130647	0.40454893871108083	1.0501647107636962
CDT1-R	0.8932937167022249	0.4093053941108342	1.055283975292559
H2BC21-R	0.873406820285467	0.4175266851171774	1.0479643288702665
ABL1-R	-0.873406820285467	0.4175266851171774	1.0549507577294015
ABRAXAS1-R	0.873406820285467	0.4175266851171774	1.0692068490500692
SLX4-R	-0.873406820285467	0.4175266851171774	1.0620309641571157
SUMO2-R	0.8706599219478579	0.418675165131204	1.0439334709521468
INO80E-R	0.8578071482658375	0.4240910321761996	1.050526151599867
DCLRE1C-R	0.8219118782540173	0.43959040724079407	1.0818491191185777
ACTL6A-R	0.8219118782540173	0.43959040724079407	1.0748694473823288
ERCC5-R	-0.8137932983076331	0.4431737833864281	1.0766850250221556
XRCC6-R	0.8116127491555308	0.4441411999704091	1.0721625145782487
RAD51C-R	0.8107260213558244	0.4445352069820862	1.0663217939633587
CDC45-R	0.8075293590035594	0.44595850963949346	1.0630080198325034
PARP3-R	0.8075293590035594	0.44595850963949346	1.05636421970855
MCM8-R	0.792262794126848	0.45281899896572403	1.065952798807512
MLH1-R	0.792262794126848	0.45281899896572403	1.0593728432593172
TOP1-R	0.7780847996311103	0.45928479191904104	1.0613959520568081
ERCC1-R	-0.7780847996311103	0.45928479191904104	1.0679075836645187
MCM6-R	0.7772703192135009	0.4596590227693265	1.055822846239847
CIB1-R	0.7772703192135009	0.4596590227693265	1.0494624676480406
PPIE-R	0.7737435832624289	0.46128298072239576	1.046863770621485
H2BC4-R	0.7737435832624289	0.46128298072239576	1.0406324386535
GPS1-R	0.7708004666277005	0.46264259009936004	1.0253891324424413
PCLAF-R	0.7708004666277005	0.46264259009936004	1.0375239150748963
CDK2-R	0.7708004666277005	0.46264259009936004	1.0314208332215145
RFC1-R	0.7668886665301288	0.4644558997686235	1.0234231744901645
EYA1-R	0.7509236767391725	0.4719304401884018	1.033882293823146
APLF-R	-0.7281808017241472	0.48278647601252894	1.0515866345330371
DDX11-R	0.7190893940466134	0.4871956973316077	1.043204346263725
FANCF-R	0.7190893940466134	0.4871956973316077	1.055126681649596
RAD51D-R	0.7190893940466134	0.4871956973316077	1.0373436476892097
TREX2-R	0.7190893940466134	0.4871956973316077	1.049131643685678
RNF8-R	0.6990261977922234	0.4970691151866606	1.0524536014287393
SMARCC1-R	0.6926767521309989	0.5002352695488765	1.0474539622045538
FAAP20-R	-0.6926767521309989	0.5002352695488765	1.0532731508834678
REV3L-R	0.6903482651646794	0.501401418007968	1.0441271287089005
GTF2H3-R	0.6676797012081304	0.5128972731122272	1.0622298716367986
MTOR-R	-0.6676797012081304	0.5128972731122272	1.0507463054569413
BLM-R	0.6676797012081304	0.5128972731122272	1.0450971317716888
ERCC4-R	0.6676797012081304	0.5128972731122272	1.0395083770563323
LIG1-R	0.6676797012081304	0.5128972731122272	1.0564568832039898
CDK1-R	0.663689760622439	0.5149477907600116	1.038112833500236
DNA2-R	0.6360614997507094	0.5293732603840253	1.055960345713398
ATR-R	0.6360614997507094	0.5293732603840253	1.0615474374896594
RNF168-R	0.6357171696720615	0.5295555709061044	1.0507935150440502
RAD51-R	0.628964960391838	0.5331433399990338	1.0524027388522594
EYA3-R	-0.628964960391838	0.5331433399990338	1.0415532260805866
PRKDC-R	-0.628964960391838	0.5331433399990338	1.0469498749203825
CHAF1A-R	0.620400545142756	0.5377290097102999	1.0451245881036086
EXO1-R	0.6125275035875996	0.5419792818795395	1.0480109583282933
ERCC3-R	0.6125275035875996	0.5419792818795395	1.0426911057479467
MCM5-R	0.5898975701103656	0.5543840673251713	1.0611695026072723
TCEA1-R	0.5782545238968158	0.5608765091984084	1.0682019949055113
CENPS-R	0.5626623762427582	0.5696903130477081	1.079563143225407
GMNN-R	0.5555506318700199	0.5737562457258062	1.081858791691943
POLR2I-R	-0.5548499850247312	0.5741583870924275	1.0772575678615346
POLB-R	0.5364827187134164	0.5848015507940835	1.091821614536737
SMUG1-R	0.5326329382581256	0.5870572475572733	1.0906602785500323
FANCC-R	0.5326329382581256	0.5870572475572733	1.0853399845083247
RUVBL2-R	0.5184843899461532	0.5954222924638123	1.0954614021542954
RFC4-R	0.4967019716679037	0.6085343172561772	1.1035143839238812
XRCC1-R	-0.4967019716679037	0.6085343172561772	1.1088197415388998
MBD4-R	0.4967019716679037	0.6085343172561772	1.1141763586477835
RECQL4-R	0.4937698006717831	0.6103212624655466	1.1014845641640103
TERF1-R	0.48855087202080566	0.6135148117929575	1.102000538718156
PLK4-R	0.47105634584353945	0.6243423983212038	1.1161592875647934
PNKP-R	-0.4699266554971143	0.6250481104444852	1.1121748068472295
POLM-R	-0.4699266554971143	0.6250481104444852	1.1069777283105602
RAD54L-R	0.4699266554971143	0.6250481104444852	1.101828994690511
H2BC17-R	0.4699266554971143	0.6250481104444852	1.0967279345299068
LRWD1-R	0.4699266554971143	0.6250481104444852	1.0866662103599076
SETMAR-R	0.4699266554971143	0.6250481104444852	1.0817042641938808
POLD3-R	0.4699266554971143	0.6250481104444852	1.091673888748663
SMARCA5-R	-0.4699266554971143	0.6250481104444852	1.076787426629363
RFC3-R	0.4699266554971143	0.6250481104444852	1.0719150853323975
BRCA1-R	-0.4474773268850449	0.6392387096187713	1.0913129321870014
PARG-R	0.4438683882892158	0.6415498507446249	1.0903470557498334
CLSPN-R	0.4438683882892158	0.6415498507446249	1.085479434965236
EP300-R	-0.44156359039079285	0.6430301987885728	1.0831486459594182
MORF4L1-R	-0.4244533451104165	0.6541272692808777	1.0969656418471356
TP53BP1-R	-0.40514741273671767	0.6668784972279772	1.1134226892044201
FAN1-R	0.3840137085318525	0.681122089931682	1.1322161056320503
RECQL5-R	0.38344110452415114	0.6815122148529982	1.1279175957610754
TTK-R	0.3762296103510805	0.6864447001373244	1.1311414841393301
ALKBH5-R	0.36340817337329945	0.6953025715744932	1.140777812236939
RCHY1-R	0.35974061444233485	0.6978573167061024	1.1351413005648618
TFPT-R	-0.35974061444233485	0.6978573167061024	1.1302902693658667
NUDT1-R	0.35974061444233485	0.6978573167061024	1.1400341509983312
RAD23B-R	0.35736417120755615	0.6995177071356123	1.128158344699562
ALKBH3-R	0.34665055386765414	0.7070523618059757	1.1354781573070543
POLR2H-R	0.3437226389546828	0.7091255845892211	1.1340025171279107
EYA2-R	-0.337854131096236	0.7132993285010575	1.1358842247979024
MUS81-R	0.33677891891261735	0.7140666890934303	1.1323484316586196
PIAS3-R	-0.33672754668562355	0.714103373231736	1.127688243561783
H2BC3-R	0.33216036920375935	0.717372269209547	1.123487975332307
PIAS4-R	-0.33216036920375935	0.717372269209547	1.1281497511635614
IDH1-R	0.3306160282325979	0.7184809924995058	1.1205938113469658
USP10-R	0.31470749408325127	0.7300023730560649	1.133897128640363
DYNLL1-R	0.3143719879803251	0.7302473343980905	1.1296479172933727
COPS5-R	0.3134201464062328	0.7309427450782353	1.1261272373359805
H4C1-R	-0.3116915607652167	0.732207334872779	1.1235084207157218
XRCC4-R	0.3116915607652167	0.732207334872779	1.118978144825739
POLR2K-R	0.29151821987790905	0.7471284008907132	1.1371954375003226
POLR2B-R	0.29151821987790905	0.7471284008907132	1.1326466557503214
NHEJ1-R	0.29151821987790905	0.7471284008907132	1.1281341192732284
MGMT-R	0.27373260162822355	0.7605354140048292	1.1393000865922143
FANCD2-R	0.27373260162822355	0.7605354140048292	1.143821118681866
RRM2B-R	0.27373260162822355	0.7605354140048292	1.13036439963855
GTF2H2-R	0.27373260162822355	0.7605354140048292	1.134814653180434
CHEK2-R	0.27210272803291374	0.7617760013200338	1.1233972937754584
MPG-R	0.27210272803291374	0.7617760013200338	1.1190430406988092
NEIL1-R	0.27210272803291374	0.7617760013200338	1.1277855644542687
FAAP100-R	-0.24889973004265353	0.7796581457544844	1.1408897190770255
KDM4A-R	0.24206126367370898	0.7850080835995459	1.144300244939338
GTF2H4-R	0.24201799394352624	0.7850420514223985	1.1399652777359732
KDM4B-R	0.24201799394352624	0.7850420514223985	1.1356142652255306
RAD9A-R	-0.23654755596923227	0.7893483431838494	1.1375019850444066
H2AZ1-R	0.23344057279283256	0.7918046490810263	1.1367195530367764
XPC-R	0.2298348346940121	0.7946648427267766	1.1365206618620691
APBB1-R	0.22813988871223959	0.7960128988272183	1.134168754344044
RPA2-R	0.22813988871223959	0.7960128988272183	1.1299209312940663
ORC6-R	-0.22813988871223959	0.7960128988272183	1.1257048084161034
MDM2-R	0.22813988871223959	0.7960128988272183	1.1215200321766383
ORC1-R	0.22458991459009944	0.7988437457626919	1.1213399246076305
ASCC1-R	0.19065903314667068	0.8264143200080915	1.1557602482769986
USP7-R	0.18741769763421315	0.8290973520459985	1.1510179356242984
TERF2IP-R	-0.18741769763421315	0.8290973520459985	1.1426468960924854
EME2-R	-0.18741769763421315	0.8290973520459985	1.1343967379979547
NUDT15-R	0.18741769763421315	0.8290973520459985	1.122242487233691
TOP3A-R	0.18741769763421315	0.8290973520459985	1.1303161741922068
EME1-R	0.18741769763421315	0.8290973520459985	1.1182487417275213
POLR2A-R	-0.18741769763421315	0.8290973520459985	1.1552496192111525
FANCA-R	0.18741769763421315	0.8290973520459985	1.1468171402388083
RNF4-R	0.18741769763421315	0.8290973520459985	1.138506871106643
MAPK8-R	0.18741769763421315	0.8290973520459985	1.126264861739905
NBN-R	0.17872799766169983	0.8363333530893038	1.1240083007831425
TIMELESS-R	0.17025959743894684	0.8434458317958422	1.129561732334361
SMARCA4-R	0.16916490232905518	0.8443696533825986	1.1189374078042127
TP53-R	-0.16916490232905518	0.8443696533825986	1.1268172487042425
TRIM25-R	0.16916490232905518	0.8443696533825986	1.1228635039719468
DDB2-R	0.15365652416749945	0.8575665238069549	1.1324658972921111
HRAS-R	0.14932908971836292	0.8612856280104546	1.1334279618609804
LIG3-R	0.14932908971836292	0.8612856280104546	1.1295060657991776
UBE2N-R	0.14721791510973997	0.8631058731106225	1.1279900893411239
PARP2-R	-0.1470770111380818	0.8632274967245291	1.12427223800205
DNTT-R	0.1470770111380818	0.8632274967245291	1.1165980247733671
MEN1-R	-0.1470770111380818	0.8632274967245291	1.120421990611632
POLH-R	0.1470770111380818	0.8632274967245291	1.1128000723081515
MDC1-R	-0.1470770111380818	0.8632274967245291	1.1090278686732087
CDC25B-R	-0.14193468061158407	0.8676779308267109	1.110979512781498
H3-4-R	0.14160692001806927	0.867962368071412	1.1076018097611622
SMARCAL1-R	-0.14160692001806927	0.867962368071412	1.1038850251646481
HELB-R	0.14084233239208485	0.8686262551254308	1.101034617700797
AURKB-R	0.13140323343003146	0.8768641221659831	1.1077716743363586
H2BC9-R	-0.13140323343003146	0.8768641221659831	1.104091369770457
POLK-R	-0.13140323343003146	0.8768641221659831	1.1004354380824755
NSD2-R	0.13029291199630486	0.8778382639004355	1.098022118872162
MCM10-R	-0.13029291199630486	0.8778382639004355	1.0801970844748867
UBE2V2-R	-0.13029291199630486	0.8778382639004355	1.076701301029984
CDKN2D-R	0.13029291199630486	0.8778382639004355	1.0944102040074508
DGUOK-R	-0.13029291199630486	0.8778382639004355	1.0872571961381212
FAAP24-R	-0.13029291199630486	0.8778382639004355	1.0837156417533065
CDK4-R	0.13029291199630486	0.8778382639004355	1.0908219738303773
SAMHD1-R	-0.1228655124976607	0.8843825929693556	1.0812290410818897
POLD1-R	-0.10413847668349135	0.9011005073713949	1.0981256986937578
APEX1-R	0.09589608638264605	0.908558422755837	1.1036655199501995
UFD1-R	-0.09488273694424641	0.9094795765698139	1.1012548227474743
HMGN1-R	0.08929191122671032	0.9145785588550126	1.1039021458791394
HERC2-R	-0.08821908253994852	0.9155602714798231	1.0877659651750877
HUS1-R	0.08821908253994852	0.9155602714798231	1.1015788663201682
BRCA2-R	-0.08821908253994852	0.9155602714798231	1.0980928572495348
H2BC11-R	0.08821908253994852	0.9155602714798231	1.094628841926981
TINF2-R	-0.08821908253994852	0.9155602714798231	1.0911866128643175
GTF2H5-R	0.0853631601080672	0.9181787779427792	1.0874679901259792
UBA7-R	-0.0853631601080672	0.9181787779427792	1.0840802393779232
H2BC12-R	0.08170879536400132	0.9215402764275241	1.0846700769131417
H2BC15-R	-0.08170879536400132	0.9215402764275241	1.0779745826112086
RAD23A-R	0.08170879536400132	0.9215402764275241	1.0813119652199121
POLR2C-R	-0.08170879536400132	0.9215402764275241	1.0746577377416358
NUDT18-R	0.0711932709613478	0.9312818849878786	1.0760848610073355
CLK2-R	0.0711932709613478	0.9312818849878786	1.0728140863538176
POLN-R	-0.0711932709613478	0.9312818849878786	1.0826866086208773
TICRR-R	-0.0711932709613478	0.9312818849878786	1.079375640398795
AURKA-R	0.06586290020297003	0.9362592164414325	1.0752795243372817
POLQ-R	-0.06194645216329091	0.9399332168339569	1.076237731661842
CUL4A-R	-0.06194645216329091	0.9399332168339569	1.0729960517471977
VCP-R	-0.05384619137445425	0.9475778409392167	1.0752455141196502
CHTF18-R	0.05384619137445425	0.9475778409392167	1.0688452432022713
PPP4C-R	0.05384619137445425	0.9475778409392167	1.078474479627517
BOD1L1-R	-0.05384619137445425	0.9475778409392167	1.0720358260178005
POLR2D-R	0.04967855114154871	0.9515352452635792	1.0701242075812953
KPNA2-R	0.04457942959020562	0.9563996306458147	1.0724126035939756
GINS4-R	0.04457942959020562	0.9563996306458147	1.0692491445863237
AEN-R	-0.03884181503953166	0.9619028556776027	1.0722387714759158
POLG-R	0.03516681404030184	0.9654443531509105	1.0698930112403366
RBX1-R	0.03516681404030184	0.9654443531509105	1.0730305274023317
ACD-R	-0.03301920877365446	0.9675199745383375	1.0690672604957139
POLE-R	0.025879002038749186	0.9744529893008345	1.073597915537838
POLR2E-R	-0.025879002038749186	0.9744529893008345	1.0704860375217862
CCNA2-R	0.02505011219122721	0.9752610383361094	1.068277264535796
TRIP13-R	-0.02505011219122721	0.9752610383361094	1.0651986557042807
STK19-R	-0.02384937475756297	0.9764327741051528	1.0634138545570486
SIRT6-R	0.02384937475756297	0.9764327741051528	1.060366823455166
UBE2I-R	-0.02314377858849601	0.977121984453409	1.0490913090873712
RTEL1-R	0.02314377858849601	0.977121984453409	1.0431809355150479
RRM2-R	-0.02314377858849601	0.977121984453409	1.0520716821245513
PLK1-R	-0.02314377858849601	0.977121984453409	1.0461277743159378
ERCC6L-R	-0.02314377858849601	0.977121984453409	1.0402506519883203
RAD52-R	-0.02314377858849601	0.977121984453409	1.05808352030812
ATRX-R	0.02314377858849601	0.977121984453409	1.0550690373442793
GADD45A-R	0.02118090295568636	0.9790418369864395	1.039374947388965
JMJD6-R	-0.02118090295568636	0.9790418369864395	1.0364716654130184
CDC6-R	-0.019933004902327852	0.9802643440123947	1.03200051772416
SLX1A-R	0.019933004902327852	0.9802643440123947	1.0348751709768735
ALKBH1-R	0.011151119258914419	0.9889108240120494	1.0382193969544784
RNF111-R	-0.009288142071011196	0.9907548594827236	1.0372820213921332
NFRKB-R	-0.00226130401398189	0.9977412508078342	1.041718826601017
PLRG1-R	3.8640140373300555E-4	0.999613673239675	1.0322985889859313
YWHAB-R	3.8640140373300555E-4	0.999613673239675	1.0211686850615547
PARP4-R	-3.8640140373300555E-4	0.999613673239675	1.0129774924006332
TOP2A-R	3.8640140373300555E-4	0.999613673239675	1.002258153856711
TERT-R	3.8640140373300555E-4	0.999613673239675	1.0351190769339804
NPLOC4-R	3.8640140373300555E-4	0.999613673239675	1.0294934297767304
GTF2H1-R	-3.8640140373300555E-4	0.999613673239675	1.0184236079511741
TERF2-R	-3.8640140373300555E-4	0.999613673239675	1.0156932497529136
UBE2A-R	-3.8640140373300555E-4	0.999613673239675	1.0102762190875647
PKMYT1-R	-3.8640140373300555E-4	0.999613673239675	1.0379550196105118
PTEN-R	3.8640140373300555E-4	0.999613673239675	1.007589314249566
H2AX-R	-3.8640140373300555E-4	0.999613673239675	1.0049166635486386
ATM-R	3.8640140373300555E-4	0.999613673239675	1.0408065443896615
RHNO1-R	3.8640140373300555E-4	0.999613673239675	1.0267034746824846
ELL-R	3.8640140373300555E-4	0.999613673239675	1.023928600426586
PER1-R	-3.8640140373300555E-4	0.999613673239675	0.9996136732396749