Overall graph size pval = 0.9209
Gene	Downstream crowded pval	Downstream suggests activation pval	Downstream suggests inhibition pval
MAPK10	0.0309	0.002	0.2006
CDK6	0.0709	0.0048	0.294
NEK9	0.0614	1.0	0.0477
PKN1	0.067	1.0	0.0516
AURKB	0.0814	1.0	0.0517
PKC	0.0785	1.0	0.0593
RAC1	0.0822	1.0	0.0597
CDC42	0.095	1.0	0.0654
UHMK1	0.1001	1.0	0.0762
MAPK7	0.107	1.0	0.0837
CDK7	0.3355	0.0878	0.2718
FAM20C	0.0879	0.112	0.3237
PRKCA	0.1521	1.0	0.0975
DYRK2	0.1291	1.0	0.103
MAPKAPK5	0.1337	1.0	0.105
CDK5	0.1695	0.1554	0.1097
PRKAA2	0.1437	1.0	0.1122
AKT1	0.1823	1.0	0.1155
MAPK14	0.4349	0.1286	1.0
PRKCB	0.1753	1.0	0.1362
GSK3B	0.1509	0.1448	0.4077
MAPKAPK2	0.192	1.0	0.1527
MAPK8	0.5121	0.1552	1.0
AKT2	0.2358	1.0	0.1891
PRKCD	0.2677	1.0	0.2091
CHEK1	0.288	1.0	0.2277
CSNK2A1	0.6861	0.238	1.0
PAK1	0.3325	1.0	0.2621
MAPK3	0.4073	1.0	0.2907
CDK2	0.8307	0.3413	1.0
CDK1	0.5467	0.3521	0.4048
PRKACA	0.7595	1.0	0.6647
MAPK1	0.8659	1.0	0.7845
ARAF	1.0	1.0	1.0
ACTB	1.0	1.0	1.0
RPS6KA4	1.0	1.0	1.0
RPS6KA3	1.0	1.0	1.0
TBK1	1.0	1.0	1.0
RPS6KA5	1.0	1.0	1.0
PPP2R1B	1.0	1.0	1.0
PPP2R1A	1.0	1.0	1.0
PRKACG	1.0	1.0	1.0
RPS6KA2	1.0	1.0	1.0
CHEK2	1.0	1.0	1.0
AKT3	1.0	1.0	1.0
RPS6KA1	1.0	1.0	1.0
KDR	1.0	1.0	1.0
BTRC	1.0	1.0	1.0
PRKACB	1.0	1.0	1.0
PRKCG	1.0	1.0	1.0
PRKCI	1.0	1.0	1.0
PRKCH	1.0	1.0	1.0
DAPK1	1.0	1.0	1.0
PRKCE	1.0	1.0	1.0
CSNK2A2	1.0	1.0	1.0
BCR	1.0	1.0	1.0
PRKD3	1.0	1.0	1.0
CSNK2B	1.0	1.0	1.0
BTK	1.0	1.0	1.0
ULK1	1.0	1.0	1.0
PRKCQ	1.0	1.0	1.0
PRKD2	1.0	1.0	1.0
SIK1	1.0	1.0	1.0
PRKD1	1.0	1.0	1.0
TP53	1.0	1.0	1.0
PRKDC	1.0	1.0	1.0
PDGFB	1.0	1.0	1.0
NLK	1.0	1.0	1.0
PRKCZ	1.0	1.0	1.0
PPP3R1	1.0	1.0	1.0
PLCG2	1.0	1.0	1.0
SFN	1.0	1.0	1.0
PLCG1	1.0	1.0	1.0
LYN	1.0	1.0	1.0
PLK3	1.0	1.0	1.0
YES1	1.0	1.0	1.0
FZD2	1.0	1.0	1.0
INSR	1.0	1.0	1.0
PLK1	1.0	1.0	1.0
FN1	1.0	1.0	1.0
PTK6	1.0	1.0	1.0
CDC7	1.0	1.0	1.0
BRAF	1.0	1.0	1.0
PTK2	1.0	1.0	1.0
GRB2	1.0	1.0	1.0
ATM	1.0	1.0	1.0
CALM1	1.0	1.0	1.0
CALM2	1.0	1.0	1.0
CDK16	1.0	1.0	1.0
ATR	1.0	1.0	1.0
RET	1.0	1.0	1.0
IKBKB	1.0	1.0	1.0
RPTOR	1.0	1.0	1.0
SMPD1	1.0	1.0	1.0
JAK2	1.0	1.0	1.0
IKBKE	1.0	1.0	1.0
JAK1	1.0	1.0	1.0
SYK	1.0	1.0	1.0
HCK	1.0	1.0	1.0
SGK3	1.0	1.0	1.0
SGK1	1.0	1.0	1.0
GNAI3	1.0	1.0	1.0
CK1	1.0	1.0	1.0
CXCR4	1.0	1.0	1.0
EGFR	1.0	1.0	1.0
GNAI1	1.0	1.0	1.0
GNAI2	1.0	1.0	1.0
PPP2CA	1.0	1.0	1.0
PPP2CB	1.0	1.0	1.0
FLNA	1.0	1.0	1.0
PAK2	1.0	1.0	1.0
PAK4	1.0	1.0	1.0
MAP3K1	1.0	1.0	1.0
CSNK1A1	1.0	1.0	1.0
VEGFA	1.0	1.0	1.0
HIPK2	1.0	1.0	1.0
KITLG	1.0	1.0	1.0
STK17A	1.0	1.0	1.0
CAMK4	1.0	1.0	1.0
CTNNB1	1.0	1.0	1.0
CDK5R1	1.0	1.0	1.0
EPO	1.0	1.0	1.0
PIM1	1.0	1.0	1.0
MAP3K8	1.0	1.0	1.0
NEK3	1.0	1.0	1.0
PIM2	1.0	1.0	1.0
MAP3K7	1.0	1.0	1.0
PDGFRB	1.0	1.0	1.0
MAP2K1	1.0	1.0	1.0
CDKL5	1.0	1.0	1.0
WNT5A	1.0	1.0	1.0
DYRK1A	1.0	1.0	1.0
DYRK1B	1.0	1.0	1.0
TNNI3K	1.0	1.0	1.0
RAF1	1.0	1.0	1.0
BLK	1.0	1.0	1.0
GNAZ	1.0	1.0	1.0
SHC1	1.0	1.0	1.0
STK3	1.0	1.0	1.0
CCNB2	1.0	1.0	1.0
CCNB1	1.0	1.0	1.0
GRK5	1.0	1.0	1.0
STK38	1.0	1.0	1.0
ABL1	1.0	1.0	1.0
ABL2	1.0	1.0	1.0
MAP2K7	1.0	1.0	1.0
MARK3	1.0	1.0	1.0
MARK2	1.0	1.0	1.0
NEK6	1.0	1.0	1.0
CLK2	1.0	1.0	1.0
GNAO1	1.0	1.0	1.0
CLK1	1.0	1.0	1.0
GH2	1.0	1.0	1.0
CDK9	1.0	1.0	1.0
GH1	1.0	1.0	1.0
CDK4	1.0	1.0	1.0
GNAQ	1.0	1.0	1.0
GNB1	1.0	1.0	1.0
PIN1	1.0	1.0	1.0
YWHAE	1.0	1.0	1.0
DYRK4	1.0	1.0	1.0
DYRK3	1.0	1.0	1.0
GSK3A	1.0	1.0	1.0
YWHAB	1.0	1.0	1.0
ITGB3	1.0	1.0	1.0
ARRB2	1.0	1.0	1.0
YWHAQ	1.0	1.0	1.0
MLST8	1.0	1.0	1.0
PRKG2	1.0	1.0	1.0
YWHAG	1.0	1.0	1.0
PRKG1	1.0	1.0	1.0
YWHAH	1.0	1.0	1.0
HSP90AA1	1.0	1.0	1.0
CHUK	1.0	1.0	1.0
AMP	1.0	1.0	1.0
PDPK1	1.0	1.0	1.0
NRG1	1.0	1.0	1.0
TRAF2	1.0	1.0	1.0
PPP2R5D	1.0	1.0	1.0
YWHAZ	1.0	1.0	1.0
FGR	1.0	1.0	1.0
ZAP70	1.0	1.0	1.0
LCK	1.0	1.0	1.0
TRAF6	1.0	1.0	1.0
MET	1.0	1.0	1.0
CAMK2B	1.0	1.0	1.0
PRKAA1	1.0	1.0	1.0
CAMK2D	1.0	1.0	1.0
SRC	1.0	1.0	1.0
ROCK2	1.0	1.0	1.0
CAMK2A	1.0	1.0	1.0
AURKA	1.0	1.0	1.0
MAPK9	1.0	1.0	1.0
ERBB2	1.0	1.0	1.0
FYN	1.0	1.0	1.0
CSK	1.0	1.0	1.0
BUB1	1.0	1.0	1.0
CAMK2G	1.0	1.0	1.0
EGF	1.0	1.0	1.0
EPOR	1.0	1.0	1.0
MAPK12	1.0	1.0	1.0
MTOR	1.0	1.0	1.0
MAPK13	1.0	1.0	1.0
MAPK11	1.0	1.0	1.0
WEE1	1.0	1.0	1.0
RPS6KB1	1.0	1.0	1.0