

Data type: org.panda.causalpath.data.SiteModProteinData
Row ID	Change amount	P-value	Q-value
MDC1-P-S793	1.5129643490407148	0.2202560933280966	136.77903395674798
FANCD2-P-S1435	1.5129643490407148	0.2202560933280966	68.38951697837399
APBB1-P-T709	-0.9902785879903524	0.3714731886363623	76.894950047727
TP53BP1-P-S1635	0.9902785879903524	0.3714731886363623	57.67121253579525
MCM4-P-T19	0.9902785879903524	0.3714731886363623	32.954978591883
MDC1-P-S376	0.9902785879903524	0.3714731886363623	28.835606267897624
RBBP8-P-T315	0.9902785879903524	0.3714731886363623	25.631650015909
RIF1-P-S2205	0.9902785879903524	0.3714731886363623	20.971350013016455
UBE2T-P-S184	0.9902785879903524	0.3714731886363623	17.744988472552386
XRCC1-P-S461	0.9902785879903524	0.3714731886363623	16.4774892959415
MDC1-P-S329	0.9902785879903524	0.3714731886363623	15.378990009545399
BAP1-P-S292	0.9902785879903524	0.3714731886363623	12.8158250079545
MSH6-P-S227	0.9902785879903524	0.3714731886363623	11.53424250715905
PARP1-P-S75	-0.9902785879903524	0.3714731886363623	8.872494236276193
RIF1-P-S1688	0.9902785879903524	0.3714731886363623	46.1369700286362
BAZ1B-P-S1342	0.9902785879903524	0.3714731886363623	38.4474750238635
RIF1-P-S1236	0.9902785879903524	0.3714731886363623	23.0684850143181
TP53BP1-P-S1701	0.9902785879903524	0.3714731886363623	19.22373751193175
TOP2B-P-S1550	0.9902785879903524	0.3714731886363623	14.417803133948812
PARP1-P-S782	0.9902785879903524	0.3714731886363623	13.56969706724594
CDK7-P-T170	-0.9902785879903524	0.3714731886363623	12.141307902272684
BAZ1B-P-S158	0.9902785879903524	0.3714731886363623	10.984992863961
MCM3-P-T722	0.9902785879903524	0.3714731886363623	10.485675006508227
TP53BP1-P-S523-S525	0.9902785879903524	0.3714731886363623	10.029776093181782
TICRR-P-S923	0.9902785879903524	0.3714731886363623	9.611868755965874
LIG1-P-S141	0.9902785879903524	0.3714731886363623	9.22739400572724
SETMAR-P-S508	0.9902785879903524	0.3714731886363623	8.543883338636332
APBB1-P-S517	-0.9902785879903524	0.3714731886363623	8.23874464797075
TP53BP1-P-T855	0.9854106781944678	0.37328589507637994	7.477759382013934
BAZ1B-P-S493	-0.9854106781944678	0.37328589507637994	7.244079401325998
PRKDC-P-S2612	0.9854106781944678	0.37328589507637994	7.024561843710059
KAT5-P-S86-S90	0.9854106781944678	0.37328589507637994	6.817957083600939
ELL-P-T180	0.9854106781944678	0.37328589507637994	7.993466925601101
RIF1-P-S1616	0.9854106781944678	0.37328589507637994	7.727018028081065
PRKDC-P-S893	0.9130566186930849	0.40129573942701074	7.120132976690677
RIF1-P-S1542	0.9125511728841234	0.4014986239459038	6.738666093794764
MRE11-P-S689	-0.9125511728841234	0.4014986239459038	6.39309347360016
LRWD1-P-S212	0.9125511728841234	0.4014986239459038	6.081235255375763
LRWD1-P-S253	0.9125511728841234	0.4014986239459038	5.666605578872869
ATR-P-S435	0.9125511728841234	0.4014986239459038	6.925851263066841
MSH6-P-S41	0.9125511728841234	0.4014986239459038	6.561332775537007
RMI1-P-S292	0.9125511728841234	0.4014986239459038	6.2332661367601565
TIMELESS-P-S1121	0.9125511728841234	0.4014986239459038	5.936443939771578
BAZ1B-P-S189	0.9125511728841234	0.4014986239459038	5.798387103962937
MDC1-P-S882	0.9098254550073965	0.40259448875334175	5.555803944796116
SMARCC1-P-S310	0.8945605013323796	0.4087872206049463	5.518627478166775
RECQL5-P-S815	0.8945605013323796	0.4087872206049463	5.401209872248333
ORC2-P-S111	0.8004411585773834	0.44913078250860694	5.810629498705102
TOP2B-P-S1400	0.7881996374074295	0.45466261644102507	5.76215275122197
WDR48-P-S373	-0.7848584480217158	0.4561842710016037	5.665808645839918
PRKDC-P-T2603	-0.7464925052807546	0.47402628497975974	5.771967117106486
H2AX-P-S122	0.6925417027528447	0.5003028305728944	5.974770342033988
ORC2-P-T116	0.6727709558313721	0.510292618605138	5.868365113959087
TP53BP1-P-T321	0.6727709558313721	0.510292618605138	5.979088984033787
CHEK2-P-S303	-0.6727709558313721	0.510292618605138	5.761667566432558
LIG1-P-T233	-0.6727709558313721	0.510292618605138	5.6587806456034055
TP53BP1-P-T1609	0.6480006464582714	0.5230905749461626	5.600676673130465
RIF1-P-S1422	0.6480006464582714	0.5230905749461626	5.698934158623982
POLR2E-P-Y26-T36	-0.6480006464582714	0.5230905749461626	5.5057499498570674
DDB2-P-S26	0.6438092335093661	0.525287664794334	5.436727330621356
MCM3-P-T674	0.6438092335093661	0.525287664794334	5.018517535958176
TICRR-P-S1045	0.6438092335093661	0.525287664794334	5.347600653070187
RECQL5-P-S727	0.6438092335093661	0.525287664794334	5.261349029633571
MCM3-P-S672	0.6438092335093661	0.525287664794334	5.177835552972721
CHAF1A-P-S206	0.6438092335093661	0.525287664794334	5.096931872457522
POLQ-P-S1587	0.6438092335093661	0.525287664794334	4.94247939147396
UIMC1-P-S171	0.6438092335093661	0.525287664794334	4.868711042347484
TOP2B-P-S1413	0.6406391582444504	0.5269555084256523	4.742599575830871
MDC1-P-S1775	0.6406391582444504	0.5269555084256523	4.674848153319001
ATRX-P-S1527	-0.6406391582444504	0.5269555084256523	4.812343687240149
SLX4-P-S1028	0.6344019354144564	0.530252518758644	4.6378424528044775
POLR2A-P-S1910	0.6296919263873182	0.5327559037636848	4.595019669961781
ATRX-P-S974	-0.6296919263873182	0.5327559037636848	4.5320741950307974
TP53BP1-P-S532	-0.6296919263873182	0.5327559037636848	4.4708299491520025
SMARCC1-P-S330	-0.6296919263873182	0.5327559037636848	4.4112188831633095
HERC2-P-S1942	0.6296919263873182	0.5327559037636848	4.3531765294374765
RAD23A-P-S133	0.6232159771481349	0.5362171994442787	4.324556894219442
LIG3-P-S853	-0.6232159771481349	0.5362171994442787	4.215074441201229
ATR-P-S464	-0.6232159771481349	0.5362171994442787	4.269113857114065
TOP2B-P-S1466	0.6165729310020652	0.5397911729366242	4.190128979920545
TCEA1-P-S100	0.608146755124068	0.5443587649388988	4.17341719786489
MSH6-P-S935	0.608146755124068	0.5443587649388988	4.122521866183612
TIMELESS-P-S1173	0.608146755124068	0.5443587649388988	4.072852928036821
BOD1L1-P-S1077	0.6028021398954302	0.5472759417335228	4.045932854958544
ABRAXAS1-P-S406	0.6028021398954302	0.5472759417335228	3.9983336449002076
MRE11-P-S619	-0.5765496964965828	0.5618335223787915	4.056960667409645
SUMO1-P-T76	0.5765496964965828	0.5618335223787915	4.010328935600339
EYA2-P-S257	0.5765496964965828	0.5618335223787915	3.9647570158776078
TIMELESS-P-S1087	0.5765496964965828	0.5618335223787915	3.9202091842385336
MSH6-P-S65	0.5441805495993113	0.5803171296563054	4.004188194628508
WDHD1-P-S383	0.5207007646129931	0.5941040749503	4.010202505914526
GPS1-P-S474	0.5207007646129931	0.5941040749503	4.054270665320179
LIG1-P-S229	-0.5059384661982186	0.6029394715203046	4.026079696925905
SMARCA5-P-S66	-0.5059384661982186	0.6029394715203046	3.9413201243590437
ELL-P-S319	0.5059384661982186	0.6029394715203046	3.9002647063969706
RFC1-P-S69	0.5059384661982186	0.6029394715203046	3.8600557918980325
PCLAF-P-S72	0.5059384661982186	0.6029394715203046	3.82066746749091
TOP2B-P-S1441	0.5059384661982186	0.6029394715203046	3.7442541181410918
RPA1-P-S38	0.5059384661982186	0.6029394715203046	3.7071822951891997
H2AX-P-Y143	-0.5059384661982186	0.6029394715203046	3.565956302991516
CHTF18-P-S871	0.5059384661982186	0.6029394715203046	3.4669019612417515
MCM2-P-T106	-0.5059384661982186	0.6029394715203046	3.4350955212303593
MSH6-P-S252	0.5059384661982186	0.6029394715203046	3.3732019082352176
SLX4-P-S601	0.5059384661982186	0.6029394715203046	3.9832490618522254
BAP1-P-S597	0.5059384661982186	0.6029394715203046	3.7820748668091837
SIRT6-P-S330	0.5059384661982186	0.6029394715203046	3.6708373707265607
FTO-P-T4	0.5059384661982186	0.6029394715203046	3.6351981729525162
MSH6-P-S309	0.5059384661982186	0.6029394715203046	3.6002443443664345
SMARCAL1-P-S112	0.5059384661982186	0.6029394715203046	3.532315205793483
KDM4A-P-S520	0.5059384661982186	0.6029394715203046	3.499302914150553
TP53BP1-P-S1362	0.5059384661982186	0.6029394715203046	3.4038673801282653
TOP2A-P-S1106	0.5014354252139765	0.6056606548734564	3.3581720238965755
PNKP-P-T118	0.4973011042491748	0.608169833717772	3.342243068484393
TP53BP1-P-S598	-0.49257880147997546	0.6110485876317541	3.299662373211472
ERCC6-P-S158	-0.49257880147997546	0.6110485876317541	3.1360427513993328
SMARCA4-P-S1382	0.49257880147997546	0.6110485876317541	3.035689383354554
RIF1-P-T409	0.49257880147997546	0.6110485876317541	3.3286067799940287
POLD3-P-S307	0.49257880147997546	0.6110485876317541	3.271217007925166
RIF1-P-S1238	0.49257880147997546	0.6110485876317541	3.24325788819931
ATM-P-S1891	0.49257880147997546	0.6110485876317541	3.215772651858638
SLX4-P-S467	0.49257880147997546	0.6110485876317541	3.188749352263187
MDC1-P-T1671	-0.49257880147997546	0.6110485876317541	3.1621764409943274
RECQL5-P-S491	0.49257880147997546	0.6110485876317541	3.1103374829452397
USP1-P-S327	0.49257880147997546	0.6110485876317541	3.085050186335929
KDM4B-P-S622	-0.49257880147997546	0.6110485876317541	3.060170749349349
TP53BP1-P-S398	0.48727959373513285	0.6142952558267958	2.9571887896778306
NBN-P-S509	-0.48727959373513285	0.6142952558267958	2.934441183603386
TOP2B-P-S1236	0.48727959373513285	0.6142952558267958	2.8468459243913444
CDC5L-P-T424	0.48727959373513285	0.6142952558267958	2.8049805431502954
ABL1-P-S718	-0.48727959373513285	0.6142952558267958	2.7845062326163514
RFC1-P-T506	0.48727959373513285	0.6142952558267958	2.7444413947369797
PARP1-P-T368	0.48727959373513285	0.6142952558267958	2.7248382419174297
NUDT5-P-T7	0.48727959373513285	0.6142952558267958	2.686460238510142
RECQL4-P-S89	0.48727959373513285	0.6142952558267958	2.667673803275805
LRWD1-P-S259	0.48727959373513285	0.6142952558267958	2.6491482907530566
BOD1L1-P-S2986	0.48727959373513285	0.6142952558267958	3.027598046574922
WEE1-P-S139	0.48727959373513285	0.6142952558267958	3.0037586918774815
TOP2B-P-S1522	0.48727959373513285	0.6142952558267958	2.9802918270971888
CETN2-P-S20	0.48727959373513285	0.6142952558267958	2.912040869224734
RAD23B-P-S160	0.48727959373513285	0.6142952558267958	2.889979953548789
ACTB-P-T318	0.48727959373513285	0.6142952558267958	2.8682507809657154
ACTB-P-S233	-0.48727959373513285	0.6142952558267958	2.8257581768032605
TRIM25-P-S100	-0.48727959373513285	0.6142952558267958	2.764328651220581
UNG-P-T60	0.48727959373513285	0.6142952558267958	2.7055131480031216
TP53BP1-P-S1002	-0.47419512654668333	0.6223857967272226	2.6114971605919273
NSD2-P-T544	0.47419512654668333	0.6223857967272226	2.5939703340107734
MCM3-P-S711-T722	0.47419512654668333	0.6223857967272226	2.665528136328312
TICRR-P-S599	0.47419512654668333	0.6223857967272226	2.6472710942986657
TICRR-P-S292	0.47419512654668333	0.6223857967272226	2.6292624473986748
FANCD2-P-S1412	0.45887436368656537	0.6319946413887049	2.616457815349238
TP53BP1-P-S1094	0.45887436368656537	0.6319946413887049	2.5991302801482496
FTO-P-S256	0.45887436368656537	0.6319946413887049	2.582030738831485
LIG1-P-S51	-0.45527945505468037	0.6342706930279933	2.574392812878326
RECQL4-P-S27	0.4500005536722777	0.63762779858484	2.5546249220721653
TCEA1-P-S81	-0.4500005536722777	0.63762779858484	2.5382491212896516
SLX4-P-S1044	0.4500005536722777	0.63762779858484	2.5712133955921144
DUT-P-S99	0.4450192244865021	0.6408119566330914	2.534676592797132
TP53BP1-P-S635	0.4387350934117447	0.6448515824380425	2.534511599329268
DDB2-P-S24	0.4282246965506719	0.651664971475409	2.545182058403956
TP53BP1-P-T922	0.4282246965506719	0.651664971475409	2.529274670538931
RIF1-P-S1579	0.42600213517901264	0.6531149476018578	2.5191576550357375
TOP2B-P-S1375	-0.4178234986151764	0.6584784405253563	2.4933848266234526
CHAF1A-P-S141	0.4178234986151764	0.6584784405253563	2.4633440455797966
MSH6-P-S14	0.4178234986151764	0.6584784405253563	2.524167355347199
XRCC6-P-S27	0.4178234986151764	0.6584784405253563	2.5086816660505904
POLR2A-P-S1910-S1917	-0.4178234986151764	0.6584784405253563	2.4782734034317953
BOD1L1-P-S2780	-0.4012546098877225	0.669479583214671	2.4895019232114417
TERF2IP-P-S154	0.39867088786111615	0.6712115688814382	2.481085620686745
RAD9A-P-S328	0.39573717960986193	0.6731835990656345	2.4736509764482784
XRCC5-P-S175	0.3891671556185341	0.6776209923906246	2.4608341302606895
ACTB-P-S368	0.3891671556185341	0.6776209923906246	2.4465269550847553
TTK-P-S321	0.3891671556185341	0.6776209923906246	2.4045864929975878
MRE11-P-S688-S689	-0.3891671556185341	0.6776209923906246	2.475309625144576
TIMELESS-P-S1149	0.3891671556185341	0.6776209923906246	2.432385180777907
ATRIP-P-S518	0.3891671556185341	0.6776209923906246	2.4184059556010222
PPP4R2-P-S226	0.3891671556185341	0.6776209923906246	2.39092406974192
TP53BP1-P-S1101	0.3891671556185341	0.6776209923906246	2.3774160241501576
ATRX-P-S889	-0.3772043627761895	0.685775912505299	2.3925103464370263
TP53BP1-P-S525	0.3759315946727351	0.6866493019060356	2.3429077828771874
ATRX-P-S84	0.3759315946727351	0.6866493019060356	2.3301050081073664
ATRX-P-S316	0.3759315946727351	0.6866493019060356	2.2925226692669254
SAMHD1-P-S33	0.3759315946727351	0.6866493019060356	2.280263189752129
MDC1-P-S495	-0.3759315946727351	0.6866493019060356	2.382174393763397
MDC1-P-T1425	-0.3759315946727351	0.6866493019060356	2.3689400915758227
CUL4B-P-S146	0.3759315946727351	0.6866493019060356	2.3558520247715364
NBN-P-S347	-0.3759315946727351	0.6866493019060356	2.31744139393287
ABL1-P-S884	-0.3759315946727351	0.6866493019060356	2.304914683695395
ATRX-P-S819	0.3543496423735803	0.7016296050228851	2.3176169399958066
EYA2-P-T404	0.3333494822893719	0.7165197394345857	2.3542791438564956
TCEA1-P-S57	0.3298063602307198	0.7190629591371797	2.3502005138115187
PARP1-P-S177	0.3298063602307198	0.7190629591371797	2.3378957990795213
DDB2-P-T148	0.3298063602307198	0.7190629591371797	2.3257192584593156
PTEN-P-S370	-0.32318139141775837	0.7238425436337317	2.3290477699302974
BAZ1B-P-S1468	-0.3106881386412655	0.7329424166488915	2.346171344015266
SMARCC1-P-S573	0.3106881386412655	0.7329424166488915	2.3222308200967428
TP53BP1-P-S640	0.3106881386412655	0.7329424166488915	2.334139696097239
NSD2-P-S121	0.30894549378595787	0.7342207885310787	2.314472637958375
KPNA2-P-S62	0.3087882332434221	0.7343362615700626	2.3031455476515603
MCM3-P-S672-T674	-0.3087882332434221	0.7343362615700626	2.291571951934718
MCM3-P-S160	0.3087882332434221	0.7343362615700626	2.2801140921750447
UIMC1-P-S653	0.3087882332434221	0.7343362615700626	2.2354059727206317
ABL1-P-S569	0.3087882332434221	0.7343362615700626	2.224501553341507
TP53BP1-P-S999	0.3087882332434221	0.7343362615700626	2.2137030021116937
MDC1-P-S780	0.3087882332434221	0.7343362615700626	2.1819273609330567
TICRR-P-T566	0.3087882332434221	0.7343362615700626	2.1612455850000423
TP53BP1-P-S809	0.3087882332434221	0.7343362615700626	2.091847790986279
LIG1-P-T195	-0.3087882332434221	0.7343362615700626	2.0822959745890817
MSH6-P-S261	0.3087882332434221	0.7343362615700626	2.0541568397973373
BOD1L1-P-S3019	-0.3087882332434221	0.7343362615700626	2.026768081933373
LIG1-P-S4-S7	-0.3087882332434221	0.7343362615700626	2.0178000815708357
GPS1-P-T479-S483	0.3087882332434221	0.7343362615700626	2.008911094427352
MDC1-P-S299	0.3087882332434221	0.7343362615700626	2.2687702409701935
SMARCC1-P-S328-S330	0.3087882332434221	0.7343362615700626	2.2575387051238063
XRCC6-P-S324	0.3087882332434221	0.7343362615700626	2.2464178248029993
MNAT1-P-T51	0.3087882332434221	0.7343362615700626	2.203008784710188
TOP2B-P-S1581	-0.3087882332434221	0.7343362615700626	2.192417396322158
BAZ1B-P-S347	0.3087882332434221	0.7343362615700626	2.1715372306428997
RECQL5-P-S488	0.3087882332434221	0.7343362615700626	2.1510510303538157
NBN-P-S343	-0.3087882332434221	0.7343362615700626	2.140952199225394
CLK2-P-S75	-0.3087882332434221	0.7343362615700626	2.130947749696303
RAD23A-P-S92	-0.3087882332434221	0.7343362615700626	2.1210363648139947
TRIM25-P-S97	-0.3087882332434221	0.7343362615700626	2.11121675201393
SMARCA5-P-S137	-0.3087882332434221	0.7343362615700626	2.1014876425576445
BOD1L1-P-S2475	0.3087882332434221	0.7343362615700626	2.072830992886404
ATRX-P-S677	0.3087882332434221	0.7343362615700626	2.063451667126737
ATRX-P-S213	-0.3087882332434221	0.7343362615700626	2.044945374148022
YY1-P-S247	0.3087882332434221	0.7343362615700626	2.035816153727718
PRKDC-P-S511	0.3087882332434221	0.7343362615700626	2.000100080855302
MCM4-P-T23	0.30381473304893497	0.737997580347521	2.0012947484533212
TOP2B-P-S1552	0.30381473304893497	0.737997580347521	1.9925934669383067
TOP2A-P-S1247	0.2956073250968876	0.7440795520275432	1.9662697949323589
HMGN1-P-S86	0.2956073250968876	0.7440795520275432	1.9333615138456248
CDC5L-P-T404	0.2956073250968876	0.7440795520275432	1.925305840871268
ACTB-P-S365	0.2956073250968876	0.7440795520275432	1.9093942223516707
ACTB-P-S52	-0.2956073250968876	0.7440795520275432	1.8860138849351198
ATRX-P-S25	-0.2956073250968876	0.7440795520275432	1.8783471618256273
MDC1-P-S955	0.2956073250968876	0.7440795520275432	1.8707425174457666
TERF1-P-T371	0.2956073250968876	0.7440795520275432	1.8482936072364173
LIG1-P-S66	-0.2956073250968876	0.7440795520275432	1.8191866212956864
NUDT5-P-S3	0.2956073250968876	0.7440795520275432	1.8120525561141345
APBB1-P-S205	0.2956073250968876	0.7440795520275432	1.7979509798019624
XRCC6-P-S2	-0.2956073250968876	0.7440795520275432	1.790982177554668
XRCC1-P-S447-T453	0.2956073250968876	0.7440795520275432	2.0003177567493693
ELL-P-S442	0.2956073250968876	0.7440795520275432	1.991695697453036
LIG3-P-S913	0.2956073250968876	0.7440795520275432	1.9831476472493748
TP53BP1-P-S294	0.2956073250968876	0.7440795520275432	1.9746726573038647
XPC-P-S884	0.2956073250968876	0.7440795520275432	1.9579381432589167
TP53BP1-P-S630	0.2956073250968876	0.7440795520275432	1.9496768008822967
ABL1-P-T781	-0.2956073250968876	0.7440795520275432	1.9414848815508585
RAD23B-P-S166	0.2956073250968876	0.7440795520275432	1.9173170199547898
BABAM1-P-S49	0.2956073250968876	0.7440795520275432	1.901536632959277
RNMT-P-T77	0.2956073250968876	0.7440795520275432	1.8937434500373127
CDC5L-P-T355	0.2956073250968876	0.7440795520275432	1.8631992008431626
ABL1-P-Y185	-0.2956073250968876	0.7440795520275432	1.855716473128933
BABAM1-P-S66	0.2956073250968876	0.7440795520275432	1.8409298876856746
MBD4-P-S422	0.2956073250968876	0.7440795520275432	1.8336246103535887
NBN-P-S397	-0.2956073250968876	0.7440795520275432	1.8263770822494243
POLR2A-P-S1861	0.2956073250968876	0.7440795520275432	1.8049742258168138
USP10-P-S576	0.29230975186252484	0.7465372588495736	1.7899599912956958
HMGN1-P-S7	0.29230975186252484	0.7465372588495736	1.7830755297907124
TOP2B-P-S1550-S1552	-0.29230975186252484	0.7465372588495736	1.77624382278002
TP53BP1-P-S119	0.2844654344089933	0.7524163627307731	1.7833990887626339
TOP2A-P-S1354	0.2844654344089933	0.7524163627307731	1.7766181036342588
TP53BP1-P-S507	-0.2749904749840175	0.7595793581960386	1.7867378084838637
BOD1L1-P-S482	0.2691328285861161	0.7640417623207179	1.7904525826459088
ATRIP-P-S224	0.2651585683621633	0.7670843050297009	1.7908246369302419
ASCC1-P-S67	0.2637752890913372	0.7681461310794929	1.786587068915225
HMGN1-P-S89	0.2615747536482991	0.7698383250499197	1.7838417905074633
UFD1-P-S129	-0.2615747536482991	0.7698383250499197	1.7772104083866176
TOP2B-P-T1292	0.2516086940312141	0.7775489380879199	1.788362557602216
TICRR-P-T1134	0.24743300509638597	0.780802528848882	1.789219079022715
DUT-P-S88	0.24288561351821178	0.7843612289617882	1.7907658940634943
BOD1L1-P-S2203	-0.24108946225190395	0.7857713263714547	1.787413896251551
UFD1-P-S229	0.24108946225190395	0.7857713263714547	1.7744145224606305
ACTL6A-P-S233	0.24108946225190395	0.7857713263714547	1.7808904878710707
CDC5L-P-T396	0.24108946225190395	0.7857713263714547	1.7679854843357732
MDC1-P-S1086	0.24108946225190395	0.7857713263714547	1.7616028652587488
SMARCA4-P-S699	0.24108946225190395	0.7857713263714547	1.7552661643045806
MCM6-P-S13	0.24045981007819317	0.7862662447920225	1.750076480343534
XRCC1-P-S241	0.23781473681518506	0.7883487295619603	1.7484448609213477
XRCC6-P-S6	0.23781473681518506	0.7883487295619603	1.736044542758785
RMI1-P-S284	-0.23781473681518506	0.7883487295619603	1.7422226372170013
TOP1-P-S112	-0.23277954532451806	0.7923282267341482	1.7386425046003746
TP53BP1-P-S1028	0.23146874083347058	0.7933674951221635	1.7347930087002237
LRWD1-P-S243	0.23146874083347058	0.7933674951221635	1.7287060156872405
RFC1-P-S368	0.23146874083347058	0.7933674951221635	1.7226615890589634
TP53BP1-P-S1317	-0.22869719254716558	0.7955694013789444	1.7214236873042663
MCM6-P-S762	-0.2191006390716719	0.8032408766696318	1.7319881403188937
SAMHD1-P-S102	-0.21520872109170625	0.8063731155344894	1.7327256219616536
MDC1-P-T1302	0.21159018981125183	0.8092962874817223	1.727054964007387
RAD50-P-S635	-0.21159018981125183	0.8092962874817223	1.715266192922012
PPP4R2-P-S364	0.21159018981125183	0.8092962874817223	1.6978817382640188
ATRX-P-S1348-S1352	0.21159018981125183	0.8092962874817223	1.6921649647345103
MSH6-P-S9	0.21159018981125183	0.8092962874817223	1.6752433150871653
EYA4-P-S274	0.21159018981125183	0.8092962874817223	1.7330103259522398
SMARCC1-P-S830	0.21159018981125183	0.8092962874817223	1.721140392212841
SMARCAL1-P-S129	-0.21159018981125183	0.8092962874817223	1.7094319541705767
MCM2-P-S139	0.21159018981125183	0.8092962874817223	1.703637269580168
TTK-P-S455	0.21159018981125183	0.8092962874817223	1.6864865588125824
SAMHD1-P-T25	0.21159018981125183	0.8092962874817223	1.6808461355389617
TP53BP1-P-S1548	0.21159018981125183	0.8092962874817223	1.6696777226782378
ATRX-P-S92	0.21005521386377807	0.8105394917175884	1.6667053786643127
BOD1L1-P-S538	-0.21005521386377807	0.8105394917175884	1.6612047008469388
YY1-P-S118	-0.21005521386377807	0.8105394917175884	1.655740211699416
HMGN1-P-S86-S89	-0.21005521386377807	0.8105394917175884	1.6503115552676146
YWHAE-P-S210	0.20863924311310353	0.8116880048687467	1.6472491863512801
BOD1L1-P-S2973	0.20454871142614767	0.815015040405608	1.6486134856413113
MDC1-P-T1589	0.20048249543180485	0.8183358145154316	1.6499563013444254
TP53BP1-P-S523	0.20048249543180485	0.8183358145154316	1.64461663693878
ORC1-P-T230	0.1982115164724844	0.8201963497504219	1.6430384941774578
CLK2-P-S50	0.1970621589398793	0.8211395905598505	1.6396388608928205
RPA1-P-T180	0.19178454485952837	0.8254847042560923	1.637782751894675
SMARCA4-P-T1455	0.19178454485952837	0.8254847042560923	1.6430320555866451
SIRT6-P-S303	0.16549410946040688	0.8474748552744088	1.676056958998114
TP53BP1-P-S727	0.16549410946040688	0.8474748552744088	1.670736143255263
MCM4-P-S326	-0.16549410946040688	0.8474748552744088	1.6654490035614171
TOP2A-P-S1377	-0.15924488040251	0.8527875024508854	1.6706026467570971
RFC1-P-S156	-0.1587968197234316	0.8531696886132449	1.6660955239900161
POLR2A-P-S1861-S1868	0.1535458536753786	0.857661436368084	1.6696167773811292
MDC1-P-S453	0.1535458536753786	0.857661436368084	1.6643992249518131
TOP2B-P-S1336	-0.1535458536753786	0.857661436368084	1.6592141806373215
BOD1L1-P-T2956	-0.1535458536753786	0.857661436368084	1.6540613415670193
TOP2A-P-S1213	0.15273936636293503	0.8583534084307254	1.6502707945370911
MCM2-P-S27	0.14919249885184035	0.8614032797956047	1.640893977770155
TP53BP1-P-S1068	0.14919249885184035	0.8614032797956047	1.6259314187023421
PPP4C-P-S47	0.14919249885184035	0.8614032797956047	1.6161070596769502
POLR2A-P-T1870	-0.14919249885184035	0.8614032797956047	1.6510229529415759
ATRX-P-S875	0.14919249885184035	0.8614032797956047	1.6459428823171403
BAZ1B-P-S330	0.14919249885184035	0.8614032797956047	1.6358759533733045
TTK-P-S281	0.14919249885184035	0.8614032797956047	1.6308885266861908
UIMC1-P-S101	0.14919249885184035	0.8614032797956047	1.6210043537971834
SUMO1-P-S2	0.14919249885184035	0.8614032797956047	1.6112392673285258
MRE11-P-S649	-0.1482350748565119	0.8622284028986348	1.607939454054211
BOD1L1-P-S1531	-0.1482350748565119	0.8622284028986348	1.5983398155225441
RRM2-P-S20	0.1482350748565119	0.8622284028986348	1.5794803486727205
USP10-P-S370	0.1482350748565119	0.8622284028986348	1.574834818235448
POLR2A-P-S1875-S1882	-0.1482350748565119	0.8622284028986348	1.5656252578948897
CHAF1A-P-S775	-0.1482350748565119	0.8622284028986348	1.5610607527698317
PAXIP1-P-S235	0.1482350748565119	0.8622284028986348	1.5565227854652681
HMGN1-P-S99	0.1482350748565119	0.8622284028986348	1.5386317189656673
HERC2-P-S1588	0.1482350748565119	0.8622284028986348	1.5254810205129694
BOD1L1-P-S800	0.1482350748565119	0.8622284028986348	1.5211472676137847
MSH6-P-S200	0.1482350748565119	0.8622284028986348	1.5082925019719782
TP53BP1-P-S1460	0.1482350748565119	0.8622284028986348	1.4791266248620227
ATRX-P-S598	-0.1482350748565119	0.8622284028986348	1.4709995554946491
ACTB-P-S33	-0.1482350748565119	0.8622284028986348	1.4629613065575198
MDC1-P-T1280	-0.1482350748565119	0.8622284028986348	1.6031252640720128
ATR-P-T1989	0.1482350748565119	0.8622284028986348	1.59358285178587
CDC25C-P-T48	-0.1482350748565119	0.8622284028986348	1.5888541192879888
RBBP8-P-S568	0.1482350748565119	0.8622284028986348	1.584153367455776
VCP-P-S702	0.1482350748565119	0.8622284028986348	1.5702165343110037
RIF1-P-S7	-0.1482350748565119	0.8622284028986348	1.5520111252175428
MCM6-P-S271	0.1482350748565119	0.8622284028986348	1.547525543930787
TP53BP1-P-S862	0.1482350748565119	0.8622284028986348	1.5430658161384792
TP53BP1-P-S1094-S1101	0.1482350748565119	0.8622284028986348	1.5342230320918402
SLX4-P-S1469	0.1482350748565119	0.8622284028986348	1.529839537714435
SMARCAL1-P-S151	-0.1482350748565119	0.8622284028986348	1.5168380685553888
RFC1-P-S108	-0.1482350748565119	0.8622284028986348	1.5125532152543848
ABL1-P-Y393	-0.1482350748565119	0.8622284028986348	1.5040557252810456
XRCC1-P-S447	0.1482350748565119	0.8622284028986348	1.4998426840337598
TTK-P-S436	0.1482350748565119	0.8622284028986348	1.495653179329755
PNKP-P-S114-T118	-0.1482350748565119	0.8622284028986348	1.4914870144848251
MDC1-P-S1033	-0.1482350748565119	0.8622284028986348	1.4873439950001452
HMGN1-P-S21-S25	0.1482350748565119	0.8622284028986348	1.4832239285320008
RPA1-P-S174	-0.1482350748565119	0.8622284028986348	1.4750518958679126
WEE1-P-S67	0.1482350748565119	0.8622284028986348	1.4669694197261705
LIG1-P-S76	-0.14709517089938115	0.863211820861577	1.46063907562681
BRCA2-P-S2095	0.14259920271692797	0.8671015311977159	1.4592684305522536
TOP2B-P-T1317	0.14259920271692797	0.8671015311977159	1.4632338338961457
POLR2A-P-S1917	0.1390431913229892	0.8701904429700895	1.4605088245525015
KAT5-P-S90	0.1390431913229892	0.8701904429700895	1.4565721430847052
ACTB-P-S323	-0.1390431913229892	0.8701904429700895	1.4526566265710366
LIG3-P-S210	-0.1390431913229892	0.8701904429700895	1.4372028326713446
UNG-P-S14	0.1390431913229892	0.8701904429700895	1.4295985848794328
XRCC4-P-S320	0.1390431913229892	0.8701904429700895	1.425826556950991
TRIM25-P-S433	0.1390431913229892	0.8701904429700895	1.4183419031087285
GPS1-P-S483	0.1390431913229892	0.8701904429700895	1.448762104783983
HMGN1-P-S8	0.1390431913229892	0.8701904429700895	1.444888409316646
ATRX-P-S1061	-0.1390431913229892	0.8701904429700895	1.4410353735584682
ERCC6L-P-S820	-0.1390431913229892	0.8701904429700895	1.4333906235661156
MPG-P-T67	0.1390431913229892	0.8701904429700895	1.42207438180112
TRIM25-P-T91	0.13824513915246212	0.8708851775222101	1.4157583645060012
TP53BP1-P-S1678	0.13824513915246212	0.8708851775222101	1.4120618674707375
BARD1-P-T299	0.13807146091196115	0.8710364444630283	1.4049704727572483
DDB2-P-S24-S26	0.13807146091196115	0.8710364444630283	1.4013306528796388
TOP2B-P-S1473	-0.13807146091196115	0.8710364444630283	1.3977096434406733
TOP2B-P-S1466-S1476	-0.13807146091196115	0.8710364444630283	1.3905234756080735
BLM-P-T171	-0.13807146091196115	0.8710364444630283	1.4086292500300537
MSH6-P-S274-S275	0.13807146091196115	0.8710364444630283	1.394107298998816
RIF1-P-S2176	-0.13807146091196115	0.8710364444630283	1.386958030798822
XRCC4-P-S260	-0.13807146091196115	0.8710364444630283	1.3834108235589273
TP53BP1-P-S222	0.13350418858402704	0.8750238038592127	1.3861984239708447
MTOR-P-S2481	-0.13349320712671728	0.8750334129485207	1.3826863853461355
CHAF1A-P-S199	-0.12094962232580839	0.8860785970473708	1.3895323453697406
WEE1-P-T190	0.12094962232580839	0.8860785970473708	1.3860322638952576
ATRX-P-S1348	0.12094962232580839	0.8860785970473708	1.3965858090518204
GPS1-P-S468	0.12094962232580839	0.8860785970473708	1.3930501487757398
POLD2-P-S15	0.11778239310092402	0.8888894600494808	1.3834595355657333
TP53BP1-P-T302	0.11778239310092402	0.8888894600494808	1.386935564549567
NBN-P-S432	0.11778239310092402	0.8888894600494808	1.380000886726819
RBBP8-P-S327	0.11675530808321569	0.8898028941032133	1.3779740579503628
VCP-P-S3	-0.11237899975138561	0.8937054791515471	1.3805748819729122
TP53BP1-P-S1618	-0.11237899975138561	0.8937054791515471	1.37714913784891
TOP2B-P-S1613	-0.11237899975138561	0.8937054791515471	1.3737403528542345
PKMYT1-P-S479	-0.11237899975138561	0.8937054791515471	1.3669731589978098
MBD4-P-S387	0.11237899975138561	0.8937054791515471	1.3636145025874957
RIF1-P-S2234	0.11237899975138561	0.8937054791515471	1.3569464610100508
PPP4R2-P-S159	-0.11237899975138561	0.8937054791515471	1.3438041224046264
TOP2A-P-S4	-0.11237899975138561	0.8937054791515471	1.3703484013657055
GPS1-P-T479	-0.11237899975138561	0.8937054791515471	1.360272310179193
TICRR-P-S1750	-0.11237899975138561	0.8937054791515471	1.353636835495392
WEE1-P-S150	0.11237899975138561	0.8937054791515471	1.3503433152143813
RIF1-P-S2393	0.11237899975138561	0.8937054791515471	1.3470657828958998
PIAS1-P-S488	0.10710901311388818	0.8984277272475666	1.3476415908713497
SAMHD1-P-S278	0.10710901311388818	0.8984277272475666	1.3411625447613913
MAPK8-P-T183	0.10710901311388818	0.8984277272475666	1.337946327627671
UNG-P-S23	0.10710901311388818	0.8984277272475666	1.3315599489755103
ACTB-P-S239	0.10710901311388818	0.8984277272475666	1.34439426173672
RPA1-P-S135	0.10710901311388818	0.8984277272475666	1.3347454990926766
BOD1L1-P-S266	-0.10710901311388818	0.8984277272475666	1.3283895681446163
RCHY1-P-S257	-0.1060310509795891	0.8993967204931264	1.3266635710836852
SMARCC1-P-S328	0.10514390321285318	0.9001949723164285	1.3246944971765453
TOP2A-P-S1351-S1354	0.10457014232952196	0.9007116171800484	1.3223213103281564
TP53BP1-P-T1638	0.1036692632789514	0.9015234150175006	1.3203916054855374
MCM4-P-T110	-0.1036692632789514	0.9015234150175006	1.3111148494751004
TOPBP1-P-S817	-0.1036692632789514	0.9015234150175006	1.3172848017079244
ABL1-P-S16	-0.1036692632789514	0.9015234150175006	1.3141925838635395
CLK2-P-S97	-0.1036692632789514	0.9015234150175006	1.3080514970230557
TOP2B-P-S1449	-0.1020348194591419	0.9029981092157063	1.307137123130428
UFD1-P-S247	0.1020348194591419	0.9029981092157063	1.3010715216309827
ATRX-P-S1352	0.1020348194591419	0.9029981092157063	1.304097269355706
GPS1-P-S240	-0.1020348194591419	0.9029981092157063	1.2980597819975779
BAZ1B-P-S349	0.1020348194591419	0.9029981092157063	1.2950619534017405
BOD1L1-P-S2501	0.0978304406131513	0.906802647620118	1.2975217607651919
CUL4B-P-S28	0.09599168068751422	0.9084715738961758	1.296921488251782
USP10-P-S365	0.09599168068751422	0.9084715738961758	1.2939468976823973
SAMHD1-P-S6	-0.09599168068751422	0.9084715738961758	1.2909859207998289
SMARCA5-P-S755	0.09599168068751422	0.9084715738961758	1.2880384643596465
KDM4A-P-S410	0.09542454907943011	0.90898694296801	1.2858334660208068
PRKDC-P-S3205	-0.08686362641727485	0.916802114697341	1.2939411664251108
KAT5-P-S155	-0.08313842700128678	0.9202237545881776	1.2958252870731481
CUL4B-P-S61	-0.08313842700128678	0.9202237545881776	1.2899750600434725
POLR2A-P-T1919	0.08313842700128678	0.9202237545881776	1.2870697108091402
TOP2B-P-S1454	-0.08313842700128678	0.9202237545881776	1.284177419324176
TP53BP1-P-S552	-0.08313842700128678	0.9202237545881776	1.2812980977561845
CUL4B-P-S193	-0.08313842700128678	0.9202237545881776	1.27557801696263
TP53BP1-P-S1430	0.08313842700128678	0.9202237545881776	1.2727370859671676
XPC-P-S903	-0.08313842700128678	0.9202237545881776	1.2699087813316852
MDC1-P-S1820	0.08313842700128678	0.9202237545881776	1.2928935556544305
BABAM1-P-S29	0.08313842700128678	0.9202237545881776	1.2784316590587435
RPA2-P-S238	-0.08313842700128678	0.9202237545881776	1.2670930190670915
WDHD1-P-S407	-0.08078711142659314	0.9223900368430888	1.2672659576981375
SMARCA4-P-S1659-S1663	-0.07865013136407287	0.9243632735945592	1.267173494265389
TERF2IP-P-S36	0.0784853573985983	0.9245155971458215	1.2590442671656912
ORC2-P-T226	0.0784853573985983	0.9245155971458215	1.2645907176818396
PRKDC-P-S4026	-0.0784853573985983	0.9245155971458215	1.2618113974231981
UIMC1-P-S677	0.07670955055975022	0.9261588168544299	1.2585221559444224
MTOR-P-S1261	0.07594483644969677	0.9268673344419994	1.2567349665687373
POLR2A-P-S1920	-0.0740804174275721	0.9285970154553715	1.2563371385572673
PTEN-P-S294	0.07250774793079914	0.9300585406031507	1.2501436227587805
SAMHD1-P-S18	0.07250774793079914	0.9300585406031507	1.2447550726606824
XRCC6-P-T455	-0.07250774793079914	0.9300585406031507	1.2555790298142535
RIF1-P-S2348	0.07250774793079914	0.9300585406031507	1.2528554310510989
SMARCA4-P-S1449	0.07250774793079914	0.9300585406031507	1.247443528541159
CDC5L-P-T385	-0.07134351351623124	0.9311419773284666	1.2435250923031778
APEX1-P-T19	-0.07067672445848154	0.931763059652598	1.2416842490220243
SAMHD1-P-T592	0.0652196234259215	0.936861684008589	1.2458053656730919
RIF1-P-S2144	0.0652196234259215	0.936861684008589	1.2431433883960126
MDC1-P-S108	-0.06500081760290673	0.9370666972286348	1.2407642195713906
XRCC6-P-S477	-0.0641757577542328	0.937840152365561	1.2391462438702412
ACTB-P-T249	-0.0641757577542328	0.937840152365561	1.233895624192825
NSD2-P-S437	-0.0641757577542328	0.937840152365561	1.2312869653678928
PRKDC-P-S2624	-0.0641757577542328	0.937840152365561	1.2235267534012886
RIF1-P-S1454	0.0641757577542328	0.937840152365561	1.2365153601252936
BOD1L1-P-S2905	-0.0641757577542328	0.937840152365561	1.2286893135422223
PIAS1-P-S503	0.0641757577542328	0.937840152365561	1.2261025991979229
MCM2-P-S381	0.0641757577542328	0.937840152365561	1.2209617077966737
SAMHD1-P-T21	-0.0641757577542328	0.937840152365561	1.2184073946004463
REV3L-P-S1724	0.0641757577542328	0.937840152365561	1.2158637465950175
WRN-P-S1133	0.062361425005063316	0.9395432509941035	1.2155340809736215
RAD23A-P-S205	0.062361425005063316	0.9395432509941035	1.2130069830921795
CDK1-P-T161	-0.06159630004628597	0.9402623940673639	1.208908792372325
TP53BP1-P-S1426-S1430	0.06159630004628597	0.9402623940673639	1.2039236014759442
PPP4R2-P-T173	0.06159630004628597	0.9402623940673639	1.2114169019000685
BAZ1B-P-S361	-0.06159630004628597	0.9402623940673639	1.2064110469335392
BOD1L1-P-S2954	0.058358869772208055	0.9433113607530146	1.2053422942955188
TP53BP1-P-S993	-0.058052630086490746	0.9436002843653453	1.2007700339977037
MDC1-P-S998	0.058052630086490746	0.9436002843653453	1.1934333535455792
MDC1-P-S505	-0.058052630086490746	0.9436002843653453	1.1910076759977224
TP53BP1-P-S63	-0.058052630086490746	0.9436002843653453	1.2032356808847626
DDB1-P-T833-Y837	-0.058052630086490746	0.9436002843653453	1.1983144715559906
CCNH-P-T315	-0.058052630086490746	0.9436002843653453	1.1958689318181213
TP53BP1-P-S1114	-0.058052630086490746	0.9436002843653453	1.188591838926733
RIF1-P-S2172	0.058036349761352614	0.943615646609826	1.1862050942200444
HERC2-P-S1577	0.05785179112565196	0.943789815097845	1.1816400709188744
ACTB-P-Y294	0.05785179112565196	0.943789815097845	1.1792625255045506
TOP2A-P-S1374	-0.05785179112565196	0.943789815097845	1.1840272225772963
TOP2B-P-S1476	-0.0569689883835573	0.944623363209719	1.1779339529181434
H2AX-P-S140	-0.051267425550188324	0.9500245757133653	1.1822951132625246
LIG1-P-S201	-0.051267425550188324	0.9500245757133653	1.1799305230359995
LIG1-P-S819	-0.051267425550188324	0.9500245757133653	1.1775753722914168
USP10-P-T74	0.051267425550188324	0.9500245757133653	1.1752296046175295
TP53BP1-P-S1462	0.051267425550188324	0.9500245757133653	1.1728931640516895
MSH6-P-S137	0.051267425550188324	0.9500245757133653	1.1705659950753964
TP53BP1-P-S500	0.04605982759032316	0.9549848260406354	1.1743476771707615
RIF1-P-S2465	0.041243788438882094	0.9595951632229655	1.1753621230009101
TERF2-P-S365	0.041243788438882094	0.9595951632229655	1.173048418034373
RBBP8-P-T245	-0.041243788438882094	0.9595951632229655	1.1707438042464862
RIF1-P-S782	-0.041243788438882094	0.9595951632229655	1.1776849730463665
XRCC6-P-S520	0.04101562984345544	0.9598141280859925	1.166427736871627
USP1-P-S313	-0.04101562984345544	0.9598141280859925	1.1687148500811793
POLD3-P-S458	-0.04067697561421839	0.9601392282449152	1.1645438686329928
XPC-P-S61	0.04067697561421839	0.9601392282449152	1.1622738026122656
MDC1-P-T1157	0.04067697561421839	0.9601392282449152	1.1600125695332535
USP7-P-S18	0.04067697561421839	0.9601392282449152	1.1555163967831246
ACTB-P-S199	-0.04067697561421839	0.9601392282449152	1.1488371112525864
TOP2B-P-S1424	-0.04067697561421839	0.9601392282449152	1.1466278091155622
TP53BP1-P-S771	0.04067697561421839	0.9601392282449152	1.1444269879848221
CUL4A-P-S10	0.04067697561421839	0.9601392282449152	1.1422345991189506
RAD23B-P-T155	-0.04067697561421839	0.9601392282449152	1.140050594149316
XRCC1-P-S266	0.04067697561421839	0.9601392282449152	1.1378749250765121
ATRX-P-S1995-S1996	0.04067697561421839	0.9601392282449152	1.1313974587098525
SMARCA5-P-T113	0.04067697561421839	0.9601392282449152	1.1249933221511175
ABL1-P-T852	0.04067697561421839	0.9601392282449152	1.1186612771859141
XPC-P-S883-S884	-0.04067697561421839	0.9601392282449152	1.1144793658693313
SETMAR-P-S410	-0.04067697561421839	0.9601392282449152	1.1082647969146697
NHEJ1-P-S287	0.04067697561421839	0.9601392282449152	1.1021191510907435
TP53BP1-P-S1656	0.04067697561421839	0.9601392282449152	1.0980597803684942
NSD2-P-T110	-0.04067697561421839	0.9601392282449152	1.0960412881251695
BAZ1B-P-S947	0.04067697561421839	0.9601392282449152	1.1577601179419268
MCM4-P-S26	0.04067697561421839	0.9601392282449152	1.153281355396697
MDC1-P-T1239	0.04067697561421839	0.9601392282449152	1.1510549435136916
BAZ1B-P-S345	0.04067697561421839	0.9601392282449152	1.1357075442668425
PIAS1-P-S510	-0.04067697561421839	0.9601392282449152	1.1335484044488446
TERF2IP-P-S203	0.04067697561421839	0.9601392282449152	1.129254660492599
SLX4-P-T1315	-0.04067697561421839	0.9601392282449152	1.127119963591857
SMARCA4-P-S1453	-0.04067697561421839	0.9601392282449152	1.1228746906593075
BABAM1-P-S62	0.04067697561421839	0.9601392282449152	1.1207640239475418
SMARCA4-P-S1663	-0.04067697561421839	0.9601392282449152	1.1165664058803226
SIRT6-P-T294	0.04067697561421839	0.9601392282449152	1.1124001133210677
POLR2A-P-S1875	-0.04067697561421839	0.9601392282449152	1.1103286047301533
SMARCA4-P-S1484	0.04067697561421839	0.9601392282449152	1.1062086470131582
MEN1-P-S548	0.04067697561421839	0.9601392282449152	1.1041601124816525
SMARCAL1-P-S198	-0.04067697561421839	0.9601392282449152	1.1000857209226795
SMARCA4-P-S695	0.04067697561421839	0.9601392282449152	1.09403020319283
UFD1-P-S299	-0.03372073917999669	0.9668414678818076	1.0996493618216163
TTK-P-S821	-0.032856404539916735	0.9676775037092782	1.0985881714871328
TP53BP1-P-S366	0.028507431091915433	0.9718950718776906	1.1013628460511786
TP53BP1-P-S1426	0.028507431091915433	0.9718950718776906	1.0973578902473562
SAMHD1-P-S18-T21	0.028507431091915433	0.9718950718776906	1.0993567206485353
BOD1L1-P-S3029	-0.027215252045259222	0.9731517460742936	1.096782639404966
ATRX-P-S703	-0.024972664749403024	0.9753365727335745	1.0972536443252714
ACTB-P-S60	0.024972664749403024	0.9753365727335745	1.0913225435451348
TOPBP1-P-S888	0.024972664749403024	0.9753365727335745	1.0952694605199815
HMGN1-P-T83	0.024972664749403024	0.9753365727335745	1.0932924398331225
TOP2B-P-S1400-S1413	0.024972664749403024	0.9753365727335745	1.0893597332150178
RIF1-P-S2161	-0.024972664749403024	0.9753365727335745	1.0874039706778273
MDC1-P-S168	-0.022768348294176406	0.9774888945178857	1.0878505438989372
PIAS1-P-S485	-0.022768348294176406	0.9774888945178857	1.085904478525236
TICRR-P-S441	-0.022768348294176406	0.9774888945178857	1.0839653633850126
TOP2A-P-S1525	-0.022768348294176406	0.9774888945178857	1.080107835401436
MCRS1-P-S85	0.022768348294176406	0.9774888945178857	1.0820331613112424
POLR2A-P-S1889	0.022768348294176406	0.9774888945178857	1.0781893490152878
ATRX-P-S729	0.021417760543949838	0.9788099709588199	1.0777322552578497
RECQL4-P-S251	0.01834917023931605	0.9818181508210831	1.0791311002829957
LIG1-P-S66-S76	-0.01724329476826067	0.9829045200149196	1.0746192023402554
TICRR-P-S1001	0.01724329476826067	0.9829045200149196	1.0727305921428207
ATRX-P-S849	0.01724329476826067	0.9829045200149196	1.0784164433379242
COPS5-P-S284	-0.01724329476826067	0.9829045200149196	1.0765144743020547
SAMHD1-P-S583	-0.01724329476826067	0.9829045200149196	1.0708486086478335
RAD18-P-S471	0.015141584351288179	0.984972473041522	1.0712222517666992
ERCC4-P-S693-S697	0.01190479624839028	0.9881657854738162	1.072816351012657
MSH6-P-S830	-0.01190479624839028	0.9881657854738162	1.0653662374639579
TOP2B-P-S1452	-0.01190479624839028	0.9881657854738162	1.063519848837504
HERC2-P-S2928	0.01190479624839028	0.9881657854738162	1.0616798490990307
TP53BP1-P-S484	0.01190479624839028	0.9881657854738162	1.0709440711679576
TP53BP1-P-T591	-0.01190479624839028	0.9881657854738162	1.0690783149464107
APTX-P-S132	0.01190479624839028	0.9881657854738162	1.0672190483117214
TP53BP1-P-S580	-0.010009629503901616	0.9900403001063334	1.0618566949326995
UBXN1-P-S132	0.010009629503901616	0.9900403001063334	1.0600259075276433
MDC1-P-T1343	-0.010009629503901616	0.9900403001063334	1.052765456106221
TCEA1-P-S135	-0.010009629503901616	0.9900403001063334	1.050965857035954
CHAF1A-P-S772	-0.010009629503901616	0.9900403001063334	1.049172399942036
TOPBP1-P-T822	-0.010009629503901616	0.9900403001063334	1.0456037863367909
MDC1-P-S544	0.010009629503901616	0.9900403001063334	1.0438285676842667
FEN1-P-Y152-S157-S162	0.010009629503901616	0.9900403001063334	1.0582014223167522
BAP1-P-S395	-0.010009629503901616	0.9900403001063334	1.0563832068144898
SMARCC1-P-S357	0.010009629503901616	0.9900403001063334	1.0545712287582043
KDM4B-P-S566	-0.010009629503901616	0.9900403001063334	1.0473850534344686
RPA1-P-S384	0.005423465935109114	0.9945912145046535	1.0468493969616777
RAD9A-P-S387	-0.005128821740996675	0.9948843082085812	1.0418602957799814
RAD9A-P-S375	0.005128821740996675	0.9948843082085812	1.0366160325461895
BOD1L1-P-S2753	0.005128821740996675	0.9948843082085812	1.0453860497420118
TP53BP1-P-S265	0.005128821740996675	0.9948843082085812	1.0436201949282584
MDC1-P-S453-T455	0.005128821740996675	0.9948843082085812	1.0401063222180622
CDC25C-P-S173	-0.005128821740996675	0.9948843082085812	1.0383582443655948
NBN-P-T497	-0.005128821740996675	0.9948843082085812	1.034879657282293
RFC1-P-S190	-0.005128821740996675	0.9948843082085812	1.0331490892935267
TINF2-P-S295	-0.004235975510061716	0.9957729835795736	1.032345614028239
MCM4-P-S120	-0.004235975510061716	0.9957729835795736	1.0306250380048587
RIF1-P-S1008	-0.0038866687519146727	0.9961208745691177	1.029269655752782
UNG-P-S12	-0.0031965233930359867	0.99680858004866	1.0282693159638172
REV3L-P-S1967	-0.0031045579599757547	0.9969002561968561	1.0266584727997472
NBN-P-S604	-0.0026719675388261832	0.9973315989891819	1.02540219035146
POLR2C-P-S124	0.0017661973351208067	0.9982353614735362	1.024634974338952
FANCD2-P-S592	0.0017661973351208067	0.9982353614735362	1.021258911820537
MCM2-P-S41	-0.0017661973351208067	0.9982353614735362	1.0195792096629375
XPC-P-S94	0.0017661973351208067	0.9982353614735362	1.0179050237685812
MRE11-P-S667	-0.0017661973351208067	0.9982353614735362	1.0162363270083048
HMGN1-P-S25	0.0017661973351208067	0.9982353614735362	1.0129152932599117
CDK7-P-S164	-0.0017661973351208067	0.9982353614735362	1.011262902895703
MDC1-P-S1814	-0.0017661973351208067	0.9982353614735362	1.0079742430488878
TOP1-P-S394	0.0017661973351208067	0.9982353614735362	1.0063379212257564
USP10-P-S211	-0.0017661973351208067	0.9982353614735362	1.0229441575496139
TP53BP1-P-S1705	-0.0017661973351208067	0.9982353614735362	1.0145730924305498
BABAM1-P-S44	0.0017661973351208067	0.9982353614735362	1.009615894910531
POLR2A-P-S1882	-0.0017661973351208067	0.9982353614735362	1.0047069035252285
TP53BP1-P-T1372	-0.0017661973351208067	0.9982353614735362	1.003081164199136
MCM4-P-S131	-0.0017661973351208067	0.9982353614735362	1.0014606776656962
MDC1-P-S498	0.0012920295347192846	0.9987088047760833	1.000319625428948
MNAT1-P-S279	-7.029744879680555E-5	0.999929705022011	0.9999297050220108

Data type: org.panda.causalpath.data.ProteinData
Row ID	Change amount	P-value	Q-value
ORC2-G	8.080516899388982	3.095110080122304E-4	0.07923481805113099
LRWD1-G	6.7449434614596555	0.001176815212847755	0.15063234724451263
SOD1-G	6.7449434614596555	0.001176815212847755	0.10042156482967508
SUMO2-G	6.7449434614596555	0.001176815212847755	0.07531617362225632
UNG-G	4.850146799054917	0.007827228435146502	0.40075409587950095
YY1-G	4.219060063341574	0.014712466794721926	0.6277319165748022
XPA-G	4.1303591949334315	0.016077102971390703	0.5879626229537172
CDK6-G	-4.128890818767062	0.016100727546855133	0.5152232814993642
UIMC1-G	4.128890818767062	0.016100727546855133	0.4579762502216571
RPS27A-G	4.00835516072072	0.018163246300924512	0.4649791053036675
BRCC3-G	3.9263906670014648	0.019714701214560183	0.4588148646297643
DTYMK-G	3.838007198165356	0.021536476539977995	0.4594448328528639
APTX-G	3.7969177654868793	0.02243983019358918	0.44189204073529464
FTO-G	-3.7483376913810784	0.023556872118595223	0.43075423302574123
PLRG1-G	3.518726451905387	0.029637155486373266	0.5058074536341037
TIMELESS-G	3.468617400795552	0.031160082797964617	0.49856132476743387
RAD17-G	3.468617400795552	0.031160082797964617	0.46923418801640837
MSH6-G	3.4448146262480615	0.03191067689626489	0.45384073808021175
MSH2-G	3.383192221290531	0.03393894101675608	0.45728257369945036
BAZ1B-G	3.360769225859516	0.034708549959259434	0.4231137518843055
RAD23A-G	3.360769225859516	0.034708549959259434	0.44426943947852077
DDB1-G	3.1722696000970285	0.041908374633814596	0.4876610866480244
FANCD2-G	3.1624144063198427	0.042323431661076875	0.4710781958798122
RUVBL2-G	3.123568134008108	0.04399989048659008	0.4505588785826824
PARP1-G	3.123568134008108	0.04399989048659008	0.4693321651902942
UBXN1-G	3.0729719322192706	0.046283399133384626	0.4557134683902486
NHEJ1-G	3.067863396521904	0.046520444491873966	0.4410827329599902
ACTL6A-G	2.94428830550419	0.05263950973758403	0.48127551760076825
CDC5L-G	2.9188551090703823	0.05399547085071153	0.4607613512594051
BOD1L1-G	2.9188551090703823	0.05399547085071153	0.4766496737166259
POLB-G	2.7439571405634835	0.0643153378403774	0.5311202092624715
PRPF19-G	2.7439571405634835	0.0643153378403774	0.5145227027230193
WDR48-G	2.6973795068964277	0.06738185527369159	0.5227198469716681
PIAS1-G	2.6211283575411364	0.07272076149668667	0.5171254150875497
TDP2-G	2.6211283575411364	0.07272076149668667	0.5475445571515232
POLR2J-G	2.6211283575411364	0.07272076149668667	0.531900426947194
DHFR-G	2.588669363320301	0.0751199309468603	0.5197487114161146
RFC3-G	2.5877230215019664	0.07519105372682827	0.506550256686001
CETN2-G	2.43005754341284	0.08803176678832306	0.5778495460977103
TDP1-G	2.4010340417848757	0.09062419561810187	0.579994851955852
YWHAG-G	-2.278957094617954	0.10239093510935397	0.6393190094632833
CHAF1A-G	2.201777426338384	0.11060638883375948	0.6584938498009867
RBX1-G	2.201777426338384	0.11060638883375948	0.6741722747962482
RNF168-G	2.1051298084278853	0.12182985870017814	0.7088282688010364
HMGN1-G	2.074839672865076	0.12557655920927557	0.7143910923905454
POLL-G	2.0651357261193253	0.12680107918160058	0.7056755710976033
RUVBL1-G	2.0651357261193253	0.12680107918160058	0.6906611972444627
POLD3-G	1.9767396298840005	0.1385201287632534	0.7387740200706848
FEN1-G	1.9727007279478699	0.13908072932277413	0.7266258511557179
BARD1-G	-1.9536106741406607	0.14176129257140466	0.7258178179655919
SUMO1-G	1.9356612622800398	0.14432879807132915	0.7244739667894169
PPP4R2-G	1.8509140386979073	0.1570935111220714	0.7181417651294693
TERF2IP-G	1.8509140386979073	0.1570935111220714	0.7055427867938645
RFC4-G	1.8509140386979073	0.1570935111220714	0.7733834393701977
ATR-G	1.8509140386979073	0.1570935111220714	0.6816260821567843
NABP2-G	1.8509140386979073	0.1570935111220714	0.7447396082824126
MCM7-G	1.8509140386979073	0.1570935111220714	0.7311988881318232
HLTF-G	1.8509140386979073	0.1570935111220714	0.6933782559870738
RIF1-G	1.8509140386979073	0.1570935111220714	0.7587912990047222
MCM6-G	1.7739006209371757	0.169669878514646	0.7239248149958228
BABAM2-G	1.7739006209371757	0.169669878514646	0.7120571950778586
RRM2B-G	-1.7739006209371757	0.169669878514646	0.7005724016088608
UBE2T-G	1.7617177865232294	0.1717495811634808	0.6979030599658902
POLR2C-G	1.7617177865232294	0.1717495811634808	0.6869983246539232
MCM3-G	1.7271485850516537	0.17779064278348408	0.7002216085011065
MCM2-G	1.7271485850516537	0.17779064278348408	0.6896121901904837
MCM5-G	1.7269163361379793	0.1778319392624776	0.679477260465586
POLD2-G	1.7196104558108762	0.17913591567681247	0.6743940354891764
DUT-G	1.7080610151945959	0.181216828857811	0.672340698371009
SMARCA4-G	1.7080610151945959	0.181216828857811	0.6443265026055502
WEE1-G	1.7080610151945959	0.181216828857811	0.6627358312514231
XPC-G	1.7080610151945959	0.181216828857811	0.6534015237690087
TOP1-G	1.7078955923267913	0.18124680874494623	0.6186557738494165
PLK1-G	1.7078955923267913	0.18124680874494623	0.6105155662987662
TICRR-G	-1.7078955923267913	0.18124680874494623	0.6356052471055649
RNF4-G	1.7078955923267913	0.18124680874494623	0.6270159870095438
PAXIP1-G	1.7070322904454611	0.1814033470160906	0.5878386941280911
TCEA1-G	1.7070322904454611	0.1814033470160906	0.5953750876425538
MLH1-G	1.7070322904454611	0.1814033470160906	0.6031072316379116
BLM-G	-1.7055490123224488	0.1816726182848829	0.5813523785116252
RTEL1-G	-1.7028380445437197	0.18216579509050132	0.5757338709033128
USP10-G	1.7026362721381565	0.18220255482961384	0.5688274882485506
MCM4-G	1.7026362721381565	0.18220255482961384	0.5619741450166402
AURKB-G	1.6475404050481506	0.19252285499633148	0.5867363199888198
LIG4-G	-1.6119789133363989	0.19949244494156462	0.6008243047651829
USP1-G	1.515681447281641	0.21965844818233102	0.6538670085427528
SETMAR-G	1.515681447281641	0.21965844818233102	0.646351295800882
CDK2-G	1.4963432570971826	0.2239475834204654	0.6514838790413539
FANCI-G	1.4885390209007892	0.2257021609203431	0.6492107100630093
RBBP8-G	1.4788937756404779	0.22788964607502193	0.6482194377245069
BABAM1-G	1.4767109421261573	0.2283876345472716	0.6424970818033136
XRCC1-G	1.462921719707561	0.2315587357006186	0.6443373515147648
SIRT6-G	1.462921719707561	0.2315587357006186	0.6374089928963265
XRCC5-G	1.462423741122557	0.23167407570821147	0.6309421636308737
MDC1-G	1.455776425218195	0.2332192163055635	0.6284644144655185
RECQL4-G	1.4340441994954276	0.23834306360011334	0.6355815029336356
SLX4-G	-1.4199861773493803	0.24171735804853361	0.6379344707260268
ATRIP-G	1.3619947826686047	0.25614930479148285	0.6691247145573429
TOP2B-G	1.3584776631305808	0.2570517986751214	0.6646996006144553
NSD2-G	1.2972449098331627	0.27328367797695774	0.6996062156210118
BRIP1-G	1.2355320300910846	0.2906800706767046	0.7367732484478849
EYA4-G	-1.2077469711697804	0.2988698839116609	0.750104806680247
USP7-G	1.2039389165850867	0.30001016649451356	0.7456563361417036
XRCC6-G	1.2039389165850867	0.30001016649451356	0.7314533583104331
PTEN-G	-1.2039389165850867	0.30001016649451356	0.7384865636788026
TIPIN-G	1.1878352650904471	0.3048805357740476	0.7363152562090206
TERF2-G	1.1792218060303175	0.3075179541284906	0.735743890251342
TRIP13-G	1.1120613116690357	0.32888033701123026	0.7653942388624995
FANCL-G	-1.1120613116690357	0.32888033701123026	0.7795682062488422
POLR2E-G	1.1120613116690357	0.32888033701123026	0.7724162043566509
GMNN-G	1.1028953537988688	0.3319086980371628	0.7654831234010241
RFC2-G	1.0788191249390937	0.33999678240238934	0.7702581973009882
NPLOC4-G	-1.0788191249390937	0.33999678240238934	0.7771355026340327
GTF2H1-G	-1.02528696972385	0.3586935164556781	0.8054871948478385
RFC5-G	1.0251617191675388	0.3587384458318153	0.7985829750690845
RAD18-G	0.9996036719343899	0.36802527101506055	0.8121937015504784
PCLAF-G	0.9935983356643856	0.3702420360710362	0.8101022327708142
RPA1-G	0.9701824855443821	0.37901386724035774	0.8222673729960304
MPG-G	0.9560120296204957	0.38442290026096315	0.8066578890721849
MRE11-G	0.9560120296204957	0.38442290026096315	0.826993802242072
ELL-G	-0.9560120296204957	0.38442290026096315	0.820102187223388
MAPK8-G	-0.9560120296204957	0.38442290026096315	0.8133244831967484
PARP2-G	0.9550222193117022	0.3848035943869817	0.8008920338460758
GPS1-G	0.9550222193117022	0.3848035943869817	0.7880777613045385
ORC1-G	0.9550222193117022	0.3848035943869817	0.7818231758973596
RAD23B-G	0.9550222193117022	0.3848035943869817	0.7756670878981679
KDM4B-G	0.9550222193117022	0.3848035943869817	0.7944332271215105
RAD51C-G	0.9523776517977475	0.3858225802665511	0.7716451605331022
SMARCAL1-G	0.9369925467841402	0.39180439864087563	0.7775343104811175
CDK1-G	0.8783660861938755	0.4154611851768391	0.8181389492713139
RRM1-G	0.8585667156306234	0.42376902877557887	0.8281287890576198
PCNA-G	0.8501747592224099	0.42734024377398666	0.8287810788343983
CLK2-G	0.849390096620402	0.4276756932717357	0.823195319380183
PKMYT1-G	0.8374741833767443	0.4328023233082826	0.8268462296038832
MORF4L1-G	0.83605350095962	0.4334176349368108	0.8098898871811939
UBE2I-G	0.83605350095962	0.4334176349368108	0.8040211198827795
POLR2H-G	0.83605350095962	0.4334176349368108	0.8218882558801746
HUS1-G	0.83605350095962	0.4334176349368108	0.8158449598810557
ERCC6L-G	0.8180408277159085	0.44129538181557254	0.8069401267484755
RAD1-G	0.8180408277159085	0.44129538181557254	0.8127454514013422
KAT5-G	0.7973963365006153	0.4505003898777934	0.8008895820049661
LIG1-G	0.7973963365006153	0.4505003898777934	0.8121697169627825
SMARCA5-G	0.7973963365006153	0.4505003898777934	0.8064902084525533
ABRAXAS1-G	0.7973963365006153	0.4505003898777934	0.8179297858774122
ASCC1-G	-0.7973963365006153	0.4505003898777934	0.7953662055773456
POLR2B-G	0.7493614508655475	0.4726682783174624	0.8287882140360985
SMARCC1-G	0.7493614508655475	0.4726682783174624	0.8231501989746284
POLR2D-G	0.7493614508655475	0.4726682783174624	0.8175883733058809
DNA2-G	-0.7358849211642472	0.47908132213738513	0.8231195870279906
NUDT5-G	0.725498261167547	0.4840833089404028	0.8261688472582874
RPA3-G	0.724653757186071	0.48449229189172766	0.8213909054588231
RFC1-G	0.724653757186071	0.48449229189172766	0.8159870179229097
POLD1-G	0.724653757186071	0.48449229189172766	0.8106537694397534
GINS4-G	-0.6875335735003857	0.5028146964381517	0.8358478070660184
POLQ-G	-0.682637974612643	0.5052823108034281	0.8345307842946942
DDB2-G	0.670326710952278	0.5115414242967298	0.8394525937177104
POLR2A-G	0.6416808174434858	0.5264068861611397	0.8583449863519221
VCP-G	-0.5811180428320365	0.5592727260216293	0.9061634041869436
POLM-G	-0.5551749605277476	0.5739718299966559	0.9241307451518485
UFD1-G	-0.5551749605277476	0.5739718299966559	0.9183549279946494
RNASEH2C-G	0.5489335068959593	0.5775654516048423	0.9183649416822337
POLE-G	0.5442168179193695	0.5802960829105792	0.9170110939821499
KDM4A-G	0.5367498449225954	0.5846453558355102	0.9126171408164062
LIG3-G	0.5367498449225954	0.5846453558355102	0.9070861278417613
CCNA2-G	0.5367498449225954	0.5846453558355102	0.9182160189809241
PPP4C-G	0.5220560460951208	0.5932994420742433	0.9149678142831704
COPS6-G	-0.5163121938711063	0.5967170721790942	0.9147279669332222
MEN1-G	0.5093111609651833	0.6009093661072453	0.9156714150205643
APEX1-G	0.5088338827894717	0.6011962354860703	0.9106877886652899
POLR2I-G	0.4938047023399467	0.6102999616070908	0.9136654395989195
GTF2H3-G	-0.4938047023399467	0.6102999616070908	0.9031028333607817
HRAS-G	0.4938047023399467	0.6102999616070908	0.9190399421847955
WDHD1-G	0.4938047023399467	0.6102999616070908	0.9083534312291583
RECQL5-G	0.4938047023399467	0.6102999616070908	0.8979125871920416
POLR2L-G	0.4938047023399467	0.6102999616070908	0.8927816581223728
ERCC1-G	0.4938047023399467	0.6102999616070908	0.8877090350648593
CIB1-G	0.4938047023399467	0.6102999616070908	0.882693729782007
PIAS4-G	0.48532964882015656	0.61549426635952	0.8852052370114445
RMI2-G	0.48532964882015656	0.61549426635952	0.8802599563577492
ACTB-G	-0.47939673893385665	0.6191567923524753	0.8805785491235205
RAD9A-G	0.47775417646296026	0.6201746317667606	0.8771530703441476
ERCC2-G	-0.4710562597606292	0.6243424520664167	0.8781959765329818
EYA2-G	0.46819622058124144	0.6261306518825192	0.8758986168411197
CDC25C-G	0.4578382234209128	0.6326498158520301	0.8802084394463027
TERF1-G	0.4520378960716443	0.6363300548588122	0.8805432110478699
PPP5C-G	-0.4314358206691326	0.6495757505374379	0.8940397426751833
TOP2A-G	-0.3826352266722352	0.6820616518125613	0.9287648024681686
BRCA1-G	0.3826352266722352	0.6820616518125613	0.9189883308632405
TP53-G	-0.3826352266722352	0.6820616518125613	0.92385070298421
TOPBP1-G	0.3826352266722352	0.6820616518125613	0.91417687363359
MBD4-G	-0.3826352266722352	0.6820616518125613	0.9337314591658593
FANCG-G	-0.37760040767545033	0.6855043682285276	0.9140058243047035
UBE2A-G	0.34852584577463386	0.7057276747097783	0.9360947395114158
PNKP-G	0.32736585083635583	0.7208199821876419	0.9511851311342079
WRN-G	0.32736585083635583	0.7208199821876419	0.9367000783758189
UBA52-G	0.32736585083635583	0.7208199821876419	0.9414791604083486
RRM2-G	0.32736585083635583	0.7208199821876419	0.946307258666853
UBE2V2-G	0.320233596514905	0.725979430999794	0.9155208587977698
XRCC4-G	-0.320233596514905	0.725979430999794	0.933923288120338
RCHY1-G	0.320233596514905	0.725979430999794	0.9292536716797364
MCRS1-G	0.320233596514905	0.725979430999794	0.9200531402769666
GTF2H4-G	-0.320233596514905	0.725979430999794	0.9386400724037741
RAD50-G	0.320233596514905	0.725979430999794	0.9246305190843147
MNAT1-G	-0.3200864110380908	0.72608629249254	0.9067223945272694
CDK4-G	-0.3200864110380908	0.72608629249254	0.9111671121475011
ATM-G	0.3113514884925129	0.7324563806296177	0.9102370555397191
CHTF18-G	0.30714059003329625	0.7355471830347088	0.9096622166999297
MMS22L-G	0.29355089168122517	0.7456112764871301	0.9176754172149294
HERC2-G	0.29233336108521224	0.7465196338932415	0.9143972549122958
TP53BP1-G	-0.2854017941770602	0.7517121600648512	0.9120299193203882
YWHAE-G	0.2854017941770602	0.7517121600648512	0.9163729189361995
TRIM25-G	0.2759751379292286	0.7588317966565499	0.9163251884154564
PIAS3-G	0.26058936939012484	0.7705972854891864	0.9261638736395855
YWHAB-G	-0.25405780369569936	0.7756469654894659	0.9278767437630994
KPNA2-G	0.2489689083642324	0.7796042121780945	0.9239753625814453
DYNLL1-G	-0.2489689083642324	0.7796042121780945	0.9282729224074056
GTF2H5-G	-0.2278951642938053	0.7962077264595171	0.9393049676204441
INO80E-G	0.2221116713714672	0.8008259300112145	0.9404194407471143
APBB1-G	0.21545612039777673	0.8061736440608418	0.9423764971670114
PRKDC-G	0.21545612039777673	0.8061736440608418	0.9380929676344341
STK19-G	0.16640095200739397	0.8467066773789873	0.9808004950634424
ERCC3-G	-0.15376775648537072	0.8574711399997623	0.9887955488285548
EYA3-G	0.14329302887616108	0.8665001221334567	0.9947265976061207
COPS5-G	-0.14085743853771954	0.8686131336298266	0.9839157619877682
APLF-G	0.14085743853771954	0.8686131336298266	0.9927007241483733
ABL1-G	-0.14085743853771954	0.8686131336298266	0.988288720929936
ATRX-G	0.1360573671755036	0.8727925614084663	0.9842946948042616
RPA2-G	0.12330278834710487	0.8839959583589309	0.9925568655258171
TTK-G	0.11945150676097456	0.8874070400173611	0.9920358176613295
CUL4A-G	0.11945150676097456	0.8874070400173611	0.9877226184541064
RMI1-G	-0.11665435383971277	0.8898927280157353	0.986201464813975
BRCA2-G	0.1121707016771456	0.8938916556712242	0.9863632062579025
BAP1-G	0.10402280112329489	0.9012047487063496	0.9901648741151309
SAMHD1-G	-0.09117173619766442	0.9128609261723875	0.9944357323409838
ERCC6-G	-0.09117173619766442	0.9128609261723875	0.9986854576928683
MTOR-G	0.09108256033035102	0.9129423349670114	0.9861318048588815
CHEK2-G	0.09108256033035102	0.9129423349670114	0.9903103294557412
NBN-G	0.0789905112786363	0.9240486924440573	0.9939347280070532
REV3L-G	-0.06880662107870215	0.9335071832370045	0.9999072757685069
CHEK1-G	-0.06880662107870215	0.9335071832370045	0.9957409954528048
GINS2-G	0.06880662107870215	0.9335071832370045	0.991609290077482
TINF2-G	0.06880662107870215	0.9335071832370045	0.9875117310275751
ERCC4-G	0.06030195298190402	0.9414802079037353	0.9797517610705538
RNMT-G	0.06030195298190402	0.9414802079037353	0.9877825132104764
CUL5-G	0.06030195298190402	0.9414802079037353	0.9918474618245113
POLR2G-G	-0.06030195298190402	0.9414802079037353	0.9837507478504336
AURKA-G	0.052199112931278685	0.9491398620067429	0.9837239055616445
POLR2K-G	0.05146867920191682	0.9498333990364186	0.9726294006132926
TYMS-G	-0.05146867920191682	0.9498333990364186	0.9649101196560443
POLR2F-G	0.05146867920191682	0.9498333990364186	0.9573124021784376
UBE2N-G	-0.05146867920191682	0.9498333990364186	0.9804731861021095
GTF2H2-G	0.05146867920191682	0.9498333990364186	0.9765355427844303
CCNH-G	0.05146867920191682	0.9498333990364186	0.9687543830809688
JMJD6-G	0.05146867920191682	0.9498333990364186	0.9610962456653089
CDK7-G	0.03900118566160645	0.9617495688361519	0.9655211357727643
CUL4B-G	0.01659870006506048	0.9835382993057149	0.9835382993057149

Data type: org.panda.causalpath.data.RNAData
Row ID	Change amount	P-value	Q-value
EYA4-R	-4.999585865865557	0.006740737990816443	2.2581472269235086
ACTB-R	-4.999585865865557	0.006740737990816443	1.1290736134617543
USP1-R	4.540073477821611	0.010672622323672309	1.1917761594767413
PLK2-R	-2.643125828565917	0.07113855472703631	5.9578539583892915
RBBP8-R	2.2791463420559133	0.10237155972064342	6.858894501283109
PAXIP1-R	2.2611907042659047	0.10422630813090739	5.819302203975663
YY1-R	2.2611907042659047	0.10422630813090739	4.364476652981747
APTX-R	2.2611907042659047	0.10422630813090739	4.987973317693425
RRM1-R	2.2190756318023195	0.10870955004631769	3.6417699265516426
GADD45G-R	2.2190756318023195	0.10870955004631769	2.801361481962802
FANCE-R	2.2190756318023195	0.10870955004631769	2.427846617701095
ATRIP-R	2.2190756318023195	0.10870955004631769	3.034808272126369
CETN2-R	2.2190756318023195	0.10870955004631769	2.2761062040947766
WDR48-R	2.2190756318023195	0.10870955004631769	2.601264233251173
CDK6-R	-2.2190756318023195	0.10870955004631769	4.046411029501825
RFC5-R	2.2190756318023195	0.10870955004631769	3.310699933228766
RUVBL1-R	2.2190756318023195	0.10870955004631769	2.1422176038539074
DDB1-R	2.176826077103312	0.1134008857238177	2.110516484304385
PPP4R2-R	2.152279530433753	0.11621893100189992	2.0491232571387616
POLD2-R	2.117004309677899	0.12039174522910541	2.016561732587516
MMS22L-R	2.018831395281341	0.1328105774974694	1.8538143109021774
MPLKIP-R	2.018831395281341	0.1328105774974694	2.1186449267453455
DCLRE1A-R	2.018831395281341	0.1328105774974694	2.022342884620557
FANCL-R	2.018831395281341	0.1328105774974694	1.9344149331153155
NUDT5-R	1.9424232082344404	0.14335614675304645	1.9209723664908225
FANCG-R	1.906828459499759	0.14855077507260425	1.9140196018970164
BRCC3-R	1.855652290844964	0.1563509231296052	1.6367987265130544
TYMS-R	1.855652290844964	0.1563509231296052	1.587198765103568
PCNA-R	1.855652290844964	0.1563509231296052	1.7459186416139247
DTYMK-R	1.855652290844964	0.1563509231296052	1.8706271160149193
RPA3-R	1.855652290844964	0.1563509231296052	1.8061227327040599
HLTF-R	1.855652290844964	0.1563509231296052	1.6895986854328302
RAD1-R	1.855652290844964	0.1563509231296052	1.9399096017932496
RAD17-R	1.855652290844964	0.1563509231296052	1.5405164484828746
ERCC2-R	-1.7515663364830245	0.1735019680411283	1.4176380315555606
KAT5-R	1.7515663364830245	0.1735019680411283	1.3209808930404086
DHFR-R	1.7515663364830245	0.1735019680411283	1.614532202604944
UBXN1-R	1.7515663364830245	0.1735019680411283	1.5295568235204733
TDP2-R	1.7515663364830245	0.1735019680411283	1.490337417789179
MSH2-R	1.7515663364830245	0.1735019680411283	1.4530789823444494
DTL-R	1.7515663364830245	0.1735019680411283	1.3517013789250694
BARD1-R	1.7515663364830245	0.1735019680411283	1.291625762083955
TOP2B-R	1.7515663364830245	0.1735019680411283	1.6606616941079424
CUL4B-R	1.7515663364830245	0.1735019680411283	1.5708961971291346
CDK7-R	1.7515663364830245	0.1735019680411283	1.2635469411690865
XRCC5-R	1.7515663364830245	0.1735019680411283	1.3838847450899519
FTO-R	-1.6969719090809736	0.1832375447621807	1.3060548403261818
XRCC3-R	1.6760167076307007	0.18711783860349304	1.3059265819202117
BABAM2-R	-1.6702982503411532	0.18819092925896228	1.2866114551378034
FANCI-R	1.664083128931131	0.1893642009689005	1.2687401464916332
BAP1-R	1.664083128931131	0.1893642009689005	1.2438628887172876
FEN1-R	1.6384798678489765	0.19427514182815597	1.251580240623697
PRPF19-R	1.6384798678489765	0.19427514182815597	1.2279655191024954
CENPX-R	1.620951822236541	0.197710424317513	1.2265368915993862
CCNA1-R	-1.6144994813834308	0.19899024384112873	1.2120314852141478
MCM3-R	1.5671520162388937	0.20863853618792894	1.2481055289813605
POLR2J-R	1.504350222910056	0.22216160246219627	1.3056866109620309
SOD1-R	1.4827957003634047	0.22700217038854953	1.2889106284773577
RMI1-R	1.4827957003634047	0.22700217038854953	1.2466512636092475
H2BC5-R	1.4827957003634047	0.22700217038854953	1.226543985163937
TDP1-R	1.4827957003634047	0.22700217038854953	1.3111332255200707
UNG-R	1.4827957003634047	0.22700217038854953	1.2674287846694017
NABP2-R	1.4814970814164503	0.2272971512003966	1.2086435817798866
RMI2-R	1.4814970814164503	0.2272971512003966	1.189758525814576
RNMT-R	1.4814970814164503	0.2272971512003966	1.1537052371535281
PLK3-R	-1.4814970814164503	0.2272971512003966	1.136485756001983
RAD50-R	1.4814970814164503	0.2272971512003966	1.1714545484943517
TIPIN-R	1.4218409147803521	0.24126945131993477	1.1886068557673257
CDC25A-R	1.4218409147803521	0.24126945131993477	1.1713806694518571
POLR2G-R	1.4218409147803521	0.24126945131993477	1.1546466598882592
ETAA1-R	1.410592272738495	0.2439987265552305	1.1512615971267917
WRN-R	1.3732145641616833	0.2532914279190382	1.1785087271233028
GINS2-R	1.3732145641616833	0.2532914279190382	1.16236477195723
PIAS1-R	1.3572668925072182	0.25736321793223965	1.1650902433418957
XPA-R	1.3455472623635811	0.2603971632918417	1.1631073293702263
CCNH-R	1.3455472623635811	0.2603971632918417	1.1478032855627234
LIG4-R	-1.3455472623635811	0.2603971632918417	1.132896749386584
XRCC2-R	1.3416187797225594	0.2614221410129931	1.1227745799917013
RAD18-R	1.3416187797225594	0.2614221410129931	1.10856224353611
DBF4-R	1.3269825386165666	0.26527651647696904	1.0579480121402933
RPS27A-R	1.3269825386165666	0.26527651647696904	1.110845412747308
MRE11-R	1.3269825386165666	0.26527651647696904	1.097131271849193
WEE1-R	1.3269825386165666	0.26527651647696904	1.0837516221924954
MCM2-R	1.3269825386165666	0.26527651647696904	1.0706943737323449
PARP1-R	1.2822088491572694	0.2774238357712967	1.0933762939221694
RFC2-R	1.2672151290582951	0.28161479160867714	1.0969878510338005
CDC25C-R	1.2451145869273108	0.2879079157571439	1.1086109399844049
UBE2T-R	1.2149321522158985	0.2967301460939772	1.1295977152441177
UIMC1-R	1.2110499009809175	0.29788436610645314	1.1212501420860876
ORC2-R	1.1754770133377834	0.3086717040447637	1.1489446761666204
MSH6-R	1.1691235147618584	0.31063909255878414	1.143561494584535
MCM4-R	1.1548200083250075	0.3151142497409658	1.1474268876437341
SUMO1-R	1.1548200083250075	0.3151142497409658	1.1350889641206832
COPS6-R	1.1435830654157193	0.3186751398656701	1.1357039559042499
MCM7-R	1.1373375159384975	0.32067166944112185	1.1307895711871139
RPA1-R	1.1373375159384975	0.32067166944112185	1.1190105131539148
TOPBP1-R	1.1360781985123787	0.32107575124273674	1.1088698625393485
ATAD5-R	1.1358046653110734	0.321163588133441	1.0978551227010482
WDHD1-R	1.129707965239484	0.32312760713810473	1.082477483912651
CDC5L-R	1.129707965239484	0.32312760713810473	1.0717598850620307
CDC7-R	1.129707965239484	0.32312760713810473	1.0934115999117686
DUT-R	1.1200657715934155	0.32625833538675963	1.0715347289663184
MCRS1-R	1.1200657715934155	0.32625833538675963	1.0611314791705289
YWHAE-R	1.1078217342805685	0.330277610483159	1.0638749953063296
CHEK1-R	1.1078217342805685	0.330277610483159	1.0537428524938883
DCLRE1B-R	1.102340049293553	0.33209305961620655	1.049539386522917
MNAT1-R	1.100308993842228	0.3327682444721231	1.032197795353345
CUL5-R	1.100308993842228	0.3327682444721231	1.0418445037211332
RAD9B-R	1.0971523030357515	0.333820350643415	1.025961628124257
UBC-R	1.0640799251769224	0.3450451761445247	1.050819400076507
ERCC6-R	1.0193863903837044	0.3608162725948626	1.088950011885396
FANCM-R	0.9948188771369599	0.36979041597771367	1.1060695477904827
RNASEH2C-R	0.9679408500521652	0.37986443114815954	1.1261467649082606
UBA52-R	0.9542974467991395	0.3850825905470897	1.1316023494146934
POLL-R	0.922620504877052	0.39747608712355903	1.1578651233599329
FANCB-R	0.922620504877052	0.39747608712355903	1.147883527468899
YWHAG-R	-0.913366105762418	0.4011715628012008	1.1486536199863442
USP37-R	0.9056180605358101	0.40429193098010086	1.1286483073194482
BAZ1B-R	0.9056180605358101	0.40429193098010086	1.1011202998238518
BRIP1-R	0.9056180605358101	0.40429193098010086	1.0922402974059175
PPP5C-R	-0.9056180605358101	0.40429193098010086	1.0835023750266704
POLR2F-R	0.9056180605358101	0.40429193098010086	1.074903149828046
POLR2L-R	0.9056180605358101	0.40429193098010086	1.1101458760519163
RIF1-R	0.9056180605358101	0.40429193098010086	1.1477779396468966
BABAM1-R	0.9056180605358101	0.40429193098010086	1.1381327468767546
UBB-R	-0.9056180605358101	0.40429193098010086	1.1193206353581304
RFWD3-R	0.9049825641130647	0.40454893871108083	1.0671172792772605
CDT1-R	0.8932937167022249	0.4093053941108342	1.071228961149449
H2BC21-R	0.873406820285467	0.4175266851171774	1.0596321175322305
ABL1-R	-0.873406820285467	0.4175266851171774	1.0677209123225528
ABRAXAS1-R	0.873406820285467	0.4175266851171774	1.084274724916701
SLX4-R	-0.873406820285467	0.4175266851171774	1.0759341501096495
SUMO2-R	0.8706599219478579	0.418675165131204	1.0545577467590477
INO80E-R	0.8578071482658375	0.4240910321761996	1.060227580440499
DCLRE1C-R	0.8219118782540173	0.43959040724079407	1.0908354550049333
ACTL6A-R	0.8219118782540173	0.43959040724079407	1.0828146060710735
XRCC6-R	0.8116127491555308	0.4441411999704091	1.0860387006575696
RAD51C-R	0.8107260213558244	0.4445352069820862	1.0791253212970933
CDC45-R	0.8075293590035594	0.44595850963949346	1.0747920915771965
MLH1-R	0.792262794126848	0.45281899896572403	1.0835311760965538
TOP1-R	0.7780847996311103	0.45928479191904104	1.0835239809357657
ERCC1-R	-0.7780847996311103	0.45928479191904104	1.0912085481764449
MCM6-R	0.7772703192135009	0.4596590227693265	1.0768235848092613
CIB1-R	0.7772703192135009	0.4596590227693265	1.069345643248086
H2BC4-R	0.7737435832624289	0.46128298072239576	1.065722748565535
GPS1-R	0.7708004666277005	0.46264259009936004	1.0471977546167948
PCLAF-R	0.7708004666277005	0.46264259009936004	1.0615429293375729
CDK2-R	0.7708004666277005	0.46264259009936004	1.0543215488658886
RFC1-R	0.7668886665301288	0.4644558997686235	1.0442464860569725
EYA1-R	0.7509236767391725	0.4719304401884018	1.0539779830874307
APLF-R	-0.7281808017241472	0.48278647601252894	1.071082579233094
FANCF-R	0.7190893940466134	0.4871956973316077	1.0737536750400565
RAD51D-R	0.7190893940466134	0.4871956973316077	1.0667356771639778
RNF8-R	0.6990261977922234	0.4970691151866606	1.0812867116073461
SMARCC1-R	0.6926767521309989	0.5002352695488765	1.0742231749927798
FAAP20-R	-0.6926767521309989	0.5002352695488765	1.0811536470895073
REV3L-R	0.6903482651646794	0.501401418007968	1.0698692677240083
GTF2H3-R	0.6676797012081304	0.5128972731122272	1.0874720664088362
MTOR-R	-0.6676797012081304	0.5128972731122272	1.0738786655787256
BLM-R	0.6676797012081304	0.5128972731122272	1.0672086117552553
ERCC4-R	0.6676797012081304	0.5128972731122272	1.0606209042752845
LIG1-R	0.6676797012081304	0.5128972731122272	1.08063261945029
CDK1-R	0.663689760622439	0.5149477907600116	1.0583282816233368
DNA2-R	0.6360614997507094	0.5293732603840253	1.0747881347190817
ATR-R	0.6360614997507094	0.5293732603840253	1.0813417209063931
RNF168-R	0.6357171696720615	0.5295555709061044	1.0686814232141264
RAD51-R	0.628964960391838	0.5331433399990338	1.0694791550878822
EYA3-R	-0.628964960391838	0.5331433399990338	1.0568225970395049
PRKDC-R	-0.628964960391838	0.5331433399990338	1.0631132077361687
CHAF1A-R	0.620400545142756	0.5377290097102999	1.0596424603114734
EXO1-R	0.6125275035875996	0.5419792818795395	1.0617722773663494
ERCC3-R	0.6125275035875996	0.5419792818795395	1.0555991827304985
MCM5-R	0.5898975701103656	0.5543840673251713	1.0735182806585688
TCEA1-R	0.5782545238968158	0.5608765091984084	1.0798484516176252
CENPS-R	0.5626623762427582	0.5696903130477081	1.0905500278341842
GMNN-R	0.5555506318700199	0.5737562457258062	1.0920928540803698
POLR2I-R	-0.5548499850247312	0.5741583870924275	1.0866839529715435
POLB-R	0.5364827187134164	0.5848015507940835	1.100609660202348
FANCC-R	0.5326329382581256	0.5870572475572733	1.0986825582775783
RUVBL2-R	0.5184843899461532	0.5954222924638123	1.1081470443076507
RFC4-R	0.4967019716679037	0.6085343172561772	1.1139835862339857
XRCC1-R	-0.4967019716679037	0.6085343172561772	1.1201043751693374
MBD4-R	0.4967019716679037	0.6085343172561772	1.1262927971315988
RECQL4-R	0.4937698006717831	0.6103212624655466	1.1111827332932507
TERF1-R	0.48855087202080566	0.6135148117929575	1.1109592537872475
PLK4-R	0.47105634584353945	0.6243423983212038	1.12448765289034
PNKP-R	-0.4699266554971143	0.6250481104444852	1.119738593577019
POLM-R	-0.4699266554971143	0.6250481104444852	1.1137825372282049
RAD54L-R	0.4699266554971143	0.6250481104444852	1.1078895079307012
H2BC17-R	0.4699266554971143	0.6250481104444852	1.1020585105205396
LRWD1-R	0.4699266554971143	0.6250481104444852	1.090578734369284
SETMAR-R	0.4699266554971143	0.6250481104444852	1.0849280673518267
POLD3-R	0.4699266554971143	0.6250481104444852	1.0962885706748824
SMARCA5-R	-0.4699266554971143	0.6250481104444852	1.0793356546335182
RFC3-R	0.4699266554971143	0.6250481104444852	1.073800599994372
BRCA1-R	-0.4474773268850449	0.6392387096187713	1.0925763659300427
CLSPN-R	0.4438683882892158	0.6415498507446249	1.0909604060885754
EP300-R	-0.44156359039079285	0.6430301987885728	1.0879551343139995
MORF4L1-R	-0.4244533451104165	0.6541272692808777	1.1011690211512264
TP53BP1-R	-0.40514741273671767	0.6668784972279772	1.1170214828568619
FAN1-R	0.3840137085318525	0.681122089931682	1.13520348321947
RECQL5-R	0.38344110452415114	0.6815122148529982	1.1302306533453188
TTK-R	0.3762296103510805	0.6864447001373244	1.1328028302758801
RCHY1-R	0.35974061444233485	0.6978573167061024	1.1459911818458053
TFPT-R	-0.35974061444233485	0.6978573167061024	1.1404009809587528
RAD23B-R	0.35736417120755615	0.6995177071356123	1.1375652033516026
POLR2H-R	0.3437226389546828	0.7091255845892211	1.147618699697532
EYA2-R	-0.337854131096236	0.7132993285010575	1.1488234377300686
MUS81-R	0.33677891891261735	0.7140666890934303	1.1445566547669817
PIAS3-R	-0.33672754668562355	0.714103373231736	1.1391649049172932
H2BC3-R	0.33216036920375935	0.717372269209547	1.1335835386094257
PIAS4-R	-0.33216036920375935	0.717372269209547	1.1389559724416978
USP10-R	0.31470749408325127	0.7300023730560649	1.1481257979989752
DYNLL1-R	0.3143719879803251	0.7302473343980905	1.1431441916979455
COPS5-R	0.3134201464062328	0.7309427450782353	1.1389107888428318
H4C1-R	-0.3116915607652167	0.732207334872779	1.1355993388073193
XRCC4-R	0.3116915607652167	0.732207334872779	1.1303661621307879
POLR2K-R	0.29151821987790905	0.7471284008907132	1.1481101573320593
POLR2B-R	0.29151821987790905	0.7471284008907132	1.142867645198123
NHEJ1-R	0.29151821987790905	0.7471284008907132	1.1376727922654042
FANCD2-R	0.27373260162822355	0.7605354140048292	1.1528477995095827
RRM2B-R	0.27373260162822355	0.7605354140048292	1.1425083573615147
GTF2H2-R	0.27373260162822355	0.7605354140048292	1.1476547914036836
CHEK2-R	0.27210272803291374	0.7617760013200338	1.134199824187606
MPG-R	0.27210272803291374	0.7617760013200338	1.1291812408947404
NEIL1-R	0.27210272803291374	0.7617760013200338	1.139263216259872
FAAP100-R	-0.24889973004265353	0.7796581457544844	1.1505968230297456
KDM4A-R	0.24206126367370898	0.7850080835995459	1.1534110000256486
GTF2H4-R	0.24201799394352624	0.7850420514223985	1.1484239616877883
KDM4B-R	0.24201799394352624	0.7850420514223985	1.143430814028276
RAD9A-R	-0.23654755596923227	0.7893483431838494	1.1447259522363182
H2AZ1-R	0.23344057279283256	0.7918046490810263	1.1433386096644131
XPC-R	0.2298348346940121	0.7946648427267766	1.1425438725900008
APBB1-R	0.22813988871223959	0.7960128988272183	1.139591115842385
RPA2-R	0.22813988871223959	0.7960128988272183	1.1347417919451834
ORC6-R	-0.22813988871223959	0.7960128988272183	1.1299335640132122
MDM2-R	0.22813988871223959	0.7960128988272183	1.1251659118443802
ORC1-R	0.22458991459009944	0.7988437457626919	1.12442291945589
ASCC1-R	0.19065903314667068	0.8264143200080915	1.1583631682121782
USP7-R	0.18741769763421315	0.8290973520459985	1.1524797217236908
TERF2IP-R	-0.18741769763421315	0.8290973520459985	1.1429942919152654
EME2-R	-0.18741769763421315	0.8290973520459985	1.1336637262669775
TOP3A-R	0.18741769763421315	0.8290973520459985	1.129055337135811
EME1-R	0.18741769763421315	0.8290973520459985	1.1199500521589092
POLR2A-R	-0.18741769763421315	0.8290973520459985	1.1572817205642063
FANCA-R	0.18741769763421315	0.8290973520459985	1.1477174088240063
RNF4-R	0.18741769763421315	0.8290973520459985	1.138309889079547
MAPK8-R	0.18741769763421315	0.8290973520459985	1.1244842628963947
NBN-R	0.17872799766169983	0.8363333530893038	1.1251874429113125
TIMELESS-R	0.17025959743894684	0.8434458317958422	1.1302174146064285
SMARCA4-R	0.16916490232905518	0.8443696533825986	1.1180388691034409
TP53-R	-0.16916490232905518	0.8443696533825986	1.126947545351277
TRIM25-R	0.16916490232905518	0.8443696533825986	1.1224755312824226
DDB2-R	0.15365652416749945	0.8575665238069549	1.131042462501299
HRAS-R	0.14932908971836292	0.8612856280104546	1.1314928838568719
LIG3-R	0.14932908971836292	0.8612856280104546	1.127072989779306
UBE2N-R	0.14721791510973997	0.8631058731106225	1.125060184794002
PARP2-R	-0.1470770111380818	0.8632274967245291	1.120857408537664
MEN1-R	-0.1470770111380818	0.8632274967245291	1.1165297737556652
POLH-R	0.1470770111380818	0.8632274967245291	1.1122354284719895
MDC1-R	-0.1470770111380818	0.8632274967245291	1.1079739900487253
CDC25B-R	-0.14193468061158407	0.8676779308267109	1.10943552224026
H3-4-R	0.14160692001806927	0.867962368071412	1.1055794422202396
SMARCAL1-R	-0.14160692001806927	0.867962368071412	1.1013916413027387
HELB-R	0.14084233239208485	0.8686262551254308	1.0980746998755444
AURKB-R	0.13140323343003146	0.8768641221659831	1.1043213568631742
H2BC9-R	-0.13140323343003146	0.8768641221659831	1.100185321818743
NSD2-R	0.13029291199630486	0.8778382639004355	1.0972978298755445
UBE2V2-R	-0.13029291199630486	0.8778382639004355	1.081161097083257
CDKN2D-R	0.13029291199630486	0.8778382639004355	1.0932186557867878
FAAP24-R	-0.13029291199630486	0.8778382639004355	1.0851506214267377
CDK4-R	0.13029291199630486	0.8778382639004355	1.0891696978023921
SAMHD1-R	-0.1228655124976607	0.8843825929693556	1.0852313869770482
POLD1-R	-0.10413847668349135	0.9011005073713949	1.101710474340939
APEX1-R	0.09589608638264605	0.908558422755837	1.1067893513571105
UFD1-R	-0.09488273694424641	0.9094795765698139	1.1038973121408973
HMGN1-R	0.08929191122671032	0.9145785588550126	1.106078762514185
HERC2-R	-0.08821908253994852	0.9155602714798231	1.08763365583596
HUS1-R	0.08821908253994852	0.9155602714798231	1.103283060955902
BRCA2-R	-0.08821908253994852	0.9155602714798231	1.0993286413825833
H2BC11-R	0.08821908253994852	0.9155602714798231	1.0954024676633598
TINF2-R	-0.08821908253994852	0.9155602714798231	1.0915042382410702
GTF2H5-R	0.0853631601080672	0.9181787779427792	1.0868900728297917
H2BC12-R	0.08170879536400132	0.9215402764275241	1.0870281429690865
H2BC15-R	-0.08170879536400132	0.9215402764275241	1.0794265475637084
RAD23A-R	0.08170879536400132	0.9215402764275241	1.0832140091341074
POLR2C-R	-0.08170879536400132	0.9215402764275241	1.0756654794537301
CLK2-R	0.0711932709613478	0.9312818849878786	1.0757911430032392
POLN-R	-0.0711932709613478	0.9312818849878786	1.0832619148296505
TICRR-R	-0.0711932709613478	0.9312818849878786	1.0795136037056725
AURKA-R	0.06586290020297003	0.9362592164414325	1.0778241838758758
POLQ-R	-0.06194645216329091	0.9399332168339569	1.0783480398608754
CUL4A-R	-0.06194645216329091	0.9399332168339569	1.0746676711241487
VCP-R	-0.05384619137445425	0.9475778409392167	1.0760629719140258
CHTF18-R	0.05384619137445425	0.9475778409392167	1.0688167566149414
PPP4C-R	0.05384619137445425	0.9475778409392167	1.0797230500497876
BOD1L1-R	-0.05384619137445425	0.9475778409392167	1.0724276240359378
POLR2D-R	0.04967855114154871	0.9515352452635792	1.069678883098319
KPNA2-R	0.04457942959020562	0.9563996306458147	1.0715514256399596
GINS4-R	0.04457942959020562	0.9563996306458147	1.067979587554493
RBX1-R	0.03516681404030184	0.9654443531509105	1.0744978681247674
ACD-R	-0.03301920877365446	0.9675199745383375	1.0732423558620632
POLE-R	0.025879002038749186	0.9744529893008345	1.0773655162236948
POLR2E-R	-0.025879002038749186	0.9744529893008345	1.0738215507098012
CCNA2-R	0.02505011219122721	0.9752610383361094	1.0711883535822841
TRIP13-R	-0.02505011219122721	0.9752610383361094	1.0676877380477015
STK19-R	-0.02384937475756297	0.9764327741051528	1.0654885320039942
SIRT6-R	0.02384937475756297	0.9764327741051528	1.062029153653332
UBE2I-R	-0.02314377858849601	0.977121984453409	1.049153412794526
RTEL1-R	0.02314377858849601	0.977121984453409	1.042470906980548
RRM2-R	-0.02314377858849601	0.977121984453409	1.0525268964369519
PLK1-R	-0.02314377858849601	0.977121984453409	1.0458014849581216
ERCC6L-R	-0.02314377858849601	0.977121984453409	1.039161475529816
RAD52-R	-0.02314377858849601	0.977121984453409	1.0593393682585504
ATRX-R	0.02314377858849601	0.977121984453409	1.0559221444899745
GADD45A-R	0.02118090295568636	0.9790418369864395	1.0379082765520797
JMJD6-R	-0.02118090295568636	0.9790418369864395	1.034634117950969
CDC6-R	-0.019933004902327852	0.9802643440123947	1.0294312076619192
SLX1A-R	0.019933004902327852	0.9802643440123947	1.0326684127174597
RNF111-R	-0.009288142071011196	0.9907548594827236	1.0371964935209763
PLRG1-R	3.8640140373300555E-4	0.999613673239675	1.0335511744916392
YWHAB-R	3.8640140373300555E-4	0.999613673239675	1.0209468918758877
TOP2A-R	3.8640140373300555E-4	0.999613673239675	1.002606528548776
TERT-R	3.8640140373300555E-4	0.999613673239675	1.0367510233290747
NPLOC4-R	3.8640140373300555E-4	0.999613673239675	1.0303710170316651
GTF2H1-R	-3.8640140373300555E-4	0.999613673239675	1.0178437098337116
TERF2-R	-3.8640140373300555E-4	0.999613673239675	1.0147593349554278
UBE2A-R	-3.8640140373300555E-4	0.999613673239675	1.011693596783357
PKMYT1-R	-3.8640140373300555E-4	0.999613673239675	1.0399707470040098
PTEN-R	3.8640140373300555E-4	0.999613673239675	1.0086463269135275
H2AX-R	-3.8640140373300555E-4	0.999613673239675	1.0056173589648383
ATM-R	3.8640140373300555E-4	0.999613673239675	1.0432105312625892
RHNO1-R	3.8640140373300555E-4	0.999613673239675	1.027210369740157
ELL-R	3.8640140373300555E-4	0.999613673239675	1.0240690536247437
PER1-R	-3.8640140373300555E-4	0.999613673239675	0.9996136732396751