Overall graph size pval = 0.256
Gene	Downstream crowded pval	Downstream suggests activation pval	Downstream suggests inhibition pval
MED1	1.0E-4	1.0E-4	0.4723
MED8	1.0E-4	1.0E-4	0.1043
MED9	1.0E-4	1.0E-4	0.1043
MED4	1.0E-4	1.0E-4	0.1043
MED6	1.0E-4	1.0E-4	0.1043
MED7	1.0E-4	1.0E-4	0.1043
PPARGC1A	1.0E-4	1.0E-4	0.3195
CREBBP	9.0E-4	1.0E-4	0.7096
CDK19	1.0E-4	1.0E-4	0.1044
MED19	1.0E-4	1.0E-4	0.1043
MED16	1.0E-4	1.0E-4	0.1043
MED15	1.0E-4	1.0E-4	0.1043
MED18	1.0E-4	1.0E-4	0.1043
MED17	1.0E-4	1.0E-4	0.1043
MED12	1.0E-4	1.0E-4	0.127
MED11	1.0E-4	1.0E-4	0.1043
MED14	1.0E-4	1.0E-4	0.1043
MED13	1.0E-4	1.0E-4	0.1043
MED10	1.0E-4	1.0E-4	0.1043
MED27	1.0E-4	1.0E-4	0.1043
MED26	1.0E-4	1.0E-4	0.1043
MED29	1.0E-4	1.0E-4	0.1043
MED28	1.0E-4	1.0E-4	0.1043
MED23	1.0E-4	1.0E-4	0.1155
MED22	1.0E-4	1.0E-4	0.1043
MED25	1.0E-4	1.0E-4	0.1043
MED24	1.0E-4	1.0E-4	0.1043
MED21	1.0E-4	1.0E-4	0.1043
MED20	1.0E-4	1.0E-4	0.1043
PPARG	6.0E-4	1.0E-4	0.5086
MITF	8.0E-4	1.0E-4	1.0
MED30	1.0E-4	1.0E-4	0.1043
MED31	1.0E-4	1.0E-4	0.1043
NFKB1	5.0E-4	1.0E-4	0.6436
CDK8	1.0E-4	1.0E-4	0.1048
KLF8	1.0E-4	0.0034	0.0052
CCNC	1.0E-4	1.0E-4	0.1043
HELZ2	1.0E-4	1.0E-4	0.458
MED13L	1.0E-4	1.0E-4	0.1043
NCOA1	1.0E-4	1.0E-4	0.4968
NCOA2	1.0E-4	1.0E-4	0.4841
NCOA3	1.0E-4	1.0E-4	0.2422
RELA	0.0011	1.0E-4	0.6837
RXRA	1.0E-4	1.0E-4	0.5425
CTNNB1	0.0019	1.0E-4	1.0
THRAP3	1.0E-4	1.0E-4	0.1151
FAM120B	1.0E-4	1.0E-4	0.1043
TWIST1	9.0E-4	3.0E-4	0.3449
ETV4	0.0027	3.0E-4	1.0
CEBPB	0.0106	0.001	1.0
EGR1	0.0036	0.001	0.528
CREB3L3	0.0069	0.0016	1.0
ARNT	0.0089	0.0016	0.5702
ESR1	0.0424	1.0	0.002
SRF	0.0073	0.0021	1.0
TWIST2	0.0025	0.0021	0.2617
IL4	0.0137	0.0025	1.0
FOS	0.0102	0.0028	0.6067
EP300	0.0028	0.0079	0.1117
CBFB	0.0033	0.102	0.0114
HIPK2	0.0147	1.0	0.0047
IL13	0.0286	0.0049	1.0
HIF1A	0.0075	0.0057	0.3037
ELF1	0.0227	0.0061	1.0
SPDEF	0.0289	1.0	0.0063
ATF4	0.0348	0.0073	1.0
MSC	0.0277	0.0077	1.0
ERBB4	0.0317	1.0	0.0079
NCOR1	0.0088	0.1841	0.0208
LEF1	0.0603	0.0097	1.0
IL2RG	0.0353	0.0105	1.0
CEBPA	0.0533	0.0114	1.0
NR4A1	0.0377	0.0114	1.0
STAT3	0.0805	0.0116	0.8395
TP53	0.1024	0.0125	0.9037
WT1	0.0751	0.0129	1.0
REL	0.0446	0.0135	1.0
FOXA2	0.0229	0.4275	0.0148
TBL1X	0.0956	0.0193	1.0
TBL1XR1	0.0956	0.0193	1.0
SMARCD3	0.096	0.0199	1.0
CHD9	0.096	0.0199	1.0
TGS1	0.096	0.0199	1.0
TCF4	0.066	0.0204	1.0
MTA1	0.0704	0.021	1.0
RUNX1	0.0215	0.1021	0.0986
NFKB2	0.0219	0.1138	0.1053
FOXO1	0.116	0.0229	1.0
NCOA6	0.1117	0.0234	1.0
STAT6	0.0247	0.113	0.0986
CARM1	0.1181	0.0252	1.0
ATF3	0.0255	0.1188	0.1249
HOXB7	0.026	0.1231	0.1145
JUN	0.0287	0.0407	0.25
PARP1	0.0311	0.1358	0.1346
FOSL1	0.1037	0.0315	1.0
ATF2	0.0407	0.0321	0.4661
BCL6	0.0983	1.0	0.0327
TFAP2C	0.0328	0.1456	0.1279
RUNX2	0.1038	0.0329	1.0
AR	0.1764	1.0	0.0341
VHL	0.04	0.1477	0.1461
EPAS1	0.138	0.0473	1.0
HDAC2	0.153	1.0	0.0487
PIK3R1	0.0985	1.0	0.0499
CDK4	0.102	0.0516	1.0
GATA3	0.1732	1.0	0.0526
SOX2	0.1628	0.0531	1.0
PPARA	0.0534	0.1658	0.1535
CHUK	0.1008	0.0541	1.0
MSX1	0.1247	1.0	0.0583
TFAP2B	0.1196	1.0	0.06
NKX3-1	0.123	0.0608	1.0
ZFHX3	0.1234	0.0619	1.0
IRF4	0.1248	0.0629	1.0
MAML2	0.0632	0.1987	0.1784
PIK3CA	0.1238	1.0	0.0632
JAK3	0.1215	0.0644	1.0
CITED2	0.1248	0.0645	1.0
FOXP2	0.1293	0.065	1.0
PRDM1	0.1244	1.0	0.0656
MAZ	0.1239	0.0664	1.0
SERPINB5	0.1266	0.0674	1.0
NR5A2	0.1443	1.0	0.0687
CDC25A	0.1456	1.0	0.073
NOTCH2	0.1266	0.0734	1.0
TAL1	0.1467	1.0	0.0746
IRF2	0.1446	1.0	0.0752
ZEB2	0.1456	0.0761	1.0
GATA6	0.1526	1.0	0.0766
MAML1	0.0772	0.219	0.1989
EGR2	0.1537	0.0774	1.0
TFAP2A	0.0774	0.0938	0.3842
ILF3	0.1476	0.0794	1.0
RUNX3	0.2301	1.0	0.0794
HDGF	0.1464	0.0797	1.0
JAK1	0.1482	0.08	1.0
CCND3	0.1492	0.0803	1.0
SOX17	0.1553	1.0	0.0813
IL10	0.2667	1.0	0.0872
ASCL1	0.1639	1.0	0.0891
FOXO3	0.2484	0.0895	1.0
VEGFA	0.1729	0.0918	1.0
KLK3	0.1718	0.0924	1.0
INS	0.1714	0.0932	1.0
FOXO4	0.0949	0.2404	0.2246
FOXA3	0.1878	1.0	0.0961
CDX2	0.0977	0.2436	0.2267
TCF3	0.1901	1.0	0.1008
RBPJ	0.1053	0.2518	0.2318
RAD51	0.1938	0.1068	1.0
CCNT1	0.2153	1.0	0.1074
GTF2F1	0.2153	1.0	0.1074
POLR2B	0.2153	1.0	0.1074
POLR2C	0.2153	1.0	0.1074
POLR2D	0.2153	1.0	0.1074
POLR2E	0.2153	1.0	0.1074
POLR2G	0.2153	1.0	0.1074
POLR2H	0.2153	1.0	0.1074
POLR2I	0.2153	1.0	0.1074
POLR2J	0.2153	1.0	0.1074
POLR2K	0.2153	1.0	0.1074
POLR2L	0.2153	1.0	0.1074
POLR2A	0.2163	1.0	0.1079
GTF2F2	0.216	1.0	0.108
CD3D	0.1979	0.1105	1.0
LMO2	0.2139	1.0	0.111
CDK9	0.2295	1.0	0.116
POLR2F	0.2343	1.0	0.1178
WWTR1	0.2347	1.0	0.1199
FOXP3	0.2193	0.1213	1.0
SIRT1	0.3469	0.1221	1.0
CREB1	0.3578	1.0	0.1229
ESRRA	0.2327	1.0	0.1235
NFE2L2	0.2329	0.1281	1.0
ETS1	0.3764	1.0	0.1283
STAT4	0.1354	0.4852	0.129
SP1	0.2208	0.1305	0.6219
ABCB1	0.2327	0.1308	1.0
SATB1	0.2535	1.0	0.131
PPARD	0.2522	0.1378	1.0
KLF5	0.2562	0.1402	1.0
IL2RB	0.2527	0.1409	1.0
HDAC7	0.277	0.1439	1.0
PGR	0.2696	1.0	0.146
KLF6	0.2942	1.0	0.1494
HSF1	0.2981	1.0	0.1594
NOTCH1	0.3087	1.0	0.1602
GLI1	0.2895	0.1603	1.0
CCND1	0.2957	0.1639	1.0
ERG	0.3129	0.1732	1.0
HDAC9	0.3311	0.176	1.0
NRF1	0.3343	1.0	0.1775
E2F2	0.3308	1.0	0.1788
NR3C1	0.1967	0.5278	0.1804
MYB	0.4809	1.0	0.1847
MAPK3	0.3436	0.187	1.0
MAML3	0.3241	0.1874	1.0
MAMLD1	0.3241	0.1874	1.0
IL2	0.329	0.1876	1.0
HES1	0.3301	1.0	0.1894
FOSL2	0.3476	1.0	0.1897
DDIT3	0.3492	1.0	0.1917
GATA2	0.3462	0.192	1.0
EZH2	0.1971	0.3277	0.3463
PAX5	0.3632	1.0	0.1971
NFATC3	0.3558	0.1996	1.0
GLI2	0.3564	0.2051	1.0
NFATC1	0.372	0.2085	1.0
CEBPD	0.3673	0.2093	1.0
TCF7L2	0.376	0.2154	1.0
MAPK1	0.3997	0.2206	1.0
FOXM1	0.221	0.3745	0.3526
RARA	0.3966	0.2238	1.0
E2F1	0.6768	1.0	0.2337
HDAC3	0.4175	1.0	0.237
VDR	0.439	1.0	0.2509
E2F3	0.4555	1.0	0.2575
JUNB	0.4603	0.2725	1.0
JUND	0.4688	0.2789	1.0
HNF4A	0.5023	0.2947	1.0
POU5F1	0.5408	1.0	0.3191
NFATC2	0.5329	0.3258	1.0
STAT5B	0.5405	0.3265	1.0
GATA1	0.5458	0.3294	1.0
SREBF2	0.5609	0.3343	1.0
MECP2	0.5726	0.3376	1.0
STAT5A	0.5761	0.3537	1.0
KLF4	0.615	0.3804	1.0
SP3	0.3908	0.5022	0.4824
XBP1	0.3994	0.507	0.4755
IRF1	0.6527	0.4133	1.0
FOXA1	0.6927	1.0	0.4299
BRCA1	0.7269	1.0	0.4656
TFDP1	0.7334	1.0	0.4687
HDAC1	0.4736	0.5311	0.5667
TP73	0.7407	1.0	0.4792
STAT1	0.8139	0.5747	1.0
MAX	0.9313	1.0	0.7274
MYC	0.9257	0.884	0.8681
ATF1	1.0	1.0	1.0
RB1	1.0	1.0	1.0
MDC1	1.0	1.0	1.0
SPI1	1.0	1.0	1.0
TRRAP	1.0	1.0	1.0
EHMT2	1.0	1.0	1.0
ARAF	1.0	1.0	1.0
GABPB1	1.0	1.0	1.0
ELK1	1.0	1.0	1.0
HOXA9	1.0	1.0	1.0
TBK1	1.0	1.0	1.0
AKT2	1.0	1.0	1.0
PRKACG	1.0	1.0	1.0
AKT3	1.0	1.0	1.0
TRBC1	1.0	1.0	1.0
AKT1	1.0	1.0	1.0
HIST3H2BB	1.0	1.0	1.0
PRKACA	1.0	1.0	1.0
PRKACB	1.0	1.0	1.0
PRKCG	1.0	1.0	1.0
MEF2A	1.0	1.0	1.0
PRKCI	1.0	1.0	1.0
MEF2C	1.0	1.0	1.0
PRKCH	1.0	1.0	1.0
CSNK2A1	1.0	1.0	1.0
PRKCB	1.0	1.0	1.0
DAPK1	1.0	1.0	1.0
PRKCE	1.0	1.0	1.0
DAPK2	1.0	1.0	1.0
PRKCD	1.0	1.0	1.0
CSNK2A2	1.0	1.0	1.0
PRKCA	1.0	1.0	1.0
SND1	1.0	1.0	1.0
BCR	1.0	1.0	1.0
PRKD3	1.0	1.0	1.0
PRKD2	1.0	1.0	1.0
PRKCQ	1.0	1.0	1.0
PRKD1	1.0	1.0	1.0
ATF5	1.0	1.0	1.0
CLOCK	1.0	1.0	1.0
ATF6	1.0	1.0	1.0
SF1	1.0	1.0	1.0
ASF1B	1.0	1.0	1.0
CTBP1	1.0	1.0	1.0
PRKDC	1.0	1.0	1.0
PDGFB	1.0	1.0	1.0
GATA4	1.0	1.0	1.0
PRKCZ	1.0	1.0	1.0
PPP3R1	1.0	1.0	1.0
TERT	1.0	1.0	1.0
PLCG2	1.0	1.0	1.0
SFN	1.0	1.0	1.0
PLCG1	1.0	1.0	1.0
NKX2-5	1.0	1.0	1.0
ATG7	1.0	1.0	1.0
ZBTB7A	1.0	1.0	1.0
BTF3	1.0	1.0	1.0
PLK4	1.0	1.0	1.0
LYN	1.0	1.0	1.0
PLK3	1.0	1.0	1.0
FZD2	1.0	1.0	1.0
ZNF382	1.0	1.0	1.0
H3F3B	1.0	1.0	1.0
ABCA3	1.0	1.0	1.0
PLK1	1.0	1.0	1.0
FN1	1.0	1.0	1.0
NR2F1	1.0	1.0	1.0
NR0B1	1.0	1.0	1.0
CDC7	1.0	1.0	1.0
BRAF	1.0	1.0	1.0
NR2F2	1.0	1.0	1.0
NR1D1	1.0	1.0	1.0
CDC6	1.0	1.0	1.0
PBX1	1.0	1.0	1.0
FLI1	1.0	1.0	1.0
MOV10	1.0	1.0	1.0
MLLT10	1.0	1.0	1.0
AGO3	1.0	1.0	1.0
AGO4	1.0	1.0	1.0
AGO1	1.0	1.0	1.0
AGO2	1.0	1.0	1.0
SNAI1	1.0	1.0	1.0
SNAI2	1.0	1.0	1.0
NANOG	1.0	1.0	1.0
HBP1	1.0	1.0	1.0
CDK12	1.0	1.0	1.0
HLA-DRB1	1.0	1.0	1.0
HIST2H2AA3	1.0	1.0	1.0
RET	1.0	1.0	1.0
LIN54	1.0	1.0	1.0
CDKN1A	1.0	1.0	1.0
ELL	1.0	1.0	1.0
CTCF	1.0	1.0	1.0
HIF3A	1.0	1.0	1.0
ING1	1.0	1.0	1.0
GLI3	1.0	1.0	1.0
HIST2H2AC	1.0	1.0	1.0
IKBKB	1.0	1.0	1.0
ING4	1.0	1.0	1.0
HEY1	1.0	1.0	1.0
HEY2	1.0	1.0	1.0
ELOA	1.0	1.0	1.0
TIMP3	1.0	1.0	1.0
ELOB	1.0	1.0	1.0
NELFB	1.0	1.0	1.0
ELOC	1.0	1.0	1.0
IKBKG	1.0	1.0	1.0
NELFCD	1.0	1.0	1.0
NELFA	1.0	1.0	1.0
JAK2	1.0	1.0	1.0
TEAD1	1.0	1.0	1.0
IKBKE	1.0	1.0	1.0
LIN52	1.0	1.0	1.0
NELFE	1.0	1.0	1.0
DUSP1	1.0	1.0	1.0
ACTL6A	1.0	1.0	1.0
PAX3	1.0	1.0	1.0
PAX6	1.0	1.0	1.0
F2	1.0	1.0	1.0
HIST2H2BE	1.0	1.0	1.0
KAT2B	1.0	1.0	1.0
KAT2A	1.0	1.0	1.0
MMP13	1.0	1.0	1.0
ZEB1	1.0	1.0	1.0
PAX8	1.0	1.0	1.0
MTF1	1.0	1.0	1.0
HBEGF	1.0	1.0	1.0
CTDP1	1.0	1.0	1.0
LIN37	1.0	1.0	1.0
NR1I2	1.0	1.0	1.0
CK1	1.0	1.0	1.0
PTGS2	1.0	1.0	1.0
EGFR	1.0	1.0	1.0
SPP1	1.0	1.0	1.0
FLNA	1.0	1.0	1.0
IL12RB1	1.0	1.0	1.0
MEF2D	1.0	1.0	1.0
IL12RB2	1.0	1.0	1.0
CDKN2A	1.0	1.0	1.0
CSNK1A1	1.0	1.0	1.0
NR1H2	1.0	1.0	1.0
NR1H4	1.0	1.0	1.0
NR1H3	1.0	1.0	1.0
GTF2H1	1.0	1.0	1.0
GTF2H2	1.0	1.0	1.0
GTF2H3	1.0	1.0	1.0
POU4F1	1.0	1.0	1.0
GTF2H4	1.0	1.0	1.0
GTF2H5	1.0	1.0	1.0
APEX1	1.0	1.0	1.0
NFIC	1.0	1.0	1.0
FOSB	1.0	1.0	1.0
PKN1	1.0	1.0	1.0
CCNT2	1.0	1.0	1.0
EPO	1.0	1.0	1.0
RORA	1.0	1.0	1.0
AHR	1.0	1.0	1.0
TNF	1.0	1.0	1.0
YY1	1.0	1.0	1.0
FOXQ1	1.0	1.0	1.0
STK11	1.0	1.0	1.0
ZFP36	1.0	1.0	1.0
CDH2	1.0	1.0	1.0
SALL4	1.0	1.0	1.0
RUVBL2	1.0	1.0	1.0
RUVBL1	1.0	1.0	1.0
PIM1	1.0	1.0	1.0
MAP3K8	1.0	1.0	1.0
NEK3	1.0	1.0	1.0
PIM2	1.0	1.0	1.0
PITX2	1.0	1.0	1.0
MAP3K7	1.0	1.0	1.0
PITX1	1.0	1.0	1.0
MAP3K5	1.0	1.0	1.0
MEN1	1.0	1.0	1.0
SUPT16H	1.0	1.0	1.0
MAP2K1	1.0	1.0	1.0
DYRK1A	1.0	1.0	1.0
AIP	1.0	1.0	1.0
DYRK1B	1.0	1.0	1.0
TNNI3K	1.0	1.0	1.0
HIC1	1.0	1.0	1.0
PIAS1	1.0	1.0	1.0
MAF	1.0	1.0	1.0
MAPKAPK2	1.0	1.0	1.0
MAPKAPK5	1.0	1.0	1.0
IL6ST	1.0	1.0	1.0
BLK	1.0	1.0	1.0
NOTCH3	1.0	1.0	1.0
DNMT1	1.0	1.0	1.0
DLX5	1.0	1.0	1.0
SHC1	1.0	1.0	1.0
NOTCH4	1.0	1.0	1.0
CREM	1.0	1.0	1.0
TNFRSF11B	1.0	1.0	1.0
NPAS2	1.0	1.0	1.0
STK38	1.0	1.0	1.0
ABL1	1.0	1.0	1.0
ABL2	1.0	1.0	1.0
ZNF300	1.0	1.0	1.0
FANCI	1.0	1.0	1.0
NEK9	1.0	1.0	1.0
ZBTB17	1.0	1.0	1.0
NEK6	1.0	1.0	1.0
ZBTB16	1.0	1.0	1.0
ELOA2	1.0	1.0	1.0
ELOA3	1.0	1.0	1.0
MLXIPL	1.0	1.0	1.0
CDK7	1.0	1.0	1.0
CDK6	1.0	1.0	1.0
SP2	1.0	1.0	1.0
CDK5	1.0	1.0	1.0
LHX2	1.0	1.0	1.0
SP4	1.0	1.0	1.0
BCL3	1.0	1.0	1.0
CDK2	1.0	1.0	1.0
BCL2	1.0	1.0	1.0
MDM2	1.0	1.0	1.0
CDK1	1.0	1.0	1.0
NF1	1.0	1.0	1.0
PIN1	1.0	1.0	1.0
HLA-DRA	1.0	1.0	1.0
MNAT1	1.0	1.0	1.0
ITGB1	1.0	1.0	1.0
CIITA	1.0	1.0	1.0
PPP1R13B	1.0	1.0	1.0
MCM7	1.0	1.0	1.0
ITGB3	1.0	1.0	1.0
ONECUT1	1.0	1.0	1.0
SIN3A	1.0	1.0	1.0
PRKG2	1.0	1.0	1.0
PRKG1	1.0	1.0	1.0
HSP90AA1	1.0	1.0	1.0
AMP	1.0	1.0	1.0
PKC	1.0	1.0	1.0
NRG1	1.0	1.0	1.0
FOXL2	1.0	1.0	1.0
TRAF2	1.0	1.0	1.0
TFDP2	1.0	1.0	1.0
LCK	1.0	1.0	1.0
TRAF6	1.0	1.0	1.0
MCM5	1.0	1.0	1.0
MCM6	1.0	1.0	1.0
SOS1	1.0	1.0	1.0
MET	1.0	1.0	1.0
HDAC4	1.0	1.0	1.0
HDAC5	1.0	1.0	1.0
PRKAA1	1.0	1.0	1.0
PRKAA2	1.0	1.0	1.0
ROCK1	1.0	1.0	1.0
SRC	1.0	1.0	1.0
ROCK2	1.0	1.0	1.0
CEBPE	1.0	1.0	1.0
CDC42	1.0	1.0	1.0
RBBP4	1.0	1.0	1.0
FYN	1.0	1.0	1.0
CSK	1.0	1.0	1.0
E2F4	1.0	1.0	1.0
E2F5	1.0	1.0	1.0
E2F6	1.0	1.0	1.0
E2F7	1.0	1.0	1.0
PTPN11	1.0	1.0	1.0
PML	1.0	1.0	1.0
MTOR	1.0	1.0	1.0
KLF2	1.0	1.0	1.0
TNRC6C	1.0	1.0	1.0
APC	1.0	1.0	1.0
IL2RA	1.0	1.0	1.0
CD247	1.0	1.0	1.0
TNRC6A	1.0	1.0	1.0
TNRC6B	1.0	1.0	1.0
CCNK	1.0	1.0	1.0
CCNH	1.0	1.0	1.0
IL23R	1.0	1.0	1.0
ACTB	1.0	1.0	1.0
RPS6KA3	1.0	1.0	1.0
EDNRA	1.0	1.0	1.0
RPS6KA5	1.0	1.0	1.0
TRIM28	1.0	1.0	1.0
KAT5	1.0	1.0	1.0
PPP2R1B	1.0	1.0	1.0
PPP2R1A	1.0	1.0	1.0
RPS6KA2	1.0	1.0	1.0
CHEK2	1.0	1.0	1.0
RPS6KA1	1.0	1.0	1.0
CHEK1	1.0	1.0	1.0
KDR	1.0	1.0	1.0
TRIM24	1.0	1.0	1.0
IL12B	1.0	1.0	1.0
IL12A	1.0	1.0	1.0
SOX9	1.0	1.0	1.0
BTRC	1.0	1.0	1.0
SOX6	1.0	1.0	1.0
SKP2	1.0	1.0	1.0
B2M	1.0	1.0	1.0
TP63	1.0	1.0	1.0
EPHB3	1.0	1.0	1.0
PTGDR	1.0	1.0	1.0
HNF1A	1.0	1.0	1.0
UHMK1	1.0	1.0	1.0
IL23A	1.0	1.0	1.0
CSNK2B	1.0	1.0	1.0
BTK	1.0	1.0	1.0
SIK1	1.0	1.0	1.0
ULK1	1.0	1.0	1.0
HIST2H3C	1.0	1.0	1.0
SUPT4H1	1.0	1.0	1.0
NLK	1.0	1.0	1.0
TP53BP2	1.0	1.0	1.0
HIST1H3E	1.0	1.0	1.0
YES1	1.0	1.0	1.0
FOXF2	1.0	1.0	1.0
INSR	1.0	1.0	1.0
PTK6	1.0	1.0	1.0
TRERF1	1.0	1.0	1.0
PTK2	1.0	1.0	1.0
SMARCA4	1.0	1.0	1.0
SNW1	1.0	1.0	1.0
GRB2	1.0	1.0	1.0
ATM	1.0	1.0	1.0
CALM1	1.0	1.0	1.0
HIST1H4C	1.0	1.0	1.0
CALM2	1.0	1.0	1.0
ATR	1.0	1.0	1.0
CD3G	1.0	1.0	1.0
CD3E	1.0	1.0	1.0
RPTOR	1.0	1.0	1.0
MLX	1.0	1.0	1.0
ANKRD1	1.0	1.0	1.0
RAC1	1.0	1.0	1.0
HRAS	1.0	1.0	1.0
GABPA	1.0	1.0	1.0
VAV3	1.0	1.0	1.0
SREBF1	1.0	1.0	1.0
FOXD3	1.0	1.0	1.0
EDN1	1.0	1.0	1.0
SYK	1.0	1.0	1.0
TSC22D3	1.0	1.0	1.0
TFE3	1.0	1.0	1.0
IL18	1.0	1.0	1.0
PROX1	1.0	1.0	1.0
TYK2	1.0	1.0	1.0
SUPT3H	1.0	1.0	1.0
NR5A1	1.0	1.0	1.0
HCK	1.0	1.0	1.0
RAD51D	1.0	1.0	1.0
FAM20C	1.0	1.0	1.0
SGK3	1.0	1.0	1.0
SGK1	1.0	1.0	1.0
PCNA	1.0	1.0	1.0
GNAI3	1.0	1.0	1.0
CXCR4	1.0	1.0	1.0
GNAI1	1.0	1.0	1.0
GNAI2	1.0	1.0	1.0
ARNTL	1.0	1.0	1.0
PPP2CA	1.0	1.0	1.0
RXRB	1.0	1.0	1.0
PURA	1.0	1.0	1.0
PPP2CB	1.0	1.0	1.0
PAK1	1.0	1.0	1.0
HSF2	1.0	1.0	1.0
RXRG	1.0	1.0	1.0
PAK2	1.0	1.0	1.0
PAK4	1.0	1.0	1.0
NPM1	1.0	1.0	1.0
NFYA	1.0	1.0	1.0
IL37	1.0	1.0	1.0
NFYB	1.0	1.0	1.0
NFYC	1.0	1.0	1.0
PER1	1.0	1.0	1.0
STK17A	1.0	1.0	1.0
CAMK4	1.0	1.0	1.0
ELOA3D	1.0	1.0	1.0
TCEA1	1.0	1.0	1.0
ELOA3B	1.0	1.0	1.0
IL18R1	1.0	1.0	1.0
CDK5R1	1.0	1.0	1.0
NEUROG3	1.0	1.0	1.0
TRAC	1.0	1.0	1.0
IHH	1.0	1.0	1.0
ETS2	1.0	1.0	1.0
NR3C2	1.0	1.0	1.0
HOXA10	1.0	1.0	1.0
CCND2	1.0	1.0	1.0
IL18RAP	1.0	1.0	1.0
PTTG1	1.0	1.0	1.0
HIST1H2AD	1.0	1.0	1.0
HIST1H2AC	1.0	1.0	1.0
HIST1H2AB	1.0	1.0	1.0
PDGFRB	1.0	1.0	1.0
MSX2	1.0	1.0	1.0
HIST1H2AJ	1.0	1.0	1.0
SUPT7L	1.0	1.0	1.0
MYCN	1.0	1.0	1.0
FANCD2	1.0	1.0	1.0
CCNE1	1.0	1.0	1.0
HIST1H2BH	1.0	1.0	1.0
HIST1H2BG	1.0	1.0	1.0
RAF1	1.0	1.0	1.0
HIST1H2BB	1.0	1.0	1.0
HIST1H2BA	1.0	1.0	1.0
HIST1H2BD	1.0	1.0	1.0
GNAZ	1.0	1.0	1.0
H2AFB1	1.0	1.0	1.0
TCF7	1.0	1.0	1.0
STK3	1.0	1.0	1.0
CCNB2	1.0	1.0	1.0
CCNB1	1.0	1.0	1.0
GRK5	1.0	1.0	1.0
OTX2	1.0	1.0	1.0
MARK3	1.0	1.0	1.0
MARK2	1.0	1.0	1.0
SMAD2	1.0	1.0	1.0
SMAD4	1.0	1.0	1.0
POU2F1	1.0	1.0	1.0
SMAD3	1.0	1.0	1.0
TGFB1	1.0	1.0	1.0
PTCH1	1.0	1.0	1.0
HMGA1	1.0	1.0	1.0
H2BFS	1.0	1.0	1.0
SUPT5H	1.0	1.0	1.0
ESR2	1.0	1.0	1.0
CLK2	1.0	1.0	1.0
SMAD7	1.0	1.0	1.0
GH2	1.0	1.0	1.0
GNAO1	1.0	1.0	1.0
CLK1	1.0	1.0	1.0
NFKBIA	1.0	1.0	1.0
GH1	1.0	1.0	1.0
IL6	1.0	1.0	1.0
IL8	1.0	1.0	1.0
GNB1	1.0	1.0	1.0
YWHAE	1.0	1.0	1.0
DYRK4	1.0	1.0	1.0
GSK3B	1.0	1.0	1.0
DYRK3	1.0	1.0	1.0
GSK3A	1.0	1.0	1.0
DYRK2	1.0	1.0	1.0
YWHAB	1.0	1.0	1.0
YBX1	1.0	1.0	1.0
PKD1	1.0	1.0	1.0
YWHAQ	1.0	1.0	1.0
H2AFJ	1.0	1.0	1.0
MLST8	1.0	1.0	1.0
MYBL2	1.0	1.0	1.0
TOPBP1	1.0	1.0	1.0
YWHAG	1.0	1.0	1.0
YWHAH	1.0	1.0	1.0
KLF10	1.0	1.0	1.0
FGA	1.0	1.0	1.0
POU1F1	1.0	1.0	1.0
TBP	1.0	1.0	1.0
MMP7	1.0	1.0	1.0
PDPK1	1.0	1.0	1.0
H2AFZ	1.0	1.0	1.0
H2AFX	1.0	1.0	1.0
FGG	1.0	1.0	1.0
H2AFV	1.0	1.0	1.0
PPP2R5D	1.0	1.0	1.0
YWHAZ	1.0	1.0	1.0
ETV6	1.0	1.0	1.0
RBL2	1.0	1.0	1.0
CCNA2	1.0	1.0	1.0
FGR	1.0	1.0	1.0
ZAP70	1.0	1.0	1.0
RBL1	1.0	1.0	1.0
ELF3	1.0	1.0	1.0
DCT	1.0	1.0	1.0
IRF3	1.0	1.0	1.0
IFNG	1.0	1.0	1.0
IRF7	1.0	1.0	1.0
IRF8	1.0	1.0	1.0
IRF9	1.0	1.0	1.0
CREB5	1.0	1.0	1.0
HIST1H2BN	1.0	1.0	1.0
CAMK2B	1.0	1.0	1.0
HIST1H2BM	1.0	1.0	1.0
CAMK2D	1.0	1.0	1.0
HIST1H2BO	1.0	1.0	1.0
HIST1H2BJ	1.0	1.0	1.0
HIST1H2BL	1.0	1.0	1.0
HIST1H2BK	1.0	1.0	1.0
TAF9	1.0	1.0	1.0
CAMK2A	1.0	1.0	1.0
LIN9	1.0	1.0	1.0
AURKB	1.0	1.0	1.0
AURKA	1.0	1.0	1.0
MAPK9	1.0	1.0	1.0
MAPK8	1.0	1.0	1.0
MAPK7	1.0	1.0	1.0
TBX21	1.0	1.0	1.0
ERBB2	1.0	1.0	1.0
BUB1	1.0	1.0	1.0
CAMK2G	1.0	1.0	1.0
TAF12	1.0	1.0	1.0
EGF	1.0	1.0	1.0
TAF10	1.0	1.0	1.0
PDX1	1.0	1.0	1.0
SSRP1	1.0	1.0	1.0
MAPK14	1.0	1.0	1.0
USF2	1.0	1.0	1.0
USF1	1.0	1.0	1.0
MAPK12	1.0	1.0	1.0
MAPK13	1.0	1.0	1.0
MAPK10	1.0	1.0	1.0
MAPK11	1.0	1.0	1.0
REST	1.0	1.0	1.0
CD4	1.0	1.0	1.0
WEE1	1.0	1.0	1.0
ERCC3	1.0	1.0	1.0
RPS6KB1	1.0	1.0	1.0
ERCC2	1.0	1.0	1.0
POLE3	1.0	1.0	1.0
VIM	1.0	1.0	1.0
RBMX	1.0	1.0	1.0