

Data type: org.panda.causalpath.data.SiteModProteinData
Row ID	Change amount	P-value	Q-value
MDC1-P-S793	2.451005334867764	0.0862068761417744	62.41377832664467
MDC1-P-S376	1.7785420549584505	0.1688841917352942	40.757384938784334
BAZ1B-P-S1342	1.7785420549584505	0.1688841917352942	61.136077408176504
FANCD2-P-S1435	1.7785420549584505	0.1688841917352942	30.568038704088252
APBB1-P-T709	-1.726261865924698	0.1779483630634942	25.76692297159396
MCM4-P-T19	1.726261865924698	0.1779483630634942	16.104326857246225
DTL-P-S557	1.726261865924698	0.1779483630634942	14.314957206441088
RIF1-P-S2205	1.726261865924698	0.1779483630634942	11.71223771436089
MDC1-P-S329	1.726261865924698	0.1779483630634942	10.736217904830816
MSH6-P-S227	1.726261865924698	0.1779483630634942	9.202472489854985
LRWD1-P-S253	1.726261865924698	0.1779483630634942	8.052163428623112
RIF1-P-S1688	1.726261865924698	0.1779483630634942	21.472435809661633
MSH6-P-S41	1.726261865924698	0.1779483630634942	18.40494497970997
RIF1-P-S1236	1.726261865924698	0.1779483630634942	12.88346148579698
PARP1-P-S782	1.726261865924698	0.1779483630634942	9.9103549890746
MCM3-P-T722	1.726261865924698	0.1779483630634942	8.588974323864653
ATR-P-S435	1.7220670071064366	0.17869639917951277	7.610364294468662
UNG-P-T60	1.7220670071064366	0.17869639917951277	7.1875662781092915
XRCC1-P-S461	1.6614464521055679	0.1898641519841735	7.234823475607453
BAP1-P-S292	1.6614464521055679	0.1898641519841735	6.873082301827081
RECQL4-P-S89	1.63716158961096	0.19453141940527752	6.706702269020044
TOP2B-P-S1550	1.6195854986725664	0.19798074536005275	6.515366347303554
BAZ1B-P-S189	1.5721699461258036	0.20759422497313743	6.534705168719631
TIMELESS-P-S1173	1.5721699461258036	0.20759422497313743	6.262425786689646
RIF1-P-S1616	1.5617450454266788	0.20976969397615952	6.07493033754958
LIG1-P-S141	1.5617450454266788	0.20976969397615952	5.84127917072075
UBE2T-P-S184	1.546434686041008	0.21300605508641718	5.71171792157652
CDK7-P-T170	-1.546434686041008	0.21300605508641718	5.50772799580593
RIF1-P-S1542	1.4616656969239723	0.23184976147764083	5.595307576993732
LRWD1-P-S212	1.4616656969239723	0.23184976147764083	5.245600853431624
KAT5-P-S86-S90	1.4616656969239723	0.23184976147764083	4.536735873238161
RIF1-P-S1422	1.4616656969239723	0.23184976147764083	5.788249217579723
EP300-P-T1724	1.4616656969239723	0.23184976147764083	5.414813784187483
BAZ1B-P-S158	1.4616656969239723	0.23184976147764083	5.086643251812483
MCM3-P-S672	1.4616656969239723	0.23184976147764083	4.93703609734741
YY1-P-S247	1.4616656969239723	0.23184976147764083	4.795977923137484
SETMAR-P-S508	1.4616656969239723	0.23184976147764083	4.662756314161443
UIMC1-P-S653	1.4615772292401346	0.2318702735963535	4.417738896941051
MCM3-P-T674	1.4430857802666168	0.2361977785381699	3.8865270832189776
DTL-P-S478	1.4430857802666168	0.2361977785381699	4.384799786195769
ELL-P-T180	1.4430857802666168	0.2361977785381699	4.275179791540875
ORC2-P-S111	1.4430857802666168	0.2361977785381699	4.170907113698415
MSH6-P-S935	1.4430857802666168	0.2361977785381699	4.0715998014675
TIMELESS-P-S1121	1.4430857802666168	0.2361977785381699	3.976911433991512
APBB1-P-S517	-1.4430857802666168	0.2361977785381699	3.800159814703
CLSPN-P-S810	1.4124695672370562	0.24354109877366975	3.833125119829063
RBBP8-P-T315	1.3678790576258815	0.25464647771208987	3.922639358799002
H2AX-P-S122	1.357257028197898	0.2573657566551503	3.881933496215184
TCEA1-P-S100	1.357257028197898	0.2573657566551503	3.7266561563665768
TICRR-P-T969	-1.357257028197898	0.2573657566551503	3.5833232272755544
ORC2-P-T116	1.357257028197898	0.2573657566551503	3.5157133550628084
TOP2B-P-S1400	1.357257028197898	0.2573657566551503	3.4506075521912747
TP53BP1-P-T855	1.357257028197898	0.2573657566551503	3.387869233060524
MDC1-P-S1775	1.357257028197898	0.2573657566551503	3.3273715681844434
PRKDC-P-S2612	1.357257028197898	0.2573657566551503	3.2126346175573937
BOD1L1-P-S1077	1.357257028197898	0.2573657566551503	3.0546361937430957
MSH6-P-S252	1.357257028197898	0.2573657566551503	3.005367868037562
PRKDC-P-S893	1.357257028197898	0.2573657566551503	3.8027103636393638
DTL-P-S679	1.357257028197898	0.2573657566551503	3.6535844670260555
RMI1-P-S292	1.357257028197898	0.2573657566551503	3.2689966283917338
SIRT6-P-S330	1.357257028197898	0.2573657566551503	3.1581831833615057
USP1-P-S327	1.357257028197898	0.2573657566551503	3.1055467969721473
UIMC1-P-S171	1.357257028197898	0.2573657566551503	2.95766361616395
MSH6-P-S309	1.3232841278905545	0.26625943448774125	3.012059852642573
WDHD1-P-S383	1.2764372207486505	0.2790296526946448	3.060870735620043
MDC1-P-S882	1.2764372207486505	0.2790296526946448	3.107961054629582
SMARCC1-P-S310	1.2676182093675166	0.2815013011058243	3.0418946567256233
SLX4-P-S1185	-1.2661673713722263	0.2819100103029163	3.0015124626369323
TICRR-P-S923	1.2639539089499585	0.2825346986241947	2.9645669826654637
SUMO1-P-T76	1.2306578477458958	0.2921003569004257	3.0211522627986884
BAP1-P-S597	1.2306578477458958	0.2921003569004257	2.9786008224775804
RAD23A-P-S133	1.2203345222910618	0.29513142236923245	2.9270568465112916
TOP2B-P-S1413	1.2203345222910618	0.29513142236923245	2.8490019972709906
LRWD1-P-S259	1.2203345222910618	0.29513142236923245	2.811515128885846
RIF1-P-T409	1.2203345222910618	0.29513142236923245	2.9677104138239487
TP53BP1-P-S1701	1.2203345222910618	0.29513142236923245	2.8875020242611393
RECQL5-P-S727	1.2179357000832143	0.29584024000328774	2.7816666722387056
TERF1-P-T371	1.2133114081946164	0.2972114596418607	2.758732010009066
RBBP8-P-S539	1.1907140113432293	0.30400412416271116	2.7860631125797832
POLE-P-S1940	-1.1907140113432293	0.30400412416271116	2.751237323672536
DDB2-P-S26	1.1893938799366874	0.30440571457247034	2.720860954944056
TP53BP1-P-S1635	1.1667490882041631	0.31137755863980154	2.7492360055514187
TOP2B-P-S1466	1.1667490882041631	0.31137755863980154	2.716112680183329
RECQL5-P-S815	1.1667490882041631	0.31137755863980154	2.6522041465319566
CLK2-P-S57	1.1667490882041631	0.31137755863980154	2.6837780054192417
WEE1-P-S67	1.1667490882041631	0.31137755863980154	2.621364563432748
MSH6-P-S14	1.156263010729248	0.31465986703749105	2.6185487785648682
POLD3-P-S307	1.1487360939308602	0.3170372215272257	2.608351686201266
MSH6-P-S65	1.132826381220257	0.3221215303424559	2.620404359190315
RBBP8-P-S327	1.132826381220257	0.3221215303424559	2.5912887551993116
ATRIP-P-S518	1.132826381220257	0.3221215303424559	2.5628130545927257
WEE1-P-S150	1.132826381220257	0.3221215303424559	2.5349563909558483
MRE11-P-S689	-1.1291332343862235	0.32331337192072984	2.5169772179635315
EP300-P-S2328	1.1291332343862235	0.32331337192072984	2.4902008645809404
LRWD1-P-S243	1.1291332343862235	0.32331337192072984	2.4639882239011413
NSD2-P-T544	1.0562849265636034	0.34774531292319694	2.6225792349624437
PCLAF-P-S72	1.056166696117714	0.34778642943716376	2.5958492259021297
TTK-P-S321	1.056166696117714	0.34778642943716376	2.4930433159654117
CETN2-P-S20	1.056166696117714	0.34778642943716376	2.569360968494965
POLR2E-P-Y26-T36	-1.056166696117714	0.34778642943716376	2.543407827399056
SMARCA4-P-S1449	1.056166696117714	0.34778642943716376	2.5179737491250656
CHAF1A-P-S206	1.056166696117714	0.34778642943716376	2.468601714828496
POLR2A-P-S1910	1.0521922334483191	0.3491714441393178	2.454370151037535
BAZ1B-P-S493	-1.0521922334483191	0.3491714441393178	2.4307704380467894
MCM3-P-S160	1.0496528782532408	0.3500592411989368	2.4137418155050496
PRKDC-P-T2603	-1.0496528782532408	0.3500592411989368	2.3686251460563574
PNKP-P-T118	1.0496528782532408	0.3500592411989368	2.3466934317410204
CHTF18-P-S871	1.0496528782532408	0.3500592411989368	2.3040262784366385
RIF1-P-S1238	1.0496528782532408	0.3500592411989368	2.390970666302172
CLK2-P-S50	1.0496528782532408	0.3500592411989368	2.325164134202112
DUT-P-S99	1.0496528782532408	0.3500592411989368	2.283269284937209
PARP1-P-T368	1.0348910432716132	0.35526508733787754	2.2965350288627087
DDB2-P-S24	1.0265464115991434	0.35824204717998964	2.2952853288346238
TP53BP1-P-T321	1.0210097544417978	0.36023101160071686	2.287782915779991
TOP2B-P-S1522	1.0210097544417978	0.36023101160071686	2.267889151294948
EYA2-P-S257	1.0016502228289337	0.36727285875505694	2.2922892218850106
TP53BP1-P-S1002	-1.0016502228289337	0.36727285875505694	2.2534368621920446
ATRIP-P-S224	1.0016502228289337	0.36727285875505694	2.2345004179719434
SIRT6-P-S303	1.0016502228289337	0.36727285875505694	2.272697006313344
TOP2B-P-S1441	0.9751977980488548	0.3771177530297424	2.275277109946112
CLSPN-P-S846	0.9510697053724704	0.38632754569307615	2.3115796948908027
BRIP1-P-S128	0.9510697053724704	0.38632754569307615	2.292632320342517
KAT5-P-S90	0.9507396493880689	0.3864550764564594	2.2747437020689154
TP53BP1-P-S532	-0.9507396493880689	0.3864550764564594	2.256398994794166
CDC5L-P-T424	0.9507396493880689	0.3864550764564594	2.2383478028358126
TP53BP1-P-S523-S525	0.9507396493880689	0.3864550764564594	2.220583137733941
ATRX-P-S974	-0.947580784457161	0.3876777659836737	2.2100685241903917
MPLKIP-P-T51	0.947580784457161	0.3876777659836737	2.1928023638451544
TIMELESS-P-S1149	0.947580784457161	0.3876777659836737	2.1758038959083703
GPS1-P-S474	0.9169506314203493	0.39973612725585006	2.2262227394864267
LIG3-P-S853	-0.9119638829564652	0.40173448929760913	2.2202730553547254
FANCD2-P-S1412	0.9084143786038784	0.4031629813355133	2.211287867325088
ACTB-P-S33	-0.9084143786038784	0.4031629813355133	2.178283570797848
CHEK2-P-S303	-0.9084143786038784	0.4031629813355133	2.194661642758734
RIF1-P-S1579	0.8985814436660161	0.4071468109706128	2.183513267723879
FANCD2-P-S592	0.8985814436660161	0.4071468109706128	2.136045587990751
RFC1-P-S69	0.8985814436660161	0.4071468109706128	2.1206783535447746
MCM2-P-S27	0.8985814436660161	0.4071468109706128	2.1055306510194547
RPA1-P-S38	0.8985814436660161	0.4071468109706128	2.0758752897374904
ACTB-P-S52	-0.8985814436660161	0.4071468109706128	2.0329261458118872
RAD9A-P-S328	0.8985814436660161	0.4071468109706128	2.019001994128244
NUDT5-P-S3	0.8985814436660161	0.4071468109706128	1.9917181833967814
UNG-P-S23	0.8985814436660161	0.4071468109706128	1.9783509472666017
ATRX-P-S1527	-0.8985814436660161	0.4071468109706128	2.1674580231082623
BOD1L1-P-S2986	0.8985814436660161	0.4071468109706128	2.15163716162572
ATM-P-S1891	0.8985814436660161	0.4071468109706128	2.090597809522863
HMGN1-P-S7	0.8985814436660161	0.4071468109706128	2.061358679319746
RAD23B-P-S160	0.8985814436660161	0.4071468109706128	2.0470436884911365
KDM4A-P-S520	0.8985814436660161	0.4071468109706128	2.005267286685195
LIG1-P-T233	-0.8985814436660161	0.4071468109706128	1.965161940951491
MSH6-P-S137	0.8985814436660161	0.4071468109706128	1.952147623461746
ABRAXAS1-P-S406	0.8985814436660161	0.4071468109706128	1.939304546991603
HERC2-P-S1942	0.8982188592534293	0.4072944628244179	1.9273280463063958
ATR-P-S464	-0.8740395975408062	0.41726256730002464	1.9616759657481677
MRE11-P-S619	-0.8480020119926431	0.4282697555361954	2.000434212956164
MAPK8-P-S377	-0.8480020119926431	0.4282697555361954	1.9876109167192657
WDR48-P-S373	-0.8480020119926431	0.4282697555361954	1.974950974574557
TERF2IP-P-S154	0.8017936177176024	0.4485237620543577	2.042334614637453
RFC1-P-T506	0.8017936177176024	0.4485237620543577	2.0169639983065526
SMARCA4-P-S1382	0.8017936177176024	0.4485237620543577	2.0045136032552775
BRCA1-P-S1342	-0.8017936177176024	0.4485237620543577	2.0552607830845253
XRCC6-P-S27	0.8017936177176024	0.4485237620543577	2.0295700232959684
LIG1-P-S229	-0.7878383634050562	0.45482690389880304	2.0202127510597143
CLSPN-P-S83	0.7878383634050562	0.45482690389880304	2.007894380626423
SIRT6-P-T294	0.7844971036430437	0.45634914040909164	2.002404713067772
MDC1-P-S299	0.7794761905582563	0.45864619160095893	2.000360498307797
HMGN1-P-S86	0.7771119012022236	0.45973184680574647	1.981225339805717
UIMC1-P-S677	0.7771119012022236	0.45973184680574647	1.9695021129429613
PARP1-P-S75	-0.7771119012022236	0.45973184680574647	1.957916806396238
MCM3-P-S711-T722	0.7771119012022236	0.45973184680574647	1.9930889645949728
MCM4-P-T23	0.765686552479472	0.46501456445370337	1.96883359452913
ACTB-P-S323	-0.765686552479472	0.46501456445370337	1.9460725125114522
MDC1-P-S780	0.765686552479472	0.46501456445370337	1.9348881877269035
WEE1-P-T190	0.765686552479472	0.46501456445370337	1.9129008219572796
EYA2-P-T404	0.765686552479472	0.46501456445370337	1.957386887584193
ACTB-P-S233	-0.765686552479472	0.46501456445370337	1.9238316837970355
PPP4R2-P-S226	0.765686552479472	0.46501456445370337	1.9020934726806848
POLQ-P-S1587	0.765686552479472	0.46501456445370337	1.8914075542948383
ORC1-P-T230	0.7461915484104481	0.4741689679165583	1.9178677808468614
MPLKIP-P-S115	0.7295534262149048	0.4821242460722404	1.9392108564239003
MNAT1-P-T51	0.7223852713049332	0.48559260336407123	1.9423704134562851
SMARCC1-P-S330	-0.7108245371086893	0.49123898565492957	1.954159481396533
MCM2-P-S139	0.694283033305185	0.4994323960456601	1.975896473972994
SMARCA4-P-T1455	0.6758771974429625	0.5087099857317168	2.0016632047269725
RECQL5-P-S491	0.6634951703251646	0.5150480043536767	2.0156473251462805
MDC1-P-S1086	0.6575206363950994	0.5181343867989096	2.0168241722710243
CUL4B-P-S146	0.6540376677196313	0.5199421790521703	2.0130381691645525
CHAF1A-P-S203	0.6535222707808744	0.5202102247286114	2.003362780337844
TP53BP1-P-S598	-0.6504390702231341	0.5218166123186504	1.9989165466598036
SLX4-P-S228	-0.6504390702231341	0.5218166123186504	1.9883959332563308
NSD2-P-S121	0.6504390702231341	0.5218166123186504	1.977985483343994
SUMO1-P-S2	0.6504390702231341	0.5218166123186504	1.9676834756182442
HMGN1-P-S89	0.6461918661248415	0.5240375871010146	1.9658197567934432
MSH6-P-S261	0.6461918661248415	0.5240375871010146	1.9456575028776129
PIAS1-P-S503	0.6461918661248415	0.5240375871010146	1.95568666526358
DUT-P-S88	0.6461918661248415	0.5240375871010146	1.9357306788833395
PARP1-P-S177	0.6342783121852488	0.5303180743393212	1.948986222445018
CDC5L-P-T396	0.6332653843510316	0.530855520428907	1.9411080645986298
PIAS1-P-S488	0.6096621416500647	0.5435344757173334	1.9774822131625596
ACTL6A-P-S233	0.6096621416500647	0.5435344757173334	1.9675948020967469
DTL-P-S485	0.6096621416500647	0.5435344757173334	1.9578057732305938
PER1-P-S815	-0.6095701124693348	0.5435844990516	1.938695454745608
CDC5L-P-T404	0.6095701124693348	0.5435844990516	1.9291920456537177
RBBP8-P-T245	0.6095701124693348	0.5435844990516	1.9104620257930018
TP53BP1-P-S635	0.6095701124693348	0.5435844990516	1.9482929569968237
ACTB-P-T318	0.6095701124693348	0.5435844990516	1.9197813527480898
BOD1L1-P-S482	0.6095701124693348	0.5435844990516	1.9012327406442435
PPP4R2-P-S364	0.5984227256314834	0.5496779456451063	1.9041475246270667
MPLKIP-P-S40	0.5984227256314834	0.5496779456451063	1.9133020800339275
NUDT5-P-T7	0.5971916807887633	0.5503550405268209	1.897414520673421
RBBP8-P-S347	0.5870534351215719	0.5559630548106751	1.9076646999190936
TCEA1-P-S57	0.5857375804211524	0.5566951029384655	1.9011662949407973
RNF4-P-T112	0.5704913639821111	0.5652476281266368	1.9123330970265655
TP53BP1-P-T1609	0.5704913639821111	0.5652476281266368	1.903438524482256
MSH6-P-S830	0.5704913639821111	0.5652476281266368	1.8946263090911344
ABL1-P-S718	-0.5704913639821111	0.5652476281266368	1.851761460469163
UNG-P-S14	0.5704913639821111	0.5652476281266368	1.8434201926292118
TOP2A-P-S1351-S1354	0.5704913639821111	0.5652476281266368	1.8351537343663005
TIMELESS-P-S1087	0.5704913639821111	0.5652476281266368	1.818841256727489
GPS1-P-T479-S483	0.5704913639821111	0.5652476281266368	1.8028162236285683
EP300-P-S2309	0.5704913639821111	0.5652476281266368	1.7949091349284432
ATRX-P-S819	0.5704913639821111	0.5652476281266368	1.9213111866839672
TOP2B-P-S1552	0.5704913639821111	0.5652476281266368	1.8858953122750461
BAZ1B-P-S347	0.5704913639821111	0.5652476281266368	1.877244416347179
TICRR-P-S292	0.5704913639821111	0.5652476281266368	1.8686725240350914
MSH6-P-S274-S275	0.5704913639821111	0.5652476281266368	1.86017855801675
BOD1L1-P-S2475	0.5704913639821111	0.5652476281266368	1.826961083766451
TTK-P-S455	0.5704913639821111	0.5652476281266368	1.810793286564978
TP53BP1-P-S507	-0.566881613331062	0.567291718228467	1.793533641910088
SETMAR-P-S410	0.566881613331062	0.567291718228467	1.7780052121100007
ABL1-P-Y185	-0.566881613331062	0.567291718228467	1.7857356695539572
XRCC1-P-S241	0.561939018966865	0.570102551760618	1.7791131356667562
SMARCA4-P-S1484	0.5614667302397307	0.5703718683617164	1.7723143034072217
NBN-P-S347	-0.5606995074168357	0.5708096385888417	1.7660947792235955
DBF4-P-T553	0.5590192094888917	0.5717695751056259	1.7615369037296729
HMGN1-P-S8	0.5557027903204252	0.5736689505060673	1.7598996617220029
PAXIP1-P-S235	0.550442192204639	0.5766947440701917	1.7469748732502879
PTEN-P-S370	-0.550442192204639	0.5766947440701917	1.7617172772439613
TFPT-P-S180	0.550442192204639	0.5766947440701917	1.754315103810163
BABAM1-P-S49	0.550442192204639	0.5766947440701917	1.7396958112784118
SAMHD1-P-S278	0.5441084699711759	0.5803589602067588	1.7362805255772453
MPLKIP-P-S47	0.5441084699711759	0.5803589602067588	1.7434850090858647
RTEL1-P-S847	0.5441084699711759	0.5803589602067588	1.7291353382291907
ELL-P-S319	0.5377587366450882	0.5840558094196698	1.7330180574583647
MSH6-P-S200	0.536984506473044	0.5845081781456415	1.7272813101120181
XRCC5-P-S175	0.533127311220326	0.58676709405475	1.7269080329091018
ATRX-P-S84	0.533127311220326	0.58676709405475	1.719916502411494
TP53BP1-P-T922	0.533127311220326	0.58676709405475	1.712981355224351
RFC1-P-S368	0.533127311220326	0.58676709405475	1.7061019120306788
USP10-P-S576	0.5265540287271224	0.5906367842716983	1.7104841272508384
TOP2B-P-S1236	0.5254988549706604	0.591260337626776	1.6853247418967947
BOD1L1-P-S800	0.5254988549706604	0.591260337626776	1.672158142350726
USP1-P-S475	-0.5254988549706604	0.591260337626776	1.6656516904349643
TOP2B-P-S1375	-0.5254988549706604	0.591260337626776	1.6591956761309528
XRCC6-P-S6	0.5254988549706604	0.591260337626776	1.6338644444342971
APBB1-P-S205	0.5254988549706604	0.591260337626776	1.627652032098045
SAMHD1-P-S33	0.5254988549706604	0.591260337626776	1.621486683491613
MSH6-P-S9	0.5254988549706604	0.591260337626776	1.6153678658180597
MRE11-P-S688-S689	-0.5254988549706604	0.591260337626776	1.7054680655051229
SMARCC1-P-S328-S330	0.5254988549706604	0.591260337626776	1.6987003350864518
RAD23B-P-S166	0.5254988549706604	0.591260337626776	1.6919861045129876
RECQL5-P-S488	0.5254988549706604	0.591260337626776	1.6787156252619053
CDC5L-P-T355	0.5254988549706604	0.591260337626776	1.6527895152192502
POLR2A-P-S1861	0.5254988549706604	0.591260337626776	1.646432632468407
TICRR-P-S1750	-0.5254988549706604	0.591260337626776	1.640124461462781
REV3L-P-T1167-S1168	0.5165098203789636	0.5965991567199346	1.623826276185085
NBN-P-S509	-0.5165098203789636	0.5965991567199346	1.617744529832332
UIMC1-P-S101	0.5165098203789636	0.5965991567199346	1.6117081696463904
BABAM1-P-S66	0.5165098203789636	0.5965991567199346	1.6057166894618313
EP300-P-S1726	-0.5165098203789636	0.5965991567199346	1.5997695906119727
DBF4-P-S359	0.4991974863489423	0.6070176042105074	1.6217001677063003
TP53BP1-P-S523	0.4991974863489423	0.6070176042105074	1.6098195803970967
RECQL4-P-S323	0.4991974863489423	0.6070176042105074	1.592321541479737
ATR-P-T1989	0.4991974863489423	0.6070176042105074	1.6157380347367918
MPLKIP-P-S66	0.4991974863489423	0.6070176042105074	1.6039443264540416
CDC25C-P-S125	0.4991974863489423	0.6070176042105074	1.5981118016305724
TRIM25-P-S97	-0.49255929845144664	0.6110605050460036	1.5971400926112154
MDC1-P-S955	0.49248243954171295	0.6111074722951054	1.5745260140272468
BOD1L1-P-S2501	0.49248243954171295	0.6111074722951054	1.5915173019484041
APTX-P-S132	0.49248243954171295	0.6111074722951054	1.5858129388589832
BAZ1B-P-S330	0.49248243954171295	0.6111074722951054	1.5801493212202011
XPC-P-S884	0.49074294193650714	0.6121714173763683	1.571674135391811
TFPT-P-S252	0.4805896384416604	0.6184186408774234	1.5821028127040797
POLR2A-P-S1910-S1917	-0.4743270567914179	0.6223036906329987	1.5864361690784896
FANCM-P-S34	0.4740903711130709	0.62245099843629	1.581243939887277
DDB2-P-T148	0.4740903711130709	0.62245099843629	1.5757151149226363
ATRX-P-S316	0.4701655623218659	0.6248988000214516	1.5763997603328603
TRIM25-P-S100	-0.46381104946698787	0.6288823709007143	1.5809404046254067
ATRX-P-S677	0.46381104946698787	0.6288823709007143	1.5754700226024816
REV3L-P-S1724	0.46381104946698787	0.6288823709007143	1.5700373673521282
LIG1-P-T195	-0.4615907581576235	0.6302802242099658	1.5627495970137508
RMI1-P-S225	0.4615907581576235	0.6302802242099658	1.5681198705430077
CLSPN-P-S775	0.45791683628508767	0.6326000833928174	1.5631483289296921
ERCC6-P-S158	-0.45409477904938983	0.6350225435605928	1.5637970120335687
MDC1-P-T1302	0.45071433176682235	0.6371728362201384	1.5584903156195278
XRCC6-P-S324	0.45071433176682235	0.6371728362201384	1.563773333638577
TOP2B-P-T1292	0.45071433176682235	0.6371728362201384	1.5532428734793948
RIF1-P-S2393	0.45071433176682235	0.6371728362201384	1.5480306490717457
YWHAE-P-S210	0.45071433176682235	0.6371728362201384	1.5428532890414055
SMARCAL1-P-S112	0.4506076765613589	0.6372407976440566	1.5378744583143233
RBBP8-P-S568	0.4499234974054221	0.6376769336957021	1.5338142856999613
ATRX-P-S889	-0.4499234974054221	0.6376769336957021	1.528735430449299
LIG3-P-S913	0.4493360395478911	0.6380516520758198	1.5245854656861173
TICRR-P-S441	-0.44277114313697097	0.6422541745455519	1.5295790209571696
HELB-P-S967	0.4375684837776209	0.6456043114918071	1.532516464000224
ABL1-P-S569	0.43310530066193137	0.648492201551454	1.5343410258929828
BOD1L1-P-S2973	0.4317271050733335	0.649386566806432	1.5314523595044194
XRCC1-P-S447	0.4317271050733335	0.649386566806432	1.5264801115839506
MPLKIP-P-T10	0.4259621669956206	0.6531410519415277	1.530336963125133
LIG1-P-S51	-0.4259621669956206	0.6531410519415277	1.5254003922763422
SMARCA5-P-S66	-0.41970747904332334	0.6572390478933704	1.530035597025081
USP10-P-S370	0.41970747904332334	0.6572390478933704	1.5202590117405756
MCRS1-P-S282	0.41970747904332334	0.6572390478933704	1.5154174225312107
ORC2-P-T226	0.41970747904332334	0.6572390478933704	1.5251316367782057
POLM-P-S12	0.41970747904332334	0.6572390478933704	1.510606573570794
HMGN1-P-S21-S25	0.4168590198253327	0.659113835377987	1.5101215721951347
RNF168-P-S470	0.41391974143381616	0.6610540043834623	1.5097889563836804
TP53BP1-P-S999	0.41391974143381616	0.6610540043834623	1.5050411923698952
DDB2-P-S24-S26	0.41391974143381616	0.6610540043834623	1.5003231949016511
HMGN1-P-S99	0.41391974143381616	0.6610540043834623	1.4956346849175834
HERC2-P-S1588	0.41391974143381616	0.6610540043834623	1.4909753868337279
RNMT-P-T77	0.41391974143381616	0.6610540043834623	1.4863450284895239
ABL1-P-S884	-0.41391974143381616	0.6610540043834623	1.4817433410948195
MCM2-P-S41	0.41143643785943096	0.6626976421364981	1.4808428793420512
MCM4-P-S131	0.41143643785943096	0.6626976421364981	1.4762864397133064
ATRX-P-S1348-S1352	0.4105845182853742	0.6632624477798472	1.4730123073392927
MDC1-P-T1671	-0.4073009576848691	0.6654438897095746	1.4733375417422998
SMARCC1-P-S573	0.4023027074688287	0.6687782708689901	1.4762056954547222
SLX4-P-S1028	-0.39089868790959426	0.6764486849981539	1.4885983220020167
SMARCA4-P-S695	0.39089868790959426	0.6764486849981539	1.4840874179959498
KPNA2-P-S62	0.3885386397194836	0.678047021826985	1.4830998302197496
XRCC1-P-S447-T453	0.3885386397194836	0.678047021826985	1.478632662056437
PRKDC-P-S511	0.3885386397194836	0.678047021826985	1.4741923237319432
TP53BP1-P-S1548	0.3884406924416495	0.678113437939602	1.4699225421205744
AURKA-P-S10	-0.38186562214820113	0.6825867715868247	1.4752024556085404
MDC1-P-S1820	0.3767602719925772	0.6860805269008825	1.478340182964997
RAD18-P-T118	0.37662778442273304	0.6861714300642456	1.4697873235695675
TOP2B-P-T1317	0.37662778442273304	0.6861714300642456	1.4741487102863913
SIRT6-P-S326	0.37662778442273304	0.6861714300642456	1.4654516677478284
MDC1-P-T1589	0.3649021260232279	0.6942645979899349	1.474039791626724
TP53BP1-P-S398	0.3649021260232279	0.6942645979899349	1.4697297337564703
TICRR-P-T566	0.3649021260232279	0.6942645979899349	1.4569494752020662
WEE1-P-S139	0.3649021260232279	0.6942645979899349	1.4783752027785673
MDC1-P-T1425	-0.3649021260232279	0.6942645979899349	1.4654448074189879
TICRR-P-S1057	-0.3649021260232279	0.6942645979899349	1.4611847934439328
SMARCA5-P-S755	0.3649021260232279	0.6942645979899349	1.4527386385685344
SMARCA4-P-S699	0.3649021260232279	0.6942645979899349	1.4485520718867806
TP53BP1-P-S525	0.35948028475124844	0.6980390133352704	1.452242085214758
FTO-P-S256	0.35948028475124844	0.6980390133352704	1.4480809331081255
MCM2-P-T106	-0.359310554951927	0.6981575014121166	1.444188660063921
H2AX-P-Y143	-0.3582329873209835	0.6989102188160586	1.4375312455193934
ORC6-P-T195	0.3582329873209835	0.6989102188160586	1.4416267761334087
ABL1-P-T781	-0.3575607228262379	0.6993802293091655	1.434422906571773
POLR2A-P-S1861-S1868	0.34785271758277253	0.7062028798224382	1.4402560140604093
PLK4-P-S665	0.34785271758277253	0.7062028798224382	1.4362103510995654
LIG1-P-S4-S7	-0.34785271758277253	0.7062028798224382	1.4202524583095704
RIF1-P-S1454	0.34785271758277253	0.7062028798224382	1.4443245338741393
FTO-P-T4	0.34785271758277253	0.7062028798224382	1.4321873529172138
TP53BP1-P-S1362	0.34785271758277253	0.7062028798224382	1.4281868295850426
TP53BP1-P-S1317	-0.34785271758277253	0.7062028798224382	1.424208593290934
EP300-P-S499	-0.3465615487994474	0.7071152958503469	1.4181481279657928
DBF4-P-S413	0.3359469612086	0.714661009567072	1.429322019134144
TFPT-P-T207	-0.33124773912209743	0.71802726356049	1.4320984540435118
USP10-P-S365	0.3312385508621252	0.7180338610119642	1.428177240034786
BAZ1B-P-S947	0.3279688572784766	0.7203854541195523	1.4289289555686462
BAZ1B-P-S349	0.3273647769150145	0.7208207562920197	1.425885867637766
ATRX-P-S213	-0.32729677954748704	0.720869771872353	1.4220973156282932
TP53BP1-P-S1618	-0.3267901362104569	0.7212350882738846	1.4189516410605774
MCM6-P-S13	0.3262796516094861	0.7216033616710799	1.415828818021306
ATRX-P-S92	0.32144593070155214	0.7250998346069116	1.4188440006902812
POLR2A-P-S1917	0.32132658262188984	0.7251863790440889	1.4151885132828042
TRIM25-P-S433	0.32132658262188984	0.7251863790440889	1.3963695170955328
CHAF1A-P-S141	0.32132658262188984	0.7251863790440889	1.3926656191722024
BOD1L1-P-S2954	0.32132658262188984	0.7251863790440889	1.4113842430858075
SAMHD1-P-S102	-0.32132658262188984	0.7251863790440889	1.40760037112043
SMARCA4-P-S1663	0.32132658262188984	0.7251863790440889	1.4038367337644928
MUS81-P-S101	-0.32132658262188984	0.7251863790440889	1.400093169141121
RAD50-P-S635	-0.31272400128890226	0.7314517644563904	1.4009816864191182
ABL1-P-Y393	-0.31272400128890226	0.7314517644563904	1.3972851648190678
RNF168-P-S134	-0.2972412991015913	0.7428647381395383	1.4153528168763836
PER1-P-S704	0.2972412991015913	0.7428647381395383	1.4116379800866818
MPLKIP-P-S93	0.2972412991015913	0.7428647381395383	1.407942592704256
TERF2-P-S365	0.29642833531596335	0.7434689058192128	1.401748666179974
LIG1-P-S66	-0.29642833531596335	0.7434689058192128	1.3981077605535326
ASCC1-P-S67	0.29642833531596335	0.7434689058192128	1.3908823974498967
TERF2IP-P-S203	0.29642833531596335	0.7434689058192128	1.4054085843684336
RPA1-P-S135	0.29642833531596335	0.7434689058192128	1.394485719723083
TP53BP1-P-S1101	0.29642833531596335	0.7434689058192128	1.387297649002861
TOP2B-P-S1550-S1552	-0.29421883669941223	0.7451134154399096	1.3867920636979294
ACTB-P-S368	0.29371349311565986	0.7454900488802011	1.3803958961362293
RIF1-P-S2348	0.29371349311565986	0.7454900488802011	1.3839353727929888
SMARCA5-P-S137	-0.29371349311565986	0.7454900488802011	1.3768744780338409
NBN-P-S397	-0.28488063099240246	0.7521040268725436	1.3855555100654493
CHEK1-P-S301	0.2842905019563925	0.752547996283637	1.3828546936785615
RECQL4-P-S251	0.2842905019563925	0.752547996283637	1.3793537957198816
XRCC4-P-S260	-0.2842905019563925	0.752547996283637	1.3758705790640233
RAD23A-P-S205	0.2787607525538755	0.7567209251084323	1.3800149868476195
TCEA1-P-S135	0.27442278381160184	0.7600106871116608	1.3825320036905588
TERF2IP-P-S36	0.27442278381160184	0.7600106871116608	1.3790670112001062
TP53BP1-P-S1460	0.27442278381160184	0.7600106871116608	1.375619343672106
ATRX-P-S875	0.27197565667197676	0.7618728073837595	1.3755509041043439
NHEJ1-P-S287	0.271825769384082	0.7619870109911997	1.3723348158149964
XRCC6-P-S2	-0.26780377519413956	0.7650578897107466	1.3744464321354355
TOP2A-P-S1354	0.26723334619227646	0.7654944254136175	1.3718266435630173
RAD9A-P-S387	0.2575756744195907	0.772923133590787	1.3817193795548883
UFD1-P-S229	0.2575756744195907	0.772923133590787	1.3783161298515512
NBN-P-S343	-0.2534908204729573	0.7760868690028404	1.3805574770468216
XRCC1-P-S266	0.2512069201612205	0.7778613996991371	1.3803226798582728
TP53BP1-P-S294	0.2508734421100069	0.7781208426596852	1.3774070662239903
MDC1-P-S453	0.2508734421100069	0.7781208426596852	1.3740475367941758
TOP2A-P-S1374	-0.25060372781866935	0.778330741276394	1.3710741038542804
BRCA2-P-S2095	0.24941308197620413	0.7792580094520125	1.3660600456253198
TOP2B-P-S1581	-0.24941308197620413	0.7792580094520125	1.3693757253477112
CDC25C-P-S173	0.24941308197620413	0.7792580094520125	1.362760383679365
BABAM1-P-S29	0.24941308197620413	0.7792580094520125	1.3594766237186917
SMARCAL1-P-S129	-0.24941308197620413	0.7792580094520125	1.3562086510655218
RIF1-P-S2172	0.24941308197620413	0.7792580094520125	1.3529563521421033
REV3L-P-S1967	0.24941308197620413	0.7792580094520125	1.3497196144575527
H2AX-P-S140	0.24932493100080863	0.7793267048333684	1.3466170269674431
ACTB-P-S365	0.24932493100080863	0.7793267048333684	1.3338830598093585
RPA1-P-T180	0.24932493100080863	0.7793267048333684	1.3276059630573145
RECQL4-P-S27	0.24932493100080863	0.7793267048333684	1.321387668148381
BOD1L1-P-S3019	-0.24932493100080863	0.7793267048333684	1.3183003137835483
GPS1-P-S468	0.24932493100080863	0.7793267048333684	1.343410795950854
TOP2B-P-S1336	-0.24932493100080863	0.7793267048333684	1.3402197964355314
GPS1-P-S483	0.24932493100080863	0.7793267048333684	1.3370439201406603
SLX4-P-S1469	-0.24932493100080863	0.7793267048333684	1.3307371091966007
USP1-P-S313	0.24932493100080863	0.7793267048333684	1.324489517134645
MCM2-P-S381	0.24924125961050156	0.7793919149103361	1.3153374041843433
BRCA1-P-S1009	-0.24897540061214754	0.7795991508107032	1.3126274074115094
BAZ1B-P-S1468	-0.24695548973113943	0.7811754630874589	1.3122297802211607
VCP-P-S3	-0.24695548973113943	0.7811754630874589	1.3091922112854635
TP53BP1-P-S119	0.24695548973113943	0.7811754630874589	1.3061686726912707
PIAS1-P-S485	0.24695548973113943	0.7811754630874589	1.3001632994834948
TOP1-P-S112	-0.24695548973113943	0.7811754630874589	1.2971812735672483
RTEL1-P-S779	0.24695548973113943	0.7811754630874589	1.2912580714048407
TP53BP1-P-S552	-0.24695548973113943	0.7811754630874589	1.288316709055399
HERC2-P-S1577	0.24695548973113943	0.7811754630874589	1.2853887165348188
BOD1L1-P-S3029	0.24695548973113943	0.7811754630874589	1.2766840525402263
TCEA1-P-S81	-0.24695548973113943	0.7811754630874589	1.273808638007478
ATRX-P-S1348	0.24695548973113943	0.7811754630874589	1.303159067454655
TP53BP1-P-S640	0.24695548973113943	0.7811754630874589	1.2942128953668655
NBN-P-S432	0.24695548973113943	0.7811754630874589	1.2824740028918826
RAD23A-P-S92	-0.24695548973113943	0.7811754630874589	1.279572477998462
MCM4-P-S120	0.24695548973113943	0.7811754630874589	1.270946146686113
BAZ1B-P-S345	0.2434853851380407	0.7838909324063243	1.2725045629196834
BOD1L1-P-S2203	-0.2382630860569267	0.7879953532307579	1.2763056727943372
BARD1-P-T299	0.2382630860569267	0.7879953532307579	1.2706205695747632
TP53BP1-P-S809	0.2382630860569267	0.7879953532307579	1.262187247210329
TP53BP1-P-S862	0.2382630860569267	0.7879953532307579	1.2734567762032785
MDC1-P-S453-T455	0.2382630860569267	0.7879953532307579	1.2677969683090415
TP53BP1-P-S1094	0.2382630860569267	0.7879953532307579	1.2649858885566934
KDM4B-P-S622	-0.2382630860569267	0.7879953532307579	1.259400961896399
RRM2-P-S20	0.23717410065518088	0.7888539360743124	1.2579961447528683
TP53BP1-P-S1068	0.23717410065518088	0.7888539360743124	1.2497379643715583
MDC1-P-T1239	0.23717410065518088	0.7888539360743124	1.2552313180611037
TOP2A-P-S1377	-0.23717410065518088	0.7888539360743124	1.2524786178021976
HMGN1-P-S25	0.23006002815450002	0.7944859095489618	1.2559122238284899
MAPK8-P-T183	0.22906914604408618	0.795273541584512	1.248976234505828
PPP4R2-P-T173	0.22906914604408618	0.795273541584512	1.2544183967476834
MCM6-P-S271	0.22906914604408618	0.795273541584512	1.2516914002330146
TICRR-P-T1105	0.22906914604408618	0.795273541584512	1.2462728227428284
MPG-P-T67	0.22906914604408618	0.795273541584512	1.2435810887844205
MNAT1-P-S279	-0.22906914604408618	0.795273541584512	1.2409009571275575
TRIM25-P-T91	0.22713239583905553	0.7968152802786753	1.240632823487658
UNG-P-S12	0.2270757181769775	0.7968604431857215	1.2353896378296838
BOD1L1-P-S2780	-0.2270757181769775	0.7968604431857215	1.2380406885546402
SAMHD1-P-T25	0.2270757181769775	0.7968604431857215	1.2327499163813298
ATRX-P-S598	-0.22540302535664783	0.7981944613180815	1.2321807889004073
UFD1-P-S129	-0.22225886962531033	0.8007080585081371	1.2334311369359388
SMARCA5-P-T113	0.22041074538175767	0.8021892347603568	1.233089184642247
MRE11-P-S649	-0.21996186840612364	0.8025493998668065	1.2310291642024744
ATRX-P-S25	-0.21996186840612364	0.8025493998668065	1.2181252945567462
RIF1-P-S2234	0.21996186840612364	0.8025493998668065	1.215576915279431
RIF1-P-S782	0.21996186840612364	0.8025493998668065	1.2284265655466553
ELL-P-S442	0.21996186840612364	0.8025493998668065	1.2258349483197637
HMGN1-P-T83	0.21996186840612364	0.8025493998668065	1.2232542431654063
SMARCC1-P-S830	0.21996186840612364	0.8025493998668065	1.2206843813100168
MCM4-P-S326	-0.21996186840612364	0.8025493998668065	1.2130391764166346
POLD2-P-S15	0.21742055525915321	0.8045915229458467	1.2135922137766522
TP53BP1-P-S1114	-0.21742055525915321	0.8045915229458467	1.2110691530411497
USP7-P-S18	0.21577572350890112	0.8059160296254738	1.2105460693959398
MDC1-P-T1157	0.21347596969986946	0.8077715709106246	1.210821153911578
MTOR-P-S2481	-0.21274576950956908	0.8083616212666463	1.2092020946220081
MDC1-P-S998	0.21123028734418306	0.8095876076324525	1.2085390266513312
TOP1-P-S394	0.20341839318779018	0.8159367876060132	1.2130148546750585
MPLKIP-P-S133	-0.20341839318779018	0.8159367876060132	1.2155107700138963
TP53BP1-P-S993	-0.20090395851753132	0.8179909888486345	1.2135767949311709
TP53BP1-P-S63	-0.19786916366598936	0.8204771943438602	1.21477605052138
RIF1-P-S2144	0.19786916366598936	0.8204771943438602	1.2122969157243975
HERC2-P-S2928	0.19718339423389095	0.821040045494474	1.2106578267576358
TERF1-P-T344	0.19718339423389095	0.821040045494474	1.2081971401178846
LIG3-P-S210	-0.19476336788733561	0.8230293901985581	1.2086679077155296
CCNH-P-T315	-0.19445636552157256	0.8232821009578573	1.2065915811609083
ACTB-P-S199	-0.19431788415082255	0.8233961180861538	1.204320786857324
XRCC6-P-S520	0.19431788415082255	0.8233961180861538	1.1875274691123014
PPP4R2-P-S159	0.19431788415082255	0.8233961180861538	1.1851665795116806
TOP2A-P-S1106	0.19431788415082255	0.8233961180861538	1.2018927207547891
PIAS1-P-S510	0.19431788415082255	0.8233961180861538	1.1994744255420027
BABAM1-P-S44	0.19431788415082255	0.8233961180861538	1.1970658423581835
ERCC6L-P-S820	0.19431788415082255	0.8233961180861538	1.1946669128143794
BABAM1-P-S62	0.19431788415082255	0.8233961180861538	1.1922775789887508
MBD4-P-S422	0.19431788415082255	0.8233961180861538	1.1898977834219069
MDC1-P-S168	0.19353704333024313	0.824039310469416	1.1837390094838436
TP53BP1-P-S1705	-0.19353704333024313	0.824039310469416	1.1813949718413013
RMI1-P-S284	0.19353704333024313	0.824039310469416	1.179060199169678
MTOR-P-S1261	0.19353704333024313	0.824039310469416	1.1767346366466611
TTK-P-S436	0.19353704333024313	0.824039310469416	1.1744182298816086
NSD2-P-S437	0.1910406421712808	0.8260990130113335	1.1727366380788342
EYA4-P-S274	-0.1910406421712808	0.8260990130113335	1.175040639332427
USP1-P-S292	0.18849788105261686	0.8282022583537908	1.1734215950061537
LIG1-P-S76	-0.18509221506398837	0.8310276470509973	1.1751250321580509
PKMYT1-P-S479	0.1825273631860079	0.8331618456538579	1.1758463474725012
SMARCC1-P-S328	0.1825273631860079	0.8331618456538579	1.1690100314988239
ATRX-P-S1352	0.1825273631860079	0.8331618456538579	1.173558708664189
TICRR-P-S1303	0.1825273631860079	0.8331618456538579	1.1712799538900838
CHAF1A-P-S775	-0.18185558682854713	0.8337217321218969	1.167532947884436
HMGN1-P-S86-S89	-0.18185558682854713	0.8337217321218969	1.1652790232746206
ATRX-P-S1061	-0.18113487886150245	0.8343228185944223	1.1638722941471322
POLR2A-P-S1875-S1882	-0.17927231073219968	0.8358782497844973	1.1615659363607986
CUL4B-P-S61	-0.17927231073219968	0.8358782497844973	1.1549157497022444
POLR2A-P-T1919	0.17927231073219968	0.8358782497844973	1.1527159101790019
TOP2B-P-S1473	-0.17927231073219968	0.8358782497844973	1.1505244350645931
TICRR-P-S1001	0.17927231073219968	0.8358782497844973	1.1461663879620758
FAAP100-P-S667	-0.17927231073219968	0.8358782497844973	1.1418412317810869
PPP4C-P-S47	0.17927231073219968	0.8358782497844973	1.1375485955713835
EXO1-P-S815	0.17927231073219968	0.8358782497844973	1.1637997170076462
PRKDC-P-S4026	0.17927231073219968	0.8358782497844973	1.1593407142604906
TP53BP1-P-S630	0.17927231073219968	0.8358782497844973	1.157124001613721
SMARCAL1-P-S151	-0.17927231073219968	0.8358782497844973	1.1483412767437875
WRN-P-S1133	0.17927231073219968	0.8358782497844973	1.1439997218222608
MEN1-P-S548	0.17927231073219968	0.8358782497844973	1.139690871645906
BLM-P-T171	-0.17678297133812637	0.8379616264803182	1.1382443106411828
APEX1-P-T19	-0.17678297133812637	0.8379616264803182	1.1361127669882967
TTK-P-S821	-0.17525411801935822	0.8392437267158321	1.1357242208266587
RPA2-P-S238	-0.1746982769022832	0.8397103425565093	1.1342356119606583
CDC6-P-S54	0.17217418425839381	0.8418325264227866	1.1349846352515782
XPC-P-S61	0.17001439203009888	0.8436526746343238	1.135324417165893
SAMHD1-P-S18	0.17001439203009888	0.8436526746343238	1.133218063887292
UBXN1-P-S132	0.1696119368605519	0.84399227534698	1.131574828428173
TINF2-P-S295	0.1696119368605519	0.84399227534698	1.129483192885792
RBBP8-P-S163	0.1696119368605519	0.84399227534698	1.1253230337959732
ABL1-P-S16	-0.1696119368605519	0.84399227534698	1.1273992755557445
UFD1-P-S247	0.16625357091259055	0.8468314751322656	1.127033066168677
YY1-P-S118	0.15842039940936456	0.8534908994667376	1.1338117636952625
TFPT-P-S249	0.1537870671427475	0.8574545818282424	1.134912462968277
BRCA2-P-S844	-0.1537870671427475	0.8574545818282424	1.1266735340175091
MUS81-P-S95	-0.1537870671427475	0.8574545818282424	1.122598765359218
SAMHD1-P-T592	0.1537870671427475	0.8574545818282424	1.1185533644029686
UBC-P-S57	-0.1537870671427475	0.8574545818282424	1.1165415777763446
FAAP100-P-S877	0.1537870671427475	0.8574545818282424	1.1145370148000855
USP10-P-T74	0.1537870671427475	0.8574545818282424	1.1105494047292443
ACTB-P-Y294	-0.1537870671427475	0.8574545818282424	1.1085662807922279
TP53BP1-P-S1430	0.1537870671427475	0.8574545818282424	1.1046212050598712
TP53BP1-P-T302	0.1537870671427475	0.8574545818282424	1.1369910572227977
MDC1-P-T1280	-0.1537870671427475	0.8574545818282424	1.1328414548241743
MCM4-P-S26	0.1537870671427475	0.8574545818282424	1.1307779913363343
POLR2A-P-T1870	-0.1537870671427475	0.8574545818282424	1.1287220313520865
MDC1-P-S495	-0.1537870671427475	0.8574545818282424	1.1246324587747238
SLX4-P-T1315	-0.1537870671427475	0.8574545818282424	1.1205724137971977
WDHD1-P-S407	0.1537870671427475	0.8574545818282424	1.1125396366373612
BARD1-P-S330	-0.1537870671427475	0.8574545818282424	1.106590226815771
CDK1-P-T161	0.15365135342715727	0.8575709580722398	1.1008534993693293
MDC1-P-S1814	0.15365135342715727	0.8575709580722398	1.0969635576754446
XRCC4-P-S320	0.15365135342715727	0.8575709580722398	1.0950288776795445
VCP-P-S702	0.15365135342715727	0.8575709580722398	1.1028088341817082
RTEL1-P-S882	-0.15365135342715727	0.8575709580722398	1.0989050860961092
POLR2A-P-S1882	0.15365135342715727	0.8575709580722398	1.0931010099371508
TOP2A-P-S4	-0.15353591782066903	0.8576699580098406	1.0913058868174421
TTK-P-S281	0.15353591782066903	0.8576699580098406	1.0893913150861836
POLR2C-P-S124	0.1486813057295034	0.8618437357972425	1.0927755949513198
ATRX-P-S1995-S1996	0.1486813057295034	0.8618437357972425	1.0889613694890115
TFPT-P-S167	0.1486813057295034	0.8618437357972425	1.0908651481069993
CUL4A-P-S10	0.14564728017984133	0.8644625624960989	1.0884711221690009
EP300-P-S2320-S2328	0.14564728017984133	0.8644625624960989	1.0903674133226056
GPS1-P-T479	-0.14564728017984133	0.8644625624960989	1.0865814153596798
NSD2-P-T110	0.1410589206859853	0.8684381412191664	1.0896866797966662
TOP2B-P-S1613	-0.14062193424428435	0.8688177198416507	1.0882768670680882
XPC-P-S94	0.14062193424428435	0.8688177198416507	1.0863972869867964
TP53BP1-P-S1028	0.14062193424428435	0.8688177198416507	1.0845241882161294
EP300-P-T887	-0.14062193424428435	0.8688177198416507	1.0826575372897678
SMARCA4-P-S1659-S1663	-0.13744082927159573	0.8715859208452038	1.0842409049689479
TP53BP1-P-T1372	-0.13720899744855614	0.871788005622105	1.0826321030367136
TOP2B-P-S1466-S1476	-0.1344782312962083	0.8741719082587828	1.0837336670879432
TOP2A-P-S1525	-0.1297795637798646	0.8782890162941017	1.0869764919605636
TP53BP1-P-S727	0.1297795637798646	0.8782890162941017	1.0851215832712109
TOPBP1-P-S817	-0.12323104480189043	0.884059381638017	1.0903901061429717
TICRR-P-S599	0.12323104480189043	0.884059381638017	1.0885357012005517
ACTB-P-S239	-0.12206822648208852	0.8850879800033886	1.0879519482554387
TP53BP1-P-S580	-0.12185108337306695	0.8852801916270837	1.086343828369506
TOP2A-P-S1247	0.12185108337306695	0.8852801916270837	1.0826737478682578
LIG1-P-S819	-0.12185108337306695	0.8852801916270837	1.08084799112649
USP10-P-S211	0.12185108337306695	0.8852801916270837	1.0845056831438384
TICRR-P-T1134	0.12185108337306695	0.8852801916270837	1.079028381713819
RPA1-P-S384	0.12185108337306695	0.8852801916270837	1.0772148886353086
RNF8-P-S157	-0.12140384114762984	0.8856762148626778	1.0758885563096958
EP300-P-S12	-0.12140384114762984	0.8856762148626778	1.0722902668237102
MBD4-P-S387	0.12140384114762984	0.8856762148626778	1.0705001328223351
BAP1-P-S395	0.12140384114762984	0.8856762148626778	1.0740863979239175
RFC1-P-S190	-0.11853536249784873	0.8882204054092598	1.071785955860507
TP53BP1-P-S771	-0.11734386237336634	0.8892793508744199	1.0712782862447254
PRKDC-P-S2624	-0.11413921905411205	0.8921337452202125	1.0729316138528802
MRE11-P-S667	0.10395433910937966	0.9012664491104388	1.0803260085363537
CHAF1A-P-S199	0.10395433910937966	0.9012664491104388	1.0785403457123268
TP53BP1-P-S1678	0.10395433910937966	0.9012664491104388	1.0767605761649468
BOD1L1-P-S2753	0.10395433910937966	0.9012664491104388	1.0821175939568122
ERCC6L-P-S1069	-0.10312019984138802	0.9020185444790971	1.0758837334478852
TP53BP1-P-S265	-0.10153953588256663	0.9034454601225131	1.0758133439616768
MCRS1-P-S85	0.10153953588256663	0.9034454601225131	1.0740468195873556
EP300-P-S1038	-0.0987746040705789	0.9059468817521391	1.075254987522211
DTL-P-S490	-0.0944793382884325	0.9098465334184659	1.0781160232323557
MDC1-P-S1033	0.0944793382884325	0.9098465334184659	1.0763543957434138
BOD1L1-P-S538	-0.09445384039088832	0.9098697328879235	1.0746259161677922
POLD3-P-S458	0.09288733666185009	0.9112961641807038	1.0745576919655204
TP53BP1-P-S222	0.09203832318276829	0.912070195442521	1.0737216609762361
MDC1-P-S505	0.08794833530319879	0.9158081904535782	1.0763719641045302
CLSPN-P-S1289	-0.08716789147264438	0.9165232062843433	1.0754664527550477
MDC1-P-S108	0.08681572776209785	0.9168460293374161	1.0723691845562024
LIG1-P-S66-S76	0.08681572776209785	0.9168460293374161	1.0706395568391762
RAD9A-P-S375	0.08681572776209785	0.9168460293374161	1.0689154995817862
XPC-P-S883-S884	-0.08681572776209785	0.9168460293374161	1.0671969859168637
ATRX-P-S849	0.08681572776209785	0.9168460293374161	1.074104409773931
RFC1-P-S156	-0.08681572776209785	0.9168460293374161	1.065483989149742
EXO1-P-S610	-0.08681572776209785	0.9168460293374161	1.0637764827568739
SAMHD1-P-T21	-0.08681572776209785	0.9168460293374161	1.0620744403844629
RIF1-P-S2161	0.08681572776209785	0.9168460293374161	1.0603778358471074
ATRX-P-S729	0.08556459524234647	0.9179938431041643	1.0583241121137181
DBF4-P-S381	0.08556459524234647	0.9179938431041643	1.0566415618559855
POLR2A-P-S1920	-0.08556459524234647	0.9179938431041643	1.053292460233621
UFD1-P-S299	-0.08556459524234647	0.9179938431041643	1.0516258582395805
TP53BP1-P-S1426-S1430	-0.08556459524234647	0.9179938431041643	1.0450118591311555
RAD18-P-S99	0.08556459524234647	0.9179938431041643	1.0600120293579185
NBN-P-S604	0.08556459524234647	0.9179938431041643	1.0549643530276427
DDB1-P-T833-Y837	-0.08556459524234647	0.9179938431041643	1.0499645219706397
COPS5-P-S284	-0.08556459524234647	0.9179938431041643	1.0483084265101181
GPS1-P-S240	-0.08556459524234647	0.9179938431041643	1.0466575470982913
CDC5L-P-T385	0.08556459524234647	0.9179938431041643	1.0433713381592071
RCHY1-P-S257	-0.08500278603190624	0.9185097254004915	1.0423213811754792
CLK2-P-S17	-0.08500278603190624	0.9185097254004915	1.040690205305095
RIF1-P-S2465	0.08361559727130927	0.9197847559176064	1.0405065051317923
RFC1-P-S108	-0.07826917732462572	0.9247154806006329	1.0444524305067993
POLR2A-P-S1889	0.07826917732462572	0.9247154806006329	1.0428255575620846
RPA1-P-S174	-0.0733378310360101	0.9292868350559186	1.0463509620225273
SLX4-P-S1123	0.06815202620564895	0.9341184522980794	1.0501580115897664
RAD23B-P-T155	-0.06815202620564895	0.9341184522980794	1.0485298596338133
TP53BP1-P-S1094-S1101	0.06815202620564895	0.9341184522980794	1.04690674839599
ACTB-P-T249	-0.06640811695802071	0.9357488913610919	1.0471131334550703
KDM4A-P-S410	0.06640811695802071	0.9357488913610919	1.0422803036083546
BOD1L1-P-S2905	0.06640811695802071	0.9357488913610919	1.0454972181256643
SAMHD1-P-S6	-0.06640811695802071	0.9357488913610919	1.0438862825045154
CDT1-P-S31	0.0658623716576513	0.9362597112969893	1.0412473594147775
CLK2-P-S97	0.0658623716576513	0.9362597112969893	1.039650354262301
TP53BP1-P-T1638	0.06385287835093859	0.9381430105250419	1.0401463087597709
CLK2-P-S75	-0.06385287835093859	0.9381430105250419	1.0385558709787925
MCM3-P-S672-T674	-0.06377689437046069	0.9382142970735227	1.037049085620199
MDC1-P-T1343	0.06377689437046069	0.9382142970735227	1.0323208982997423
LIG1-P-S201	-0.06377689437046069	0.9382142970735227	1.030754402247694
PTEN-P-S294	-0.06377689437046069	0.9382142970735227	1.0276356294723608
CUL4B-P-S193	0.06377689437046069	0.9382142970735227	1.021454362528166
XRCC6-P-T455	-0.06377689437046069	0.9382142970735227	1.0354682181116317
TP53BP1-P-S484	-0.06377689437046069	0.9382142970735227	1.0338921629851299
RIF1-P-S7	-0.06377689437046069	0.9382142970735227	1.0291926531533795
TOPBP1-P-S888	0.06377689437046069	0.9382142970735227	1.0260833097903783
TICRR-P-S1045	0.06377689437046069	0.9382142970735227	1.0245356728223687
DCLRE1A-P-S111	-0.06377689437046069	0.9382142970735227	1.0229926974114916
PNKP-P-S114-T118	0.06377689437046069	0.9382142970735227	1.0199206472691147
FEN1-P-Y152-S157-S162	0.05507547515270186	0.9464137145381699	1.0272916481643704
XRCC6-P-S477	-0.053610474732982534	0.9478012271323032	1.0272576174308194
ERCC4-P-S693-S697	-0.053610474732982534	0.9478012271323032	1.0257221052971413
KAT5-P-S155	0.053610474732982534	0.9478012271323032	1.0241911767817724
CHAF1A-P-S772	-0.053610474732982534	0.9478012271323032	1.0196256886237556
ERCC6L-P-S971	-0.053610474732982534	0.9478012271323032	1.0166045754722777
MDC1-P-S498	-0.053610474732982534	0.9478012271323032	1.0226648113916355
SAMHD1-P-S18-T21	-0.053610474732982534	0.9478012271323032	1.021142988755636
KDM4B-P-S566	0.053610474732982534	0.9478012271323032	1.0181128908661534
MCM6-P-S762	0.05302232267432964	0.9483588423404268	1.0156979317373802
TICRR-P-T1633	-0.05203176712355959	0.9492987098744805	1.0137054070046077
PRKDC-P-S3205	0.05203176712355959	0.9492987098744805	1.0152027562025465
BOD1L1-P-T2956	-0.05060262556060161	0.9506563620239044	1.0136600973568584
TOP2B-P-S1452	0.04904582734400043	0.9521374947661676	1.0137463914863314
KAT5-P-S199	0.040048127049092413	0.9607432003044962	1.0214068678714467
TP53BP1-P-S500	-0.040048127049092413	0.9607432003044962	1.0199092038423097
MCM4-P-T110	-0.040048127049092413	0.9607432003044962	1.018415925359378
NEIL1-P-S306	-0.040048127049092413	0.9607432003044962	1.0154424482050441
TP53BP1-P-S1656	-0.040048127049092413	0.9607432003044962	1.0139622114000806
TOP2B-P-S1400-S1413	0.040048127049092413	0.9607432003044962	1.0169270131878
TOP2B-P-S1476	-0.0362711717895151	0.9643787457122921	1.0163176301247445
TP53BP1-P-S1426	-0.03603280623044911	0.9646086477904453	1.0150823561050617
TOP2B-P-S1449	0.03493675471132696	0.9656664881820973	1.0147206639242938
BAZ1B-P-S361	-0.03132304054290298	0.9691624437400267	1.0169182743011294
CDK7-P-S164	0.030836297991777395	0.9696342911651418	1.015940993927008
RIF1-P-S2176	-0.019003398601216925	0.981176027611098	1.0265483294659465
TOP2A-P-S1213	0.01854873403978319	0.9816222350090399	1.0196477735244547
MDC1-P-S544	-0.01854873403978319	0.9816222350090399	1.0181869600953366
TOP2B-P-S1454	-0.01854873403978319	0.9816222350090399	1.0167303263899068
ACTB-P-S60	-0.01854873403978319	0.9816222350090399	1.0152778544950642
PLK4-P-S401	-0.01854873403978319	0.9816222350090399	1.0109452320718988
TP53BP1-P-S1462	-0.01854873403978319	0.9816222350090399	1.0095092303217967
SLX4-P-S1044	-0.01854873403978319	0.9816222350090399	1.0255331863586508
SMARCC1-P-S357	0.01854873403978319	0.9816222350090399	1.0240554728336382
RIF1-P-S1008	0.01854873403978319	0.9816222350090399	1.0225820117216473
SLX4-P-S467	-0.01854873403978319	0.9816222350090399	1.0211127846933117
NBN-P-T497	0.01854873403978319	0.9816222350090399	1.0138295265999213
EME1-P-S87	-0.01854873403978319	0.9816222350090399	1.0123853249950783
INO80E-P-S193	0.01854873403978319	0.9816222350090399	1.0080773023355247
KAT5-P-T158	-0.01819592908540698	0.9819686172959775	1.0070046443658465
SMARCA4-P-S1453	0.016029218292459596	0.9840985659555052	1.0077614734820166
BOD1L1-P-S266	0.01580637567951909	0.9843178894877406	1.0065623615665595
ATRX-P-S703	-0.015430967628311584	0.9846874797176353	1.0055200780191367
BOD1L1-P-S1531	-0.015430967628311584	0.9846874797176353	1.004103852557138
TP53BP1-P-S366	0.015430967628311584	0.9846874797176353	1.002691610851713
SAMHD1-P-S583	0.015430967628311584	0.9846874797176353	1.0012833361173707
SMARCAL1-P-S198	-0.013725953165757634	0.986367818205289	1.001585274026128
TOPBP1-P-T822	-0.010300456671361294	0.9897524113551467	1.0022108333162605
CDC25C-P-T48	-0.010300456671361294	0.9897524113551467	1.003614489945555
CDT1-P-S318	-0.010300456671361294	0.9897524113551467	1.0008110975155395
RAD18-P-S471	-0.007135751742892161	0.9928896472839516	1.0025831305907684
TOP2B-P-S1424	0.007135751742892161	0.9928896472839516	0.9997943040800847
XPC-P-S903	0.007135751742892161	0.9928896472839516	0.9984057008799735
SLX4-P-S601	0.007135751742892161	0.9928896472839516	1.0011867752556838
CUL4B-P-S28	-0.005987607842988345	0.994030282156942	0.9981663304876921
ABL1-P-T852	-0.005987607842988345	0.994030282156942	0.9954051511502434
TP53BP1-P-T591	-0.005987607842988345	0.994030282156942	0.9967838286449113
POLR2A-P-S1875	0.005987607842988345	0.994030282156942	0.994030282156942

Data type: org.panda.causalpath.data.ProteinData
Row ID	Change amount	P-value	Q-value
ORC2-G	8.080516899388982	3.095110080122304E-4	0.07923481805113099
LRWD1-G	6.7449434614596555	0.001176815212847755	0.15063234724451263
SOD1-G	6.7449434614596555	0.001176815212847755	0.10042156482967508
SUMO2-G	6.7449434614596555	0.001176815212847755	0.07531617362225632
UNG-G	4.850146799054917	0.007827228435146502	0.40075409587950095
YY1-G	4.219060063341574	0.014712466794721926	0.6277319165748022
XPA-G	4.1303591949334315	0.016077102971390703	0.5879626229537172
CDK6-G	-4.128890818767062	0.016100727546855133	0.5152232814993642
UIMC1-G	4.128890818767062	0.016100727546855133	0.4579762502216571
RPS27A-G	4.00835516072072	0.018163246300924512	0.4649791053036675
BRCC3-G	3.9263906670014648	0.019714701214560183	0.4588148646297643
DTYMK-G	3.838007198165356	0.021536476539977995	0.4594448328528639
APTX-G	3.7969177654868793	0.02243983019358918	0.44189204073529464
FTO-G	-3.7483376913810784	0.023556872118595223	0.43075423302574123
PLRG1-G	3.518726451905387	0.029637155486373266	0.5058074536341037
TIMELESS-G	3.468617400795552	0.031160082797964617	0.49856132476743387
RAD17-G	3.468617400795552	0.031160082797964617	0.46923418801640837
MSH6-G	3.4448146262480615	0.03191067689626489	0.45384073808021175
MSH2-G	3.383192221290531	0.03393894101675608	0.45728257369945036
BAZ1B-G	3.360769225859516	0.034708549959259434	0.4231137518843055
RAD23A-G	3.360769225859516	0.034708549959259434	0.44426943947852077
DDB1-G	3.1722696000970285	0.041908374633814596	0.4876610866480244
FANCD2-G	3.1624144063198427	0.042323431661076875	0.4710781958798122
RUVBL2-G	3.123568134008108	0.04399989048659008	0.4505588785826824
PARP1-G	3.123568134008108	0.04399989048659008	0.4693321651902942
UBXN1-G	3.0729719322192706	0.046283399133384626	0.4557134683902486
NHEJ1-G	3.067863396521904	0.046520444491873966	0.4410827329599902
ACTL6A-G	2.94428830550419	0.05263950973758403	0.48127551760076825
CDC5L-G	2.9188551090703823	0.05399547085071153	0.4607613512594051
BOD1L1-G	2.9188551090703823	0.05399547085071153	0.4766496737166259
POLB-G	2.7439571405634835	0.0643153378403774	0.5311202092624715
PRPF19-G	2.7439571405634835	0.0643153378403774	0.5145227027230193
WDR48-G	2.6973795068964277	0.06738185527369159	0.5227198469716681
PIAS1-G	2.6211283575411364	0.07272076149668667	0.5171254150875497
TDP2-G	2.6211283575411364	0.07272076149668667	0.5475445571515232
POLR2J-G	2.6211283575411364	0.07272076149668667	0.531900426947194
DHFR-G	2.588669363320301	0.0751199309468603	0.5197487114161146
RFC3-G	2.5877230215019664	0.07519105372682827	0.506550256686001
CETN2-G	2.43005754341284	0.08803176678832306	0.5778495460977103
TDP1-G	2.4010340417848757	0.09062419561810187	0.579994851955852
YWHAG-G	-2.278957094617954	0.10239093510935397	0.6393190094632833
CHAF1A-G	2.201777426338384	0.11060638883375948	0.6584938498009867
RBX1-G	2.201777426338384	0.11060638883375948	0.6741722747962482
RNF168-G	2.1051298084278853	0.12182985870017814	0.7088282688010364
HMGN1-G	2.074839672865076	0.12557655920927557	0.7143910923905454
POLL-G	2.0651357261193253	0.12680107918160058	0.7056755710976033
RUVBL1-G	2.0651357261193253	0.12680107918160058	0.6906611972444627
POLD3-G	1.9767396298840005	0.1385201287632534	0.7387740200706848
FEN1-G	1.9727007279478699	0.13908072932277413	0.7266258511557179
BARD1-G	-1.9536106741406607	0.14176129257140466	0.7258178179655919
SUMO1-G	1.9356612622800398	0.14432879807132915	0.7244739667894169
PPP4R2-G	1.8509140386979073	0.1570935111220714	0.7181417651294693
TERF2IP-G	1.8509140386979073	0.1570935111220714	0.7055427867938645
RFC4-G	1.8509140386979073	0.1570935111220714	0.7733834393701977
ATR-G	1.8509140386979073	0.1570935111220714	0.6816260821567843
NABP2-G	1.8509140386979073	0.1570935111220714	0.7447396082824126
MCM7-G	1.8509140386979073	0.1570935111220714	0.7311988881318232
HLTF-G	1.8509140386979073	0.1570935111220714	0.6933782559870738
RIF1-G	1.8509140386979073	0.1570935111220714	0.7587912990047222
MCM6-G	1.7739006209371757	0.169669878514646	0.7239248149958228
BABAM2-G	1.7739006209371757	0.169669878514646	0.7120571950778586
RRM2B-G	-1.7739006209371757	0.169669878514646	0.7005724016088608
UBE2T-G	1.7617177865232294	0.1717495811634808	0.6979030599658902
POLR2C-G	1.7617177865232294	0.1717495811634808	0.6869983246539232
MCM3-G	1.7271485850516537	0.17779064278348408	0.7002216085011065
MCM2-G	1.7271485850516537	0.17779064278348408	0.6896121901904837
MCM5-G	1.7269163361379793	0.1778319392624776	0.679477260465586
POLD2-G	1.7196104558108762	0.17913591567681247	0.6743940354891764
DUT-G	1.7080610151945959	0.181216828857811	0.672340698371009
SMARCA4-G	1.7080610151945959	0.181216828857811	0.6443265026055502
WEE1-G	1.7080610151945959	0.181216828857811	0.6627358312514231
XPC-G	1.7080610151945959	0.181216828857811	0.6534015237690087
TOP1-G	1.7078955923267913	0.18124680874494623	0.6186557738494165
PLK1-G	1.7078955923267913	0.18124680874494623	0.6105155662987662
TICRR-G	-1.7078955923267913	0.18124680874494623	0.6356052471055649
RNF4-G	1.7078955923267913	0.18124680874494623	0.6270159870095438
PAXIP1-G	1.7070322904454611	0.1814033470160906	0.5878386941280911
TCEA1-G	1.7070322904454611	0.1814033470160906	0.5953750876425538
MLH1-G	1.7070322904454611	0.1814033470160906	0.6031072316379116
BLM-G	-1.7055490123224488	0.1816726182848829	0.5813523785116252
RTEL1-G	-1.7028380445437197	0.18216579509050132	0.5757338709033128
USP10-G	1.7026362721381565	0.18220255482961384	0.5688274882485506
MCM4-G	1.7026362721381565	0.18220255482961384	0.5619741450166402
AURKB-G	1.6475404050481506	0.19252285499633148	0.5867363199888198
LIG4-G	-1.6119789133363989	0.19949244494156462	0.6008243047651829
USP1-G	1.515681447281641	0.21965844818233102	0.6538670085427528
SETMAR-G	1.515681447281641	0.21965844818233102	0.646351295800882
CDK2-G	1.4963432570971826	0.2239475834204654	0.6514838790413539
FANCI-G	1.4885390209007892	0.2257021609203431	0.6492107100630093
RBBP8-G	1.4788937756404779	0.22788964607502193	0.6482194377245069
BABAM1-G	1.4767109421261573	0.2283876345472716	0.6424970818033136
XRCC1-G	1.462921719707561	0.2315587357006186	0.6443373515147648
SIRT6-G	1.462921719707561	0.2315587357006186	0.6374089928963265
XRCC5-G	1.462423741122557	0.23167407570821147	0.6309421636308737
MDC1-G	1.455776425218195	0.2332192163055635	0.6284644144655185
RECQL4-G	1.4340441994954276	0.23834306360011334	0.6355815029336356
SLX4-G	-1.4199861773493803	0.24171735804853361	0.6379344707260268
ATRIP-G	1.3619947826686047	0.25614930479148285	0.6691247145573429
TOP2B-G	1.3584776631305808	0.2570517986751214	0.6646996006144553
NSD2-G	1.2972449098331627	0.27328367797695774	0.6996062156210118
BRIP1-G	1.2355320300910846	0.2906800706767046	0.7367732484478849
EYA4-G	-1.2077469711697804	0.2988698839116609	0.750104806680247
USP7-G	1.2039389165850867	0.30001016649451356	0.7456563361417036
XRCC6-G	1.2039389165850867	0.30001016649451356	0.7314533583104331
PTEN-G	-1.2039389165850867	0.30001016649451356	0.7384865636788026
TIPIN-G	1.1878352650904471	0.3048805357740476	0.7363152562090206
TERF2-G	1.1792218060303175	0.3075179541284906	0.735743890251342
TRIP13-G	1.1120613116690357	0.32888033701123026	0.7653942388624995
FANCL-G	-1.1120613116690357	0.32888033701123026	0.7795682062488422
POLR2E-G	1.1120613116690357	0.32888033701123026	0.7724162043566509
GMNN-G	1.1028953537988688	0.3319086980371628	0.7654831234010241
RFC2-G	1.0788191249390937	0.33999678240238934	0.7702581973009882
NPLOC4-G	-1.0788191249390937	0.33999678240238934	0.7771355026340327
GTF2H1-G	-1.02528696972385	0.3586935164556781	0.8054871948478385
RFC5-G	1.0251617191675388	0.3587384458318153	0.7985829750690845
RAD18-G	0.9996036719343899	0.36802527101506055	0.8121937015504784
PCLAF-G	0.9935983356643856	0.3702420360710362	0.8101022327708142
RPA1-G	0.9701824855443821	0.37901386724035774	0.8222673729960304
MPG-G	0.9560120296204957	0.38442290026096315	0.8066578890721849
MRE11-G	0.9560120296204957	0.38442290026096315	0.826993802242072
ELL-G	-0.9560120296204957	0.38442290026096315	0.820102187223388
MAPK8-G	-0.9560120296204957	0.38442290026096315	0.8133244831967484
PARP2-G	0.9550222193117022	0.3848035943869817	0.8008920338460758
GPS1-G	0.9550222193117022	0.3848035943869817	0.7880777613045385
ORC1-G	0.9550222193117022	0.3848035943869817	0.7818231758973596
RAD23B-G	0.9550222193117022	0.3848035943869817	0.7756670878981679
KDM4B-G	0.9550222193117022	0.3848035943869817	0.7944332271215105
RAD51C-G	0.9523776517977475	0.3858225802665511	0.7716451605331022
SMARCAL1-G	0.9369925467841402	0.39180439864087563	0.7775343104811175
CDK1-G	0.8783660861938755	0.4154611851768391	0.8181389492713139
RRM1-G	0.8585667156306234	0.42376902877557887	0.8281287890576198
PCNA-G	0.8501747592224099	0.42734024377398666	0.8287810788343983
CLK2-G	0.849390096620402	0.4276756932717357	0.823195319380183
PKMYT1-G	0.8374741833767443	0.4328023233082826	0.8268462296038832
MORF4L1-G	0.83605350095962	0.4334176349368108	0.8098898871811939
UBE2I-G	0.83605350095962	0.4334176349368108	0.8040211198827795
POLR2H-G	0.83605350095962	0.4334176349368108	0.8218882558801746
HUS1-G	0.83605350095962	0.4334176349368108	0.8158449598810557
ERCC6L-G	0.8180408277159085	0.44129538181557254	0.8069401267484755
RAD1-G	0.8180408277159085	0.44129538181557254	0.8127454514013422
KAT5-G	0.7973963365006153	0.4505003898777934	0.8008895820049661
LIG1-G	0.7973963365006153	0.4505003898777934	0.8121697169627825
SMARCA5-G	0.7973963365006153	0.4505003898777934	0.8064902084525533
ABRAXAS1-G	0.7973963365006153	0.4505003898777934	0.8179297858774122
ASCC1-G	-0.7973963365006153	0.4505003898777934	0.7953662055773456
POLR2B-G	0.7493614508655475	0.4726682783174624	0.8287882140360985
SMARCC1-G	0.7493614508655475	0.4726682783174624	0.8231501989746284
POLR2D-G	0.7493614508655475	0.4726682783174624	0.8175883733058809
DNA2-G	-0.7358849211642472	0.47908132213738513	0.8231195870279906
NUDT5-G	0.725498261167547	0.4840833089404028	0.8261688472582874
RPA3-G	0.724653757186071	0.48449229189172766	0.8213909054588231
RFC1-G	0.724653757186071	0.48449229189172766	0.8159870179229097
POLD1-G	0.724653757186071	0.48449229189172766	0.8106537694397534
GINS4-G	-0.6875335735003857	0.5028146964381517	0.8358478070660184
POLQ-G	-0.682637974612643	0.5052823108034281	0.8345307842946942
DDB2-G	0.670326710952278	0.5115414242967298	0.8394525937177104
POLR2A-G	0.6416808174434858	0.5264068861611397	0.8583449863519221
VCP-G	-0.5811180428320365	0.5592727260216293	0.9061634041869436
POLM-G	-0.5551749605277476	0.5739718299966559	0.9241307451518485
UFD1-G	-0.5551749605277476	0.5739718299966559	0.9183549279946494
RNASEH2C-G	0.5489335068959593	0.5775654516048423	0.9183649416822337
POLE-G	0.5442168179193695	0.5802960829105792	0.9170110939821499
KDM4A-G	0.5367498449225954	0.5846453558355102	0.9126171408164062
LIG3-G	0.5367498449225954	0.5846453558355102	0.9070861278417613
CCNA2-G	0.5367498449225954	0.5846453558355102	0.9182160189809241
PPP4C-G	0.5220560460951208	0.5932994420742433	0.9149678142831704
COPS6-G	-0.5163121938711063	0.5967170721790942	0.9147279669332222
MEN1-G	0.5093111609651833	0.6009093661072453	0.9156714150205643
APEX1-G	0.5088338827894717	0.6011962354860703	0.9106877886652899
POLR2I-G	0.4938047023399467	0.6102999616070908	0.9136654395989195
GTF2H3-G	-0.4938047023399467	0.6102999616070908	0.9031028333607817
HRAS-G	0.4938047023399467	0.6102999616070908	0.9190399421847955
WDHD1-G	0.4938047023399467	0.6102999616070908	0.9083534312291583
RECQL5-G	0.4938047023399467	0.6102999616070908	0.8979125871920416
POLR2L-G	0.4938047023399467	0.6102999616070908	0.8927816581223728
ERCC1-G	0.4938047023399467	0.6102999616070908	0.8877090350648593
CIB1-G	0.4938047023399467	0.6102999616070908	0.882693729782007
PIAS4-G	0.48532964882015656	0.61549426635952	0.8852052370114445
RMI2-G	0.48532964882015656	0.61549426635952	0.8802599563577492
ACTB-G	-0.47939673893385665	0.6191567923524753	0.8805785491235205
RAD9A-G	0.47775417646296026	0.6201746317667606	0.8771530703441476
ERCC2-G	-0.4710562597606292	0.6243424520664167	0.8781959765329818
EYA2-G	0.46819622058124144	0.6261306518825192	0.8758986168411197
CDC25C-G	0.4578382234209128	0.6326498158520301	0.8802084394463027
TERF1-G	0.4520378960716443	0.6363300548588122	0.8805432110478699
PPP5C-G	-0.4314358206691326	0.6495757505374379	0.8940397426751833
TOP2A-G	-0.3826352266722352	0.6820616518125613	0.9287648024681686
BRCA1-G	0.3826352266722352	0.6820616518125613	0.9189883308632405
TP53-G	-0.3826352266722352	0.6820616518125613	0.92385070298421
TOPBP1-G	0.3826352266722352	0.6820616518125613	0.91417687363359
MBD4-G	-0.3826352266722352	0.6820616518125613	0.9337314591658593
FANCG-G	-0.37760040767545033	0.6855043682285276	0.9140058243047035
UBE2A-G	0.34852584577463386	0.7057276747097783	0.9360947395114158
PNKP-G	0.32736585083635583	0.7208199821876419	0.9511851311342079
WRN-G	0.32736585083635583	0.7208199821876419	0.9367000783758189
UBA52-G	0.32736585083635583	0.7208199821876419	0.9414791604083486
RRM2-G	0.32736585083635583	0.7208199821876419	0.946307258666853
UBE2V2-G	0.320233596514905	0.725979430999794	0.9155208587977698
XRCC4-G	-0.320233596514905	0.725979430999794	0.933923288120338
RCHY1-G	0.320233596514905	0.725979430999794	0.9292536716797364
MCRS1-G	0.320233596514905	0.725979430999794	0.9200531402769666
GTF2H4-G	-0.320233596514905	0.725979430999794	0.9386400724037741
RAD50-G	0.320233596514905	0.725979430999794	0.9246305190843147
MNAT1-G	-0.3200864110380908	0.72608629249254	0.9067223945272694
CDK4-G	-0.3200864110380908	0.72608629249254	0.9111671121475011
ATM-G	0.3113514884925129	0.7324563806296177	0.9102370555397191
CHTF18-G	0.30714059003329625	0.7355471830347088	0.9096622166999297
MMS22L-G	0.29355089168122517	0.7456112764871301	0.9176754172149294
HERC2-G	0.29233336108521224	0.7465196338932415	0.9143972549122958
TP53BP1-G	-0.2854017941770602	0.7517121600648512	0.9120299193203882
YWHAE-G	0.2854017941770602	0.7517121600648512	0.9163729189361995
TRIM25-G	0.2759751379292286	0.7588317966565499	0.9163251884154564
PIAS3-G	0.26058936939012484	0.7705972854891864	0.9261638736395855
YWHAB-G	-0.25405780369569936	0.7756469654894659	0.9278767437630994
KPNA2-G	0.2489689083642324	0.7796042121780945	0.9239753625814453
DYNLL1-G	-0.2489689083642324	0.7796042121780945	0.9282729224074056
GTF2H5-G	-0.2278951642938053	0.7962077264595171	0.9393049676204441
INO80E-G	0.2221116713714672	0.8008259300112145	0.9404194407471143
APBB1-G	0.21545612039777673	0.8061736440608418	0.9423764971670114
PRKDC-G	0.21545612039777673	0.8061736440608418	0.9380929676344341
STK19-G	0.16640095200739397	0.8467066773789873	0.9808004950634424
ERCC3-G	-0.15376775648537072	0.8574711399997623	0.9887955488285548
EYA3-G	0.14329302887616108	0.8665001221334567	0.9947265976061207
COPS5-G	-0.14085743853771954	0.8686131336298266	0.9839157619877682
APLF-G	0.14085743853771954	0.8686131336298266	0.9927007241483733
ABL1-G	-0.14085743853771954	0.8686131336298266	0.988288720929936
ATRX-G	0.1360573671755036	0.8727925614084663	0.9842946948042616
RPA2-G	0.12330278834710487	0.8839959583589309	0.9925568655258171
TTK-G	0.11945150676097456	0.8874070400173611	0.9920358176613295
CUL4A-G	0.11945150676097456	0.8874070400173611	0.9877226184541064
RMI1-G	-0.11665435383971277	0.8898927280157353	0.986201464813975
BRCA2-G	0.1121707016771456	0.8938916556712242	0.9863632062579025
BAP1-G	0.10402280112329489	0.9012047487063496	0.9901648741151309
SAMHD1-G	-0.09117173619766442	0.9128609261723875	0.9944357323409838
ERCC6-G	-0.09117173619766442	0.9128609261723875	0.9986854576928683
MTOR-G	0.09108256033035102	0.9129423349670114	0.9861318048588815
CHEK2-G	0.09108256033035102	0.9129423349670114	0.9903103294557412
NBN-G	0.0789905112786363	0.9240486924440573	0.9939347280070532
REV3L-G	-0.06880662107870215	0.9335071832370045	0.9999072757685069
CHEK1-G	-0.06880662107870215	0.9335071832370045	0.9957409954528048
GINS2-G	0.06880662107870215	0.9335071832370045	0.991609290077482
TINF2-G	0.06880662107870215	0.9335071832370045	0.9875117310275751
ERCC4-G	0.06030195298190402	0.9414802079037353	0.9797517610705538
RNMT-G	0.06030195298190402	0.9414802079037353	0.9877825132104764
CUL5-G	0.06030195298190402	0.9414802079037353	0.9918474618245113
POLR2G-G	-0.06030195298190402	0.9414802079037353	0.9837507478504336
AURKA-G	0.052199112931278685	0.9491398620067429	0.9837239055616445
POLR2K-G	0.05146867920191682	0.9498333990364186	0.9726294006132926
TYMS-G	-0.05146867920191682	0.9498333990364186	0.9649101196560443
POLR2F-G	0.05146867920191682	0.9498333990364186	0.9573124021784376
UBE2N-G	-0.05146867920191682	0.9498333990364186	0.9804731861021095
GTF2H2-G	0.05146867920191682	0.9498333990364186	0.9765355427844303
CCNH-G	0.05146867920191682	0.9498333990364186	0.9687543830809688
JMJD6-G	0.05146867920191682	0.9498333990364186	0.9610962456653089
CDK7-G	0.03900118566160645	0.9617495688361519	0.9655211357727643
CUL4B-G	0.01659870006506048	0.9835382993057149	0.9835382993057149

Data type: org.panda.causalpath.data.RNAData
Row ID	Change amount	P-value	Q-value
EYA4-R	-4.999585865865557	0.006740737990816443	2.2581472269235086
ACTB-R	-4.999585865865557	0.006740737990816443	1.1290736134617543
USP1-R	4.540073477821611	0.010672622323672309	1.1917761594767413
PLK2-R	-2.643125828565917	0.07113855472703631	5.9578539583892915
RBBP8-R	2.2791463420559133	0.10237155972064342	6.858894501283109
PAXIP1-R	2.2611907042659047	0.10422630813090739	5.819302203975663
YY1-R	2.2611907042659047	0.10422630813090739	4.364476652981747
APTX-R	2.2611907042659047	0.10422630813090739	4.987973317693425
RRM1-R	2.2190756318023195	0.10870955004631769	3.6417699265516426
GADD45G-R	2.2190756318023195	0.10870955004631769	2.801361481962802
FANCE-R	2.2190756318023195	0.10870955004631769	2.427846617701095
ATRIP-R	2.2190756318023195	0.10870955004631769	3.034808272126369
CETN2-R	2.2190756318023195	0.10870955004631769	2.2761062040947766
WDR48-R	2.2190756318023195	0.10870955004631769	2.601264233251173
CDK6-R	-2.2190756318023195	0.10870955004631769	4.046411029501825
RFC5-R	2.2190756318023195	0.10870955004631769	3.310699933228766
RUVBL1-R	2.2190756318023195	0.10870955004631769	2.1422176038539074
DDB1-R	2.176826077103312	0.1134008857238177	2.110516484304385
PPP4R2-R	2.152279530433753	0.11621893100189992	2.0491232571387616
POLD2-R	2.117004309677899	0.12039174522910541	2.016561732587516
MMS22L-R	2.018831395281341	0.1328105774974694	1.8538143109021774
MPLKIP-R	2.018831395281341	0.1328105774974694	2.1186449267453455
DCLRE1A-R	2.018831395281341	0.1328105774974694	2.022342884620557
FANCL-R	2.018831395281341	0.1328105774974694	1.9344149331153155
NUDT5-R	1.9424232082344404	0.14335614675304645	1.9209723664908225
FANCG-R	1.906828459499759	0.14855077507260425	1.9140196018970164
BRCC3-R	1.855652290844964	0.1563509231296052	1.6367987265130544
TYMS-R	1.855652290844964	0.1563509231296052	1.587198765103568
PCNA-R	1.855652290844964	0.1563509231296052	1.7459186416139247
DTYMK-R	1.855652290844964	0.1563509231296052	1.8706271160149193
RPA3-R	1.855652290844964	0.1563509231296052	1.8061227327040599
HLTF-R	1.855652290844964	0.1563509231296052	1.6895986854328302
RAD1-R	1.855652290844964	0.1563509231296052	1.9399096017932496
RAD17-R	1.855652290844964	0.1563509231296052	1.5405164484828746
ERCC2-R	-1.7515663364830245	0.1735019680411283	1.4176380315555606
KAT5-R	1.7515663364830245	0.1735019680411283	1.3209808930404086
DHFR-R	1.7515663364830245	0.1735019680411283	1.614532202604944
UBXN1-R	1.7515663364830245	0.1735019680411283	1.5295568235204733
TDP2-R	1.7515663364830245	0.1735019680411283	1.490337417789179
MSH2-R	1.7515663364830245	0.1735019680411283	1.4530789823444494
DTL-R	1.7515663364830245	0.1735019680411283	1.3517013789250694
BARD1-R	1.7515663364830245	0.1735019680411283	1.291625762083955
TOP2B-R	1.7515663364830245	0.1735019680411283	1.6606616941079424
CUL4B-R	1.7515663364830245	0.1735019680411283	1.5708961971291346
CDK7-R	1.7515663364830245	0.1735019680411283	1.2635469411690865
XRCC5-R	1.7515663364830245	0.1735019680411283	1.3838847450899519
FTO-R	-1.6969719090809736	0.1832375447621807	1.3060548403261818
XRCC3-R	1.6760167076307007	0.18711783860349304	1.3059265819202117
BABAM2-R	-1.6702982503411532	0.18819092925896228	1.2866114551378034
FANCI-R	1.664083128931131	0.1893642009689005	1.2687401464916332
BAP1-R	1.664083128931131	0.1893642009689005	1.2438628887172876
FEN1-R	1.6384798678489765	0.19427514182815597	1.251580240623697
PRPF19-R	1.6384798678489765	0.19427514182815597	1.2279655191024954
CENPX-R	1.620951822236541	0.197710424317513	1.2265368915993862
CCNA1-R	-1.6144994813834308	0.19899024384112873	1.2120314852141478
MCM3-R	1.5671520162388937	0.20863853618792894	1.2481055289813605
POLR2J-R	1.504350222910056	0.22216160246219627	1.3056866109620309
SOD1-R	1.4827957003634047	0.22700217038854953	1.2889106284773577
RMI1-R	1.4827957003634047	0.22700217038854953	1.2466512636092475
H2BC5-R	1.4827957003634047	0.22700217038854953	1.226543985163937
TDP1-R	1.4827957003634047	0.22700217038854953	1.3111332255200707
UNG-R	1.4827957003634047	0.22700217038854953	1.2674287846694017
NABP2-R	1.4814970814164503	0.2272971512003966	1.2086435817798866
RMI2-R	1.4814970814164503	0.2272971512003966	1.189758525814576
RNMT-R	1.4814970814164503	0.2272971512003966	1.1537052371535281
PLK3-R	-1.4814970814164503	0.2272971512003966	1.136485756001983
RAD50-R	1.4814970814164503	0.2272971512003966	1.1714545484943517
TIPIN-R	1.4218409147803521	0.24126945131993477	1.1886068557673257
CDC25A-R	1.4218409147803521	0.24126945131993477	1.1713806694518571
POLR2G-R	1.4218409147803521	0.24126945131993477	1.1546466598882592
ETAA1-R	1.410592272738495	0.2439987265552305	1.1512615971267917
WRN-R	1.3732145641616833	0.2532914279190382	1.1785087271233028
GINS2-R	1.3732145641616833	0.2532914279190382	1.16236477195723
PIAS1-R	1.3572668925072182	0.25736321793223965	1.1650902433418957
XPA-R	1.3455472623635811	0.2603971632918417	1.1631073293702263
CCNH-R	1.3455472623635811	0.2603971632918417	1.1478032855627234
LIG4-R	-1.3455472623635811	0.2603971632918417	1.132896749386584
XRCC2-R	1.3416187797225594	0.2614221410129931	1.1227745799917013
RAD18-R	1.3416187797225594	0.2614221410129931	1.10856224353611
DBF4-R	1.3269825386165666	0.26527651647696904	1.0579480121402933
RPS27A-R	1.3269825386165666	0.26527651647696904	1.110845412747308
MRE11-R	1.3269825386165666	0.26527651647696904	1.097131271849193
WEE1-R	1.3269825386165666	0.26527651647696904	1.0837516221924954
MCM2-R	1.3269825386165666	0.26527651647696904	1.0706943737323449
PARP1-R	1.2822088491572694	0.2774238357712967	1.0933762939221694
RFC2-R	1.2672151290582951	0.28161479160867714	1.0969878510338005
CDC25C-R	1.2451145869273108	0.2879079157571439	1.1086109399844049
UBE2T-R	1.2149321522158985	0.2967301460939772	1.1295977152441177
UIMC1-R	1.2110499009809175	0.29788436610645314	1.1212501420860876
ORC2-R	1.1754770133377834	0.3086717040447637	1.1489446761666204
MSH6-R	1.1691235147618584	0.31063909255878414	1.143561494584535
MCM4-R	1.1548200083250075	0.3151142497409658	1.1474268876437341
SUMO1-R	1.1548200083250075	0.3151142497409658	1.1350889641206832
COPS6-R	1.1435830654157193	0.3186751398656701	1.1357039559042499
MCM7-R	1.1373375159384975	0.32067166944112185	1.1307895711871139
RPA1-R	1.1373375159384975	0.32067166944112185	1.1190105131539148
TOPBP1-R	1.1360781985123787	0.32107575124273674	1.1088698625393485
ATAD5-R	1.1358046653110734	0.321163588133441	1.0978551227010482
WDHD1-R	1.129707965239484	0.32312760713810473	1.082477483912651
CDC5L-R	1.129707965239484	0.32312760713810473	1.0717598850620307
CDC7-R	1.129707965239484	0.32312760713810473	1.0934115999117686
DUT-R	1.1200657715934155	0.32625833538675963	1.0715347289663184
MCRS1-R	1.1200657715934155	0.32625833538675963	1.0611314791705289
YWHAE-R	1.1078217342805685	0.330277610483159	1.0638749953063296
CHEK1-R	1.1078217342805685	0.330277610483159	1.0537428524938883
DCLRE1B-R	1.102340049293553	0.33209305961620655	1.049539386522917
MNAT1-R	1.100308993842228	0.3327682444721231	1.032197795353345
CUL5-R	1.100308993842228	0.3327682444721231	1.0418445037211332
RAD9B-R	1.0971523030357515	0.333820350643415	1.025961628124257
UBC-R	1.0640799251769224	0.3450451761445247	1.050819400076507
ERCC6-R	1.0193863903837044	0.3608162725948626	1.088950011885396
FANCM-R	0.9948188771369599	0.36979041597771367	1.1060695477904827
RNASEH2C-R	0.9679408500521652	0.37986443114815954	1.1261467649082606
UBA52-R	0.9542974467991395	0.3850825905470897	1.1316023494146934
POLL-R	0.922620504877052	0.39747608712355903	1.1578651233599329
FANCB-R	0.922620504877052	0.39747608712355903	1.147883527468899
YWHAG-R	-0.913366105762418	0.4011715628012008	1.1486536199863442
USP37-R	0.9056180605358101	0.40429193098010086	1.1286483073194482
BAZ1B-R	0.9056180605358101	0.40429193098010086	1.1011202998238518
BRIP1-R	0.9056180605358101	0.40429193098010086	1.0922402974059175
PPP5C-R	-0.9056180605358101	0.40429193098010086	1.0835023750266704
POLR2F-R	0.9056180605358101	0.40429193098010086	1.074903149828046
POLR2L-R	0.9056180605358101	0.40429193098010086	1.1101458760519163
RIF1-R	0.9056180605358101	0.40429193098010086	1.1477779396468966
BABAM1-R	0.9056180605358101	0.40429193098010086	1.1381327468767546
UBB-R	-0.9056180605358101	0.40429193098010086	1.1193206353581304
RFWD3-R	0.9049825641130647	0.40454893871108083	1.0671172792772605
CDT1-R	0.8932937167022249	0.4093053941108342	1.071228961149449
H2BC21-R	0.873406820285467	0.4175266851171774	1.0596321175322305
ABL1-R	-0.873406820285467	0.4175266851171774	1.0677209123225528
ABRAXAS1-R	0.873406820285467	0.4175266851171774	1.084274724916701
SLX4-R	-0.873406820285467	0.4175266851171774	1.0759341501096495
SUMO2-R	0.8706599219478579	0.418675165131204	1.0545577467590477
INO80E-R	0.8578071482658375	0.4240910321761996	1.060227580440499
DCLRE1C-R	0.8219118782540173	0.43959040724079407	1.0908354550049333
ACTL6A-R	0.8219118782540173	0.43959040724079407	1.0828146060710735
XRCC6-R	0.8116127491555308	0.4441411999704091	1.0860387006575696
RAD51C-R	0.8107260213558244	0.4445352069820862	1.0791253212970933
CDC45-R	0.8075293590035594	0.44595850963949346	1.0747920915771965
MLH1-R	0.792262794126848	0.45281899896572403	1.0835311760965538
TOP1-R	0.7780847996311103	0.45928479191904104	1.0835239809357657
ERCC1-R	-0.7780847996311103	0.45928479191904104	1.0912085481764449
MCM6-R	0.7772703192135009	0.4596590227693265	1.0768235848092613
CIB1-R	0.7772703192135009	0.4596590227693265	1.069345643248086
H2BC4-R	0.7737435832624289	0.46128298072239576	1.065722748565535
GPS1-R	0.7708004666277005	0.46264259009936004	1.0471977546167948
PCLAF-R	0.7708004666277005	0.46264259009936004	1.0615429293375729
CDK2-R	0.7708004666277005	0.46264259009936004	1.0543215488658886
RFC1-R	0.7668886665301288	0.4644558997686235	1.0442464860569725
EYA1-R	0.7509236767391725	0.4719304401884018	1.0539779830874307
APLF-R	-0.7281808017241472	0.48278647601252894	1.071082579233094
FANCF-R	0.7190893940466134	0.4871956973316077	1.0737536750400565
RAD51D-R	0.7190893940466134	0.4871956973316077	1.0667356771639778
RNF8-R	0.6990261977922234	0.4970691151866606	1.0812867116073461
SMARCC1-R	0.6926767521309989	0.5002352695488765	1.0742231749927798
FAAP20-R	-0.6926767521309989	0.5002352695488765	1.0811536470895073
REV3L-R	0.6903482651646794	0.501401418007968	1.0698692677240083
GTF2H3-R	0.6676797012081304	0.5128972731122272	1.0874720664088362
MTOR-R	-0.6676797012081304	0.5128972731122272	1.0738786655787256
BLM-R	0.6676797012081304	0.5128972731122272	1.0672086117552553
ERCC4-R	0.6676797012081304	0.5128972731122272	1.0606209042752845
LIG1-R	0.6676797012081304	0.5128972731122272	1.08063261945029
CDK1-R	0.663689760622439	0.5149477907600116	1.0583282816233368
DNA2-R	0.6360614997507094	0.5293732603840253	1.0747881347190817
ATR-R	0.6360614997507094	0.5293732603840253	1.0813417209063931
RNF168-R	0.6357171696720615	0.5295555709061044	1.0686814232141264
RAD51-R	0.628964960391838	0.5331433399990338	1.0694791550878822
EYA3-R	-0.628964960391838	0.5331433399990338	1.0568225970395049
PRKDC-R	-0.628964960391838	0.5331433399990338	1.0631132077361687
CHAF1A-R	0.620400545142756	0.5377290097102999	1.0596424603114734
EXO1-R	0.6125275035875996	0.5419792818795395	1.0617722773663494
ERCC3-R	0.6125275035875996	0.5419792818795395	1.0555991827304985
MCM5-R	0.5898975701103656	0.5543840673251713	1.0735182806585688
TCEA1-R	0.5782545238968158	0.5608765091984084	1.0798484516176252
CENPS-R	0.5626623762427582	0.5696903130477081	1.0905500278341842
GMNN-R	0.5555506318700199	0.5737562457258062	1.0920928540803698
POLR2I-R	-0.5548499850247312	0.5741583870924275	1.0866839529715435
POLB-R	0.5364827187134164	0.5848015507940835	1.100609660202348
FANCC-R	0.5326329382581256	0.5870572475572733	1.0986825582775783
RUVBL2-R	0.5184843899461532	0.5954222924638123	1.1081470443076507
RFC4-R	0.4967019716679037	0.6085343172561772	1.1139835862339857
XRCC1-R	-0.4967019716679037	0.6085343172561772	1.1201043751693374
MBD4-R	0.4967019716679037	0.6085343172561772	1.1262927971315988
RECQL4-R	0.4937698006717831	0.6103212624655466	1.1111827332932507
TERF1-R	0.48855087202080566	0.6135148117929575	1.1109592537872475
PLK4-R	0.47105634584353945	0.6243423983212038	1.12448765289034
PNKP-R	-0.4699266554971143	0.6250481104444852	1.119738593577019
POLM-R	-0.4699266554971143	0.6250481104444852	1.1137825372282049
RAD54L-R	0.4699266554971143	0.6250481104444852	1.1078895079307012
H2BC17-R	0.4699266554971143	0.6250481104444852	1.1020585105205396
LRWD1-R	0.4699266554971143	0.6250481104444852	1.090578734369284
SETMAR-R	0.4699266554971143	0.6250481104444852	1.0849280673518267
POLD3-R	0.4699266554971143	0.6250481104444852	1.0962885706748824
SMARCA5-R	-0.4699266554971143	0.6250481104444852	1.0793356546335182
RFC3-R	0.4699266554971143	0.6250481104444852	1.073800599994372
BRCA1-R	-0.4474773268850449	0.6392387096187713	1.0925763659300427
CLSPN-R	0.4438683882892158	0.6415498507446249	1.0909604060885754
EP300-R	-0.44156359039079285	0.6430301987885728	1.0879551343139995
MORF4L1-R	-0.4244533451104165	0.6541272692808777	1.1011690211512264
TP53BP1-R	-0.40514741273671767	0.6668784972279772	1.1170214828568619
FAN1-R	0.3840137085318525	0.681122089931682	1.13520348321947
RECQL5-R	0.38344110452415114	0.6815122148529982	1.1302306533453188
TTK-R	0.3762296103510805	0.6864447001373244	1.1328028302758801
RCHY1-R	0.35974061444233485	0.6978573167061024	1.1459911818458053
TFPT-R	-0.35974061444233485	0.6978573167061024	1.1404009809587528
RAD23B-R	0.35736417120755615	0.6995177071356123	1.1375652033516026
POLR2H-R	0.3437226389546828	0.7091255845892211	1.147618699697532
EYA2-R	-0.337854131096236	0.7132993285010575	1.1488234377300686
MUS81-R	0.33677891891261735	0.7140666890934303	1.1445566547669817
PIAS3-R	-0.33672754668562355	0.714103373231736	1.1391649049172932
H2BC3-R	0.33216036920375935	0.717372269209547	1.1335835386094257
PIAS4-R	-0.33216036920375935	0.717372269209547	1.1389559724416978
USP10-R	0.31470749408325127	0.7300023730560649	1.1481257979989752
DYNLL1-R	0.3143719879803251	0.7302473343980905	1.1431441916979455
COPS5-R	0.3134201464062328	0.7309427450782353	1.1389107888428318
H4C1-R	-0.3116915607652167	0.732207334872779	1.1355993388073193
XRCC4-R	0.3116915607652167	0.732207334872779	1.1303661621307879
POLR2K-R	0.29151821987790905	0.7471284008907132	1.1481101573320593
POLR2B-R	0.29151821987790905	0.7471284008907132	1.142867645198123
NHEJ1-R	0.29151821987790905	0.7471284008907132	1.1376727922654042
FANCD2-R	0.27373260162822355	0.7605354140048292	1.1528477995095827
RRM2B-R	0.27373260162822355	0.7605354140048292	1.1425083573615147
GTF2H2-R	0.27373260162822355	0.7605354140048292	1.1476547914036836
CHEK2-R	0.27210272803291374	0.7617760013200338	1.134199824187606
MPG-R	0.27210272803291374	0.7617760013200338	1.1291812408947404
NEIL1-R	0.27210272803291374	0.7617760013200338	1.139263216259872
FAAP100-R	-0.24889973004265353	0.7796581457544844	1.1505968230297456
KDM4A-R	0.24206126367370898	0.7850080835995459	1.1534110000256486
GTF2H4-R	0.24201799394352624	0.7850420514223985	1.1484239616877883
KDM4B-R	0.24201799394352624	0.7850420514223985	1.143430814028276
RAD9A-R	-0.23654755596923227	0.7893483431838494	1.1447259522363182
H2AZ1-R	0.23344057279283256	0.7918046490810263	1.1433386096644131
XPC-R	0.2298348346940121	0.7946648427267766	1.1425438725900008
APBB1-R	0.22813988871223959	0.7960128988272183	1.139591115842385
RPA2-R	0.22813988871223959	0.7960128988272183	1.1347417919451834
ORC6-R	-0.22813988871223959	0.7960128988272183	1.1299335640132122
MDM2-R	0.22813988871223959	0.7960128988272183	1.1251659118443802
ORC1-R	0.22458991459009944	0.7988437457626919	1.12442291945589
ASCC1-R	0.19065903314667068	0.8264143200080915	1.1583631682121782
USP7-R	0.18741769763421315	0.8290973520459985	1.1524797217236908
TERF2IP-R	-0.18741769763421315	0.8290973520459985	1.1429942919152654
EME2-R	-0.18741769763421315	0.8290973520459985	1.1336637262669775
TOP3A-R	0.18741769763421315	0.8290973520459985	1.129055337135811
EME1-R	0.18741769763421315	0.8290973520459985	1.1199500521589092
POLR2A-R	-0.18741769763421315	0.8290973520459985	1.1572817205642063
FANCA-R	0.18741769763421315	0.8290973520459985	1.1477174088240063
RNF4-R	0.18741769763421315	0.8290973520459985	1.138309889079547
MAPK8-R	0.18741769763421315	0.8290973520459985	1.1244842628963947
NBN-R	0.17872799766169983	0.8363333530893038	1.1251874429113125
TIMELESS-R	0.17025959743894684	0.8434458317958422	1.1302174146064285
SMARCA4-R	0.16916490232905518	0.8443696533825986	1.1180388691034409
TP53-R	-0.16916490232905518	0.8443696533825986	1.126947545351277
TRIM25-R	0.16916490232905518	0.8443696533825986	1.1224755312824226
DDB2-R	0.15365652416749945	0.8575665238069549	1.131042462501299
HRAS-R	0.14932908971836292	0.8612856280104546	1.1314928838568719
LIG3-R	0.14932908971836292	0.8612856280104546	1.127072989779306
UBE2N-R	0.14721791510973997	0.8631058731106225	1.125060184794002
PARP2-R	-0.1470770111380818	0.8632274967245291	1.120857408537664
MEN1-R	-0.1470770111380818	0.8632274967245291	1.1165297737556652
POLH-R	0.1470770111380818	0.8632274967245291	1.1122354284719895
MDC1-R	-0.1470770111380818	0.8632274967245291	1.1079739900487253
CDC25B-R	-0.14193468061158407	0.8676779308267109	1.10943552224026
H3-4-R	0.14160692001806927	0.867962368071412	1.1055794422202396
SMARCAL1-R	-0.14160692001806927	0.867962368071412	1.1013916413027387
HELB-R	0.14084233239208485	0.8686262551254308	1.0980746998755444
AURKB-R	0.13140323343003146	0.8768641221659831	1.1043213568631742
H2BC9-R	-0.13140323343003146	0.8768641221659831	1.100185321818743
NSD2-R	0.13029291199630486	0.8778382639004355	1.0972978298755445
UBE2V2-R	-0.13029291199630486	0.8778382639004355	1.081161097083257
CDKN2D-R	0.13029291199630486	0.8778382639004355	1.0932186557867878
FAAP24-R	-0.13029291199630486	0.8778382639004355	1.0851506214267377
CDK4-R	0.13029291199630486	0.8778382639004355	1.0891696978023921
SAMHD1-R	-0.1228655124976607	0.8843825929693556	1.0852313869770482
POLD1-R	-0.10413847668349135	0.9011005073713949	1.101710474340939
APEX1-R	0.09589608638264605	0.908558422755837	1.1067893513571105
UFD1-R	-0.09488273694424641	0.9094795765698139	1.1038973121408973
HMGN1-R	0.08929191122671032	0.9145785588550126	1.106078762514185
HERC2-R	-0.08821908253994852	0.9155602714798231	1.08763365583596
HUS1-R	0.08821908253994852	0.9155602714798231	1.103283060955902
BRCA2-R	-0.08821908253994852	0.9155602714798231	1.0993286413825833
H2BC11-R	0.08821908253994852	0.9155602714798231	1.0954024676633598
TINF2-R	-0.08821908253994852	0.9155602714798231	1.0915042382410702
GTF2H5-R	0.0853631601080672	0.9181787779427792	1.0868900728297917
H2BC12-R	0.08170879536400132	0.9215402764275241	1.0870281429690865
H2BC15-R	-0.08170879536400132	0.9215402764275241	1.0794265475637084
RAD23A-R	0.08170879536400132	0.9215402764275241	1.0832140091341074
POLR2C-R	-0.08170879536400132	0.9215402764275241	1.0756654794537301
CLK2-R	0.0711932709613478	0.9312818849878786	1.0757911430032392
POLN-R	-0.0711932709613478	0.9312818849878786	1.0832619148296505
TICRR-R	-0.0711932709613478	0.9312818849878786	1.0795136037056725
AURKA-R	0.06586290020297003	0.9362592164414325	1.0778241838758758
POLQ-R	-0.06194645216329091	0.9399332168339569	1.0783480398608754
CUL4A-R	-0.06194645216329091	0.9399332168339569	1.0746676711241487
VCP-R	-0.05384619137445425	0.9475778409392167	1.0760629719140258
CHTF18-R	0.05384619137445425	0.9475778409392167	1.0688167566149414
PPP4C-R	0.05384619137445425	0.9475778409392167	1.0797230500497876
BOD1L1-R	-0.05384619137445425	0.9475778409392167	1.0724276240359378
POLR2D-R	0.04967855114154871	0.9515352452635792	1.069678883098319
KPNA2-R	0.04457942959020562	0.9563996306458147	1.0715514256399596
GINS4-R	0.04457942959020562	0.9563996306458147	1.067979587554493
RBX1-R	0.03516681404030184	0.9654443531509105	1.0744978681247674
ACD-R	-0.03301920877365446	0.9675199745383375	1.0732423558620632
POLE-R	0.025879002038749186	0.9744529893008345	1.0773655162236948
POLR2E-R	-0.025879002038749186	0.9744529893008345	1.0738215507098012
CCNA2-R	0.02505011219122721	0.9752610383361094	1.0711883535822841
TRIP13-R	-0.02505011219122721	0.9752610383361094	1.0676877380477015
STK19-R	-0.02384937475756297	0.9764327741051528	1.0654885320039942
SIRT6-R	0.02384937475756297	0.9764327741051528	1.062029153653332
UBE2I-R	-0.02314377858849601	0.977121984453409	1.049153412794526
RTEL1-R	0.02314377858849601	0.977121984453409	1.042470906980548
RRM2-R	-0.02314377858849601	0.977121984453409	1.0525268964369519
PLK1-R	-0.02314377858849601	0.977121984453409	1.0458014849581216
ERCC6L-R	-0.02314377858849601	0.977121984453409	1.039161475529816
RAD52-R	-0.02314377858849601	0.977121984453409	1.0593393682585504
ATRX-R	0.02314377858849601	0.977121984453409	1.0559221444899745
GADD45A-R	0.02118090295568636	0.9790418369864395	1.0379082765520797
JMJD6-R	-0.02118090295568636	0.9790418369864395	1.034634117950969
CDC6-R	-0.019933004902327852	0.9802643440123947	1.0294312076619192
SLX1A-R	0.019933004902327852	0.9802643440123947	1.0326684127174597
RNF111-R	-0.009288142071011196	0.9907548594827236	1.0371964935209763
PLRG1-R	3.8640140373300555E-4	0.999613673239675	1.0335511744916392
YWHAB-R	3.8640140373300555E-4	0.999613673239675	1.0209468918758877
TOP2A-R	3.8640140373300555E-4	0.999613673239675	1.002606528548776
TERT-R	3.8640140373300555E-4	0.999613673239675	1.0367510233290747
NPLOC4-R	3.8640140373300555E-4	0.999613673239675	1.0303710170316651
GTF2H1-R	-3.8640140373300555E-4	0.999613673239675	1.0178437098337116
TERF2-R	-3.8640140373300555E-4	0.999613673239675	1.0147593349554278
UBE2A-R	-3.8640140373300555E-4	0.999613673239675	1.011693596783357
PKMYT1-R	-3.8640140373300555E-4	0.999613673239675	1.0399707470040098
PTEN-R	3.8640140373300555E-4	0.999613673239675	1.0086463269135275
H2AX-R	-3.8640140373300555E-4	0.999613673239675	1.0056173589648383
ATM-R	3.8640140373300555E-4	0.999613673239675	1.0432105312625892
RHNO1-R	3.8640140373300555E-4	0.999613673239675	1.027210369740157
ELL-R	3.8640140373300555E-4	0.999613673239675	1.0240690536247437
PER1-R	-3.8640140373300555E-4	0.999613673239675	0.9996136732396751