

Data type: org.panda.causalpath.data.SiteModProteinData
Row ID	Change amount	P-value	Q-value
TTK-P-S821	3.440247504629346	0.03205675015184051	13.111210812102767
TP53BP1-P-S1618	0.7924737403403318	0.45272348858662925	92.58195341596569
TCEA1-P-S100	-0.7924737403403318	0.45272348858662925	61.72130227731046
DDB2-P-S26	-0.7924737403403318	0.45272348858662925	46.29097670798284
PER1-P-S815	0.7924737403403318	0.45272348858662925	37.032781366386274
TIMELESS-P-S1121	-0.7924737403403318	0.45272348858662925	30.86065113865523
CHEK2-P-S303	0.7924737403403318	0.45272348858662925	26.45198669027591
RECQL4-P-S89	-0.7924737403403318	0.45272348858662925	23.14548835399142
TIMELESS-P-S1173	-0.7924737403403318	0.45272348858662925	20.573767425770153
TP53BP1-P-S1635	-0.7840466380788965	0.45655475629003406	18.67308953226239
XRCC6-P-T455	0.6725815085274902	0.5103893013237746	18.9772022037658
TOP2B-P-S1375	0.6725815085274902	0.5103893013237746	17.395768686785317
CDT1-P-S318	0.6725815085274902	0.5103893013237746	16.057632633955677
MCM6-P-S762	0.6725815085274902	0.5103893013237746	14.910658874387414
KAT5-P-S86-S90	-0.6725815085274902	0.5103893013237746	13.916614949428254
XRCC1-P-S461	-0.6434996023771148	0.5254503353913829	13.431824198442225
PARG-P-S197	-0.6434996023771148	0.5254503353913829	12.641716892651505
PTEN-P-S294	-0.5957362351973923	0.5511566355417067	12.523503552031002
ATR-P-S435	-0.5648489439436956	0.5684460074845984	12.236548266378987
DDB2-P-S24	-0.5648489439436956	0.5684460074845984	11.624720853060037
XPC-P-S94	-0.5648489439436956	0.5684460074845984	11.071162717200036
RAD9A-P-S387	-0.5648489439436956	0.5684460074845984	10.567928048236398
TP53BP1-P-S635	-0.5648489439436956	0.5684460074845984	10.10845291570438
MGMT-P-S201	-0.5648489439436956	0.5684460074845984	9.68726737755003
TP53BP1-P-S1426-S1430	0.5648489439436956	0.5684460074845984	9.29977668244803
CLK2-P-S57	-0.5648489439436956	0.5684460074845984	8.942092963892337
SIRT6-P-S330	-0.5648489439436956	0.5684460074845984	8.610904335600027
XRCC6-P-S2	0.5648489439436956	0.5684460074845984	8.303372037900028
RBBP8-P-T315	-0.5468852038414781	0.5787496931122309	8.162366361479394
DBF4-P-S413	-0.5468852038414781	0.5787496931122309	7.890287482763415
MCM3-P-T722	-0.5468852038414781	0.5787496931122309	7.6357620800936274
WRN-P-S1133	0.5468852038414781	0.5787496931122309	7.397144515090702
YY1-P-S247	-0.5468852038414781	0.5787496931122309	7.172988620694014
APBB1-P-T709	0.5275363972622361	0.5900568461822537	7.098036767310052
NBN-P-S509	0.5166484160570255	0.5965164763849787	6.970721109755894
TP53BP1-P-S523-S525	-0.5166484160570255	0.5965164763849787	6.777089967818231
DDB2-P-S24-S26	-0.48545824832923723	0.615415119188277	6.802831993189332
XRCC6-P-S520	0.48545824832923723	0.615415119188277	6.623810098631718
TP53BP1-P-S630	-0.46159630153657816	0.6302767303375193	6.60982519764219
SMARCA4-P-S699	-0.46159630153657816	0.6302767303375193	6.444579567701135
TP53BP1-P-S1426	0.46159630153657816	0.6302767303375193	6.287394700196229
FANCD2-P-S1435	-0.44566436069564586	0.6403986789611443	6.236263326074
DTL-P-S478	-0.4272683801032059	0.6522884674880967	6.2043251907588735
UNG-P-S12	-0.4272683801032059	0.6522884674880967	6.063317800059807
XRCC6-P-S477	0.42348302466019383	0.654762290384467	5.951061705938822
KAT5-P-S155	-0.42348302466019383	0.654762290384467	5.821690799287978
TP53BP1-P-T591	0.42348302466019383	0.654762290384467	5.6978250376010005
PARG-P-S316	-0.42348302466019383	0.654762290384467	5.5791203493176456
TOP2A-P-S4	0.42348302466019383	0.654762290384467	5.4652607503519794
TP53BP1-P-T1609	0.42348302466019383	0.654762290384467	5.35595553534494
RBBP8-P-S347	-0.42348302466019383	0.654762290384467	5.250936799357785
TOP2A-P-S1374	0.42348302466019383	0.654762290384467	5.14995724552398
ELL-P-T180	-0.42348302466019383	0.654762290384467	5.052788240891453
TP53BP1-P-S862	-0.42348302466019383	0.654762290384467	4.959218088282352
NBN-P-S343	0.42348302466019383	0.654762290384467	4.869050486677218
CLK2-P-S75	0.42348302466019383	0.654762290384467	4.782103156557982
SMARCA4-P-S1453	-0.42348302466019383	0.654762290384467	4.6982066099517015
POLE3-P-S122	0.4156209537278631	0.6599303672278432	4.653646899934273
MDC1-P-S495	0.4065109077837985	0.6659698313215101	4.616638322211824
TOP2B-P-S1400	-0.4065109077837985	0.6659698313215101	4.53969435017496
TP53BP1-P-S294	-0.4065109077837985	0.6659698313215101	4.465273131319633
ATRX-P-S1348	-0.4065109077837985	0.6659698313215101	4.39325259694351
TOP2B-P-S1413	-0.4065109077837985	0.6659698313215101	4.3235184287380575
TOP2A-P-S1525	0.4065109077837985	0.6659698313215101	4.255963453289025
SIRT6-P-S326	-0.4065109077837985	0.6659698313215101	4.190487092469194
RBBP8-P-T245	-0.4065109077837985	0.6659698313215101	4.126994863795418
TCEA1-P-S81	0.4065109077837985	0.6659698313215101	4.065397925529815
POLR2A-P-S1882	0.4017319026136577	0.6691601217238281	4.024801320368319
CDC6-P-S54	0.4017319026136577	0.6691601217238281	3.9664708664499377
RAD9A-P-S328	-0.37834227861195274	0.6849960010556246	4.002333777596435
POLA1-P-S215	0.3081412760359722	0.7348114994198772	4.232928214968025
MDC1-P-S955	-0.29114146714862615	0.7474099365862142	4.245703667552245
PCLAF-P-S72	-0.28244566420353107	0.7539376066467314	4.224116179705659
PRKDC-P-S3205	0.28244566420353107	0.7539376066467314	4.167033528628556
PARP1-P-S75	0.28244566420353107	0.7539376066467314	4.111473081580175
MRE11-P-S619	0.27634677953705983	0.7585498355850453	4.082195825714257
FANCD2-P-S1412	-0.27634677953705983	0.7585498355850453	4.029180295510176
TOP2B-P-S1550	-0.27634677953705983	0.7585498355850453	3.97752413787543
PIAS1-P-T508	0.27602878160041594	0.7587910912249677	3.9284247634305287
EXO1-P-S815	0.27569283896718483	0.7590460443246362	3.8806229016097027
RBBP8-P-S568	-0.27569283896718483	0.7590460443246362	3.832713976898472
TOPBP1-P-T822	-0.27569283896718483	0.7590460443246362	3.7859735625460513
TOP2A-P-S1354	0.27569283896718483	0.7590460443246362	3.7403594232382678
RECQL4-P-S251	-0.27569283896718483	0.7590460443246362	3.6958313348663836
TOP2A-P-S1351-S1354	-0.27569283896718483	0.7590460443246362	3.652350966220897
MCM4-P-S120	0.27569283896718483	0.7590460443246362	3.6098817689392586
KAT5-P-S90	-0.25769501739213946	0.7728308961505272	3.633193523282364
TOP2B-P-S1441	-0.25769501739213946	0.7728308961505272	3.591907233245064
ATRX-P-S729	-0.25723329304784615	0.7731878133816483	3.5531889401471255
BRCA1-P-S1009	0.25723329304784615	0.7731878133816483	3.5137090630343795
TP53BP1-P-T922	-0.25723329304784615	0.7731878133816483	3.475096875528507
POLR2A-P-S1966	-0.25655091022799	0.7737156035190029	3.439670454774698
RRM2-P-S20	0.2396323232507874	0.78691713901848	3.460743116758692
BRCA1-P-S1342	0.2396323232507874	0.78691713901848	3.4239267006229612
TP53BP1-P-S1068	-0.2396323232507874	0.78691713901848	3.387885366932193
POLR2A-P-S1917	0.23894861959986927	0.7874553411037971	3.3548878594943026
MDC1-P-T1280	0.23894861959986927	0.7874553411037971	3.3203013867160105
DBF4-P-S381	0.23894861959986927	0.7874553411037971	3.2864207603209494
ATR-P-T1989	-0.23894861959986927	0.7874553411037971	3.253224591024778
PMS2-P-S445	-0.23894861959986927	0.7874553411037971	3.2206923451145304
XRCC6-P-S560	0.23894861959986927	0.7874553411037971	3.1888043020935943
TOP2A-P-S1377	0.23894861959986927	0.7874553411037971	3.157541514818167
TP53BP1-P-S507	0.23894861959986927	0.7874553411037971	3.1268857719558545
TOP2A-P-S1213	0.23894861959986927	0.7874553411037971	3.096819562610125
MCM6-P-S13	0.23894861959986927	0.7874553411037971	3.0673260429662195
TERF2-P-S365	0.23894861959986927	0.7874553411037971	3.038389004825029
PRKDC-P-S2624	0.23894861959986927	0.7874553411037971	3.0099928459014302
TERF1-P-T371	-0.23894861959986927	0.7874553411037971	2.9821225417727133
EP300-P-S1726	0.23894861959986927	0.7874553411037971	2.954763619371129
XPC-P-S883-S884	-0.23894861959986927	0.7874553411037971	2.9279021319223
AURKA-P-S10	0.23894861959986927	0.7874553411037971	2.9015246352383155
TP53BP1-P-S1002	0.23894861959986927	0.7874553411037971	2.8756181652808306
ATRX-P-S677	-0.23894861959986927	0.7874553411037971	2.8501702169155134
FEN1-P-Y152-S157-S162	-0.23181257589141102	0.7930947544550987	2.845401355895924
SUMO1-P-T76	-0.23181257589141102	0.7930947544550987	2.8206587354098724
DTL-P-S557	-0.23181257589141102	0.7930947544550987	2.796342711828753
ATRX-P-S84	-0.23181257589141102	0.7930947544550987	2.772442346770388
SMARCA4-P-S1663	0.23181257589141102	0.7930947544550987	2.748947072645215
MCM4-P-S131	0.23181257589141102	0.7930947544550987	2.7258466770767678
TP53BP1-P-S1101	-0.23181257589141102	0.7930947544550987	2.703131288101128
WEE1-P-S67	-0.23181257589141102	0.7930947544550987	2.680791360100292
TCEA1-P-S135	-0.2223677758980672	0.8006208611261757	2.6840486245951296
ACTL6A-P-S233	0.2223677758980672	0.8006208611261757	2.662227091061836
MCM4-P-T19	-0.21885927353009216	0.803434774738063	2.6500388940957076
TOP2A-P-S1247	0.21885927353009216	0.803434774738063	2.628838582942942
PIAS1-P-S503	-0.21885927353009216	0.803434774738063	2.6079747846656174
MSH6-P-S830	0.19992155116040086	0.8187949840748956	2.6369066809971047
CDK7-P-T170	0.19992155116040086	0.8187949840748956	2.6163058475518146
MSH6-P-S227	-0.19992155116040086	0.8187949840748956	2.596024406873118
XRCC6-P-S27	-0.19094287597386422	0.8261797815186758	2.599288697239526
EXO1-P-S610	0.19007763018868595	0.8268949394415066	2.581679620088368
CDC25C-P-T48	-0.18898635689850862	0.8277978003470977	2.5649189419845677
TOP2B-P-T1317	-0.18898635689850862	0.8277978003470977	2.545633837157616
TP53BP1-P-S398	-0.18898635689850862	0.8277978003470977	2.5266365697161413
MCM6-P-S271	0.18898635689850862	0.8277978003470977	2.5079207432737998
DTL-P-S490	0.18898635689850862	0.8277978003470977	2.4894801495732573
CDC25C-P-S173	0.18898635689850862	0.8277978003470977	2.4713087616201674
MTOR-P-S1261	-0.18898635689850862	0.8277978003470977	2.4534007271156737
TP53BP1-P-S1317	0.18898635689850862	0.8277978003470977	2.4357503621723953
MDC1-P-S453	-0.18892442298473688	0.827849070692355	2.418501927951237
RBBP8-P-S539	-0.1880219193791959	0.8285965447117618	2.403517636788018
SMARCA4-P-S1659-S1663	0.1880219193791959	0.8285965447117618	2.3865914562472574
PARG-P-S302	-0.1880219193791959	0.8285965447117618	2.3699020055042697
MDC1-P-T1343	0.1880219193791959	0.8285965447117618	2.353444352688268
ELL-P-S319	-0.1880219193791959	0.8285965447117618	2.337213701980073
POLR2A-P-T1870	0.1880219193791959	0.8285965447117618	2.321205388952812
TOP2B-P-S1522	-0.1880219193791959	0.8285965447117618	2.3054148761027933
MDC1-P-S108	0.1880219193791959	0.8285965447117618	2.289837748561558
MDC1-P-S453-T455	0.1880219193791959	0.8285965447117618	2.274469709980608
TP53BP1-P-S552	0.1880219193791959	0.8285965447117618	2.259306578580737
MDC1-P-S882	-0.1880219193791959	0.8285965447117618	2.2443442833583482
TIMELESS-P-S1149	-0.1880219193791959	0.8285965447117618	2.229578860441517
MAPK8-P-T183	-0.1880219193791959	0.8285965447117618	2.215006449588958
SMARCA4-P-S1449	-0.1880219193791959	0.8285965447117618	2.2006232908253933
TOP1-P-S394	-0.1880219193791959	0.8285965447117618	2.186425721207165
TP53BP1-P-S727	-0.1880219193791959	0.8285965447117618	2.1724101717122473
MPG-P-T67	0.1880219193791959	0.8285965447117618	2.158573164249112
UNG-P-T60	-0.1880219193791959	0.8285965447117618	2.144911308779181
ATRX-P-S1348-S1352	-0.1880219193791959	0.8285965447117618	2.1314213005478653
UNG-P-S23	0.1880219193791959	0.8285965447117618	2.1180999174194413
YY1-P-S118	-0.1880219193791959	0.8285965447117618	2.104944017311246
MCM3-P-T674	-0.1880219193791959	0.8285965447117618	2.091950535722905
DDB2-P-T148	-0.1880219193791959	0.8285965447117618	2.079116483356507
MCM4-P-S326	0.1880219193791959	0.8285965447117618	2.066438943823845
MDC1-P-T1239	0.1876146217817281	0.8289340988315176	2.0547517964975195
ABL1-P-S569	-0.1876146217817281	0.8289340988315176	2.042373773627052
RBBP8-P-S163	0.1876146217817281	0.8289340988315176	2.030143990551441
MCM4-P-T23	-0.18245359811899053	0.8332233061600302	2.0285019774967403
EP300-P-S2320-S2328	-0.18245359811899053	0.8332233061600302	2.0164990072156943
XRCC1-P-S266	0.18245359811899053	0.8332233061600302	2.0046372483497197
POLR2A-P-S1910	-0.18126643332168776	0.8342130669257208	1.9952815460387123
PIAS1-P-S488	-0.18126643332168776	0.8342130669257208	1.9836810719338362
APBB1-P-S517	0.18126643332168776	0.8342130669257208	1.972214707356184
PRKDC-P-S893	-0.17080143547907875	0.8429889445500075	1.9815084960974316
MDC1-P-S498	0.16859522845146238	0.8448508057541191	1.9745370260196269
CDK1-P-T161	0.16859522845146238	0.8448508057541191	1.9633180656445155
TP53BP1-P-S532	0.16859522845146238	0.8448508057541191	1.952225873183247
TOP2B-P-S1476	0.16859522845146238	0.8448508057541191	1.9412583120979479
TP53BP1-P-S1094-S1101	-0.16859522845146238	0.8448508057541191	1.9304132935946074
TOP2B-P-S1400-S1413	-0.16859522845146238	0.8448508057541191	1.9196887752968597
MDC1-P-S299	-0.16751062190094862	0.8457676335811027	1.911154486931884
MSH6-P-S41	-0.16751062190094862	0.8457676335811027	1.900653638102588
PIAS1-P-S510	-0.16751062190094862	0.8457676335811027	1.8902675526484753
BARD1-P-S330	0.16751062190094862	0.8457676335811027	1.8799943594275599
MDC1-P-T1589	-0.16663961388647797	0.8465046248844041	1.8714615760957907
TOP2B-P-S1466	-0.16436101419599636	0.8484356692637184	1.8656461759616174
ATRX-P-S703	-0.15738240365169598	0.854377279349287	1.8686647446730393
MAPK8-P-S377	0.15738240365169598	0.854377279349287	1.858725038584353
TOP2B-P-S1424	0.15544940186028283	0.8560303893783991	1.8524678796601335
PIAS1-P-S485	-0.15544940186028283	0.8560303893783991	1.8427180487145538
NBN-P-S347	0.15544940186028283	0.8560303893783991	1.8330703102396086
MSH6-P-S261	-0.15544940186028283	0.8560303893783991	1.823523069040444
POLA1-P-T225	-0.14935197182794652	0.8612659202038107	1.8251697479966764
POLR2A-P-S1910-S1917	0.13907647298572864	0.8701614820671837	1.834515701883908
RAD9A-P-S375	-0.13744412361436903	0.8715830495471537	1.8280895757168505
TP53BP1-P-S222	-0.12703621983930705	0.8807017731427632	1.8377909449764804
TOP2A-P-S1106	0.12703621983930705	0.8807017731427632	1.8284620569309145
ABL1-P-T781	-0.12703621983930705	0.8807017731427632	1.819227400077728
ATRX-P-S1352	-0.12703621983930705	0.8807017731427632	1.8100855538461817
PRKDC-P-T2603	0.12703621983930705	0.8807017731427632	1.8010351260769508
USP7-P-S18	-0.12238823826002516	0.884804786740284	1.8004236705312244
TFPT-P-S167	-0.12238823826002516	0.884804786740284	1.791510682063248
MDC1-P-T1425	0.12132209399981521	0.8857486193265189	1.7845871197268288
ATRX-P-S92	-0.12132209399981521	0.8857486193265189	1.7758391436497365
TP53BP1-P-S525	-0.12132209399981521	0.8857486193265189	1.7671765136807134
TP53BP1-P-T855	0.12132209399981521	0.8857486193265189	1.758597986915273
TOP2B-P-S1454	0.12132209399981521	0.8857486193265189	1.750102344466407
ATR-P-S464	0.12132209399981521	0.8857486193265189	1.7416883908872416
SMARCA4-P-S1659	-0.12132209399981521	0.8857486193265189	1.733354953610269
POLR2E-P-Y26-T36	0.12132209399981521	0.8857486193265189	1.725100882402601
TP53BP1-P-S1028	0.12132209399981521	0.8857486193265189	1.716925048836712
POLR2A-P-S1861-S1868	0.11894681527080318	0.8878550198350681	1.7128901090214286
MSH6-P-S137	0.11516344854623717	0.8912204633124098	1.7113106549050499
APEX1-P-T19	0.11247929153895571	0.8936158523259742	1.7078919794454366
MDC1-P-S1820	0.1113666993501542	0.8946106356345136	1.7018406975558886
ATRX-P-S1995-S1996	-0.1113666993501542	0.8946106356345136	1.6939618054375742
TTK-P-S455	-0.1113666993501542	0.8946106356345136	1.6861555298364794
SMARCA4-P-S695	0.1113666993501542	0.8946106356345136	1.6784208714427342
TP53BP1-P-S580	0.09839822493074578	0.9062879254370658	1.6925651210217347
TP53BP1-P-S1656	0.09839822493074578	0.9062879254370658	1.6848716431989086
ABL1-P-Y393	0.09802067304799916	0.9066301607513534	1.6778811572276178
POLA1-P-S192	0.0975204314747297	0.9070838083065644	1.6711589080963283
TOPBP1-P-S888	0.0975204314747297	0.9070838083065644	1.6636649219613673
RCHY1-P-S257	-0.0975204314747297	0.9070838083065644	1.6562378464168968
TP53BP1-P-S1362	-0.0975204314747297	0.9070838083065644	1.6488767893217107
PRKDC-P-S511	0.0975204314747297	0.9070838083065644	1.6415808743247118
TP53BP1-P-S1430	0.09730690754902063	0.9072775130818272	1.6346982504425875
TFPT-P-S252	-0.09385930873645658	0.9104108400822738	1.6331492701475876
MRE11-P-S688-S689	0.09210573351766295	0.9120087145574456	1.6288714596244334
TP53BP1-P-S771	0.09210573351766295	0.9120087145574456	1.6217894097999792
NFRKB-P-S240	0.09136013629824538	0.9126889592818785	1.6159730924081745
SMARCC1-P-S330	0.08882675015198693	0.9150040841616003	1.613089096646959
TOP2B-P-S1466-S1476	0.08673191580773344	0.9169228752152427	1.6095341457640955
POLR2A-P-S1861	0.08661521620461166	0.91702988599481	1.6028428349225525
MNAT1-P-T51	-0.07627401141004235	0.9265622831343194	1.6126126544763262
TOP2B-P-T1292	-0.07627401141004235	0.9265622831343194	1.6057795500082062
ATRX-P-S849	-0.07231417462720748	0.9302385925334502	1.6053484571568823
SMARCC1-P-S328-S330	0.07231417462720748	0.9302385925334502	1.5986032955721896
TOP2B-P-S1473	-0.07231417462720748	0.9302385925334502	1.5919145788543143
MCM4-P-S26	0.07172250826665702	0.9307891462719404	1.586219836771765
SMARCC1-P-S357	-0.07172250826665702	0.9307891462719404	1.5796380117229196
MSH6-P-S14	-0.07172250826665702	0.9307891462719404	1.5731105819224116
MSH6-P-S274-S275	-0.07172250826665702	0.9307891462719404	1.5666368758239655
PRKDC-P-S2612	-0.07172250826665702	0.9307891462719404	1.5602162328902607
ATRX-P-S213	-0.07172250826665702	0.9307891462719404	1.5538480033682596
ATRX-P-S819	-0.07070842774024053	0.9317335201740369	1.5491016656552077
TP53BP1-P-T321	-0.07070842774024053	0.9317335201740369	1.542829998992636
EP300-P-T1724	-0.07070842774024053	0.9317335201740369	1.5366089102870206
XRCC6-P-S324	-0.07070842774024053	0.9317335201740369	1.530437790165386
MDC1-P-S780	-0.07070842774024053	0.9317335201740369	1.5243160390047243
TOP2B-P-S1236	0.07070842774024053	0.9317335201740369	1.5182430667377733
SMARCA4-P-S1484	-0.07070842774024053	0.9317335201740369	1.5122182926634171
MDC1-P-T1302	-0.06396835420147087	0.9380346839176545	1.5164276115506747
TP53BP1-P-S265	0.06198875033769991	0.9398934602156406	1.5134504930243977
MRE11-P-S649	0.06068408501107998	0.9411205068924758	1.5094834796824417
TP53BP1-P-S1094	-0.06068408501107998	0.9411205068924758	1.5035870598399321
DTL-P-S679	-0.05994549716800765	0.9418158638172078	1.498843145141004
PRKDC-P-S4026	0.05994549716800765	0.9418158638172078	1.493033675586194
TOP2B-P-S1613	0.05756974591789254	0.9440560440348585	1.4908066486882516
MCM3-P-S711-T722	-0.05756974591789254	0.9440560440348585	1.4850727769625276
ATRX-P-S1061	-0.05756974591789254	0.9440560440348585	1.4793828429511768
XRCC1-P-S447	-0.05756974591789254	0.9440560440348585	1.4737363435506
WEE1-P-S139	-0.05660492331802629	0.9449673301857286	1.469549954547388
TOP2B-P-S1552	-0.05660492331802629	0.9449673301857286	1.4639834774468297
TP53BP1-P-S809	0.05660492331802629	0.9449673301857286	1.4584590114942002
SIRT6-P-T294	-0.05660492331802629	0.9449673301857286	1.4529760828795604
POLR2A-P-S1875	0.05660492331802629	0.9449673301857286	1.4475342248912473
TP53BP1-P-T1372	-0.05660492331802629	0.9449673301857286	1.4421329777834442
TP53BP1-P-T302	0.056343683408510974	0.9452142256136268	1.437147279836332
FANCD2-P-S592	0.056343683408510974	0.9452142256136268	1.4318245121332345
PLK4-P-S665	-0.056343683408510974	0.9452142256136268	1.42654102684861
BARD1-P-T299	0.056343683408510974	0.9452142256136268	1.4212963907204903
MDC1-P-T1671	0.05462315017876685	0.9468418979286501	1.4185287042227763
MDC1-P-S793	-0.05462315017876685	0.9468418979286501	1.413351592163569
MDC1-P-T1157	0.05366086445398828	0.9477534688961713	1.4095678864673966
VCP-P-S702	-0.05366086445398828	0.9477534688961713	1.404460756443964
XPC-P-S61	-0.04930736389331904	0.9518885085722238	1.40549602890267
KPNA2-P-S62	-0.04930736389331904	0.9518885085722238	1.4004402877915092
PER1-P-S704	-0.04930736389331904	0.9518885085722238	1.3954207885521133
MDC1-P-S544	0.04930736389331904	0.9518885085722238	1.3904371428787128
TP53BP1-P-S208	0.04930736389331904	0.9518885085722238	1.3854889679930233
NBN-P-T497	-0.04930736389331904	0.9518885085722238	1.3805758865462396
MCM2-P-T106	0.04930736389331904	0.9518885085722238	1.375697526523108
PARG-P-S291	0.04930736389331904	0.9518885085722238	1.3708535211480266
MSH6-P-S252	-0.04930736389331904	0.9518885085722238	1.3660435087931213
TFPT-P-T207	-0.04930736389331904	0.9518885085722238	1.3612671328882502
MDC1-P-S168	0.04547144942513829	0.9555468835953421	1.3617375449146165
XPC-P-S884	0.04547144942513829	0.9555468835953421	1.3570092895503296
TP53BP1-P-S500	-0.04201329700420931	0.9588570305617448	1.3569983581306353
MDC1-P-S329	-0.04201329700420931	0.9588570305617448	1.352319053447426
BRCA2-P-S2095	-0.04201329700420931	0.9588570305617448	1.3476719089338611
MDC1-P-S1033	-0.04201329700420931	0.9588570305617448	1.3430565941772383
EP300-P-S2309	-0.04201329700420931	0.9588570305617448	1.3384727832756096
ATRX-P-S598	-0.04201329700420931	0.9588570305617448	1.3339201547610666
DTL-P-S485	-0.03359582032612061	0.9669622521538146	1.3406358004437633
MCM10-P-S150	-0.03185110832698683	0.968650795380341	1.3384397814545927
CLK2-P-S50	-0.03185110832698683	0.968650795380341	1.333933250203904
VCP-P-S3	0.027657989901982972	0.9727209903189459	1.335043238390768
MCM3-P-S672-T674	0.027657989901982972	0.9727209903189459	1.3305782108376216
ATRX-P-S1527	0.027657989901982972	0.9727209903189459	1.3261429501348296
TP53BP1-P-S484	-0.027657989901982972	0.9727209903189459	1.3217371596028202
TP53BP1-P-S119	0.027657989901982972	0.9727209903189459	1.3173605464915525
TP53BP1-P-S366	0.027657989901982972	0.9727209903189459	1.313012821915673
MRE11-P-S689	-0.027657989901982972	0.9727209903189459	1.3086937007909503
TOPBP1-P-S817	-0.027657989901982972	0.9727209903189459	1.3044029017719636
NBN-P-S604	-0.027657989901982972	0.9727209903189459	1.3001401471910095
MCM2-P-S27	0.027657989901982972	0.9727209903189459	1.2959051629982048
DBF4-P-T553	0.027657989901982972	0.9727209903189459	1.291697678702756
TP53BP1-P-S1705	0.027657989901982972	0.9727209903189459	1.2875174273153687
ATM-P-S1891	0.027657989901982972	0.9727209903189459	1.2833641452917706
TOP2B-P-S1449	0.027657989901982972	0.9727209903189459	1.2792375724773277
XRCC1-P-S241	-0.027657989901982972	0.9727209903189459	1.2751374520527208
TOP2B-P-S1452	0.027657989901982972	0.9727209903189459	1.2710635304806674
COPS5-P-S284	0.027657989901982972	0.9727209903189459	1.2670155574536588
ORC1-P-T230	-0.027657989901982972	0.9727209903189459	1.2629932858426949
CCNH-P-T315	0.027657989901982972	0.9727209903189459	1.2589964716469901
MDC1-P-S505	-0.027657989901982972	0.9727209903189459	1.2550248739446337
ABL1-P-S718	0.027657989901982972	0.9727209903189459	1.251078254844179
MSH6-P-S200	-0.027657989901982972	0.9727209903189459	1.2471563794371439
MSH6-P-S309	0.027657989901982972	0.9727209903189459	1.2432590157514027
RECQL4-P-S323	-0.027657989901982972	0.9727209903189459	1.2393859347054483
ABL1-P-S884	0.027657989901982972	0.9727209903189459	1.2355369100635059
MCM2-P-S139	-0.027657989901982972	0.9727209903189459	1.2317117183914827
EP300-P-S1038	0.027657989901982972	0.9727209903189459	1.2279101390137312
MCM3-P-S672	0.027657989901982972	0.9727209903189459	1.224131953970612
MCM2-P-S381	0.027657989901982972	0.9727209903189459	1.2203769479768372
MCM4-P-T110	0.027657989901982972	0.9727209903189459	1.2166449083805777
TTK-P-S321	-0.027657989901982972	0.9727209903189459	1.2129356251233199
TP53BP1-P-S1460	0.027657989901982972	0.9727209903189459	1.2092488907004526
APBB1-P-S205	-0.027657989901982972	0.9727209903189459	1.2055845001225725
TP53BP1-P-S1678	0.027657989901982972	0.9727209903189459	1.201942250877489
ATRX-P-S889	0.027266900156832127	0.9731014859222671	1.1987906859705035
POLR2A-P-S1920	-0.025405506121620788	0.9749144980653374	1.1974175066328019
CDK7-P-S164	0.025405506121620788	0.9749144980653374	1.1938324242776137
TP53BP1-P-S63	-0.02026660359516739	0.9799373836484022	1.1964011639170045
TFPT-P-S249	-0.02026660359516739	0.9799373836484022	1.1928404461672515
POLR2C-P-S124	-0.02026660359516739	0.9799373836484022	1.1893008602735802
MSH6-P-S65	-0.02026660359516739	0.9799373836484022	1.1857822186751374
TP53BP1-P-S598	0.02026660359516739	0.9799373836484022	1.1822843360241784
RBBP8-P-S327	-0.02026660359516739	0.9799373836484022	1.178807029153519
PTEN-P-S370	0.02026660359516739	0.9799373836484022	1.1753501170445646
TFPT-P-S180	-0.02026660359516739	0.9799373836484022	1.171913420795896
ATRX-P-S875	-0.02026660359516739	0.9799373836484022	1.1684967635924095
MDC1-P-S376	0.02026660359516739	0.9799373836484022	1.1650999706749898
CHEK1-P-S301	0.02026660359516739	0.9799373836484022	1.1617228693107144
SOX4-P-S354	0.02026660359516739	0.9799373836484022	1.1583652887635736
MRE11-P-S667	-0.02026660359516739	0.9799373836484022	1.155027060265696
TP53BP1-P-S1701	0.02026660359516739	0.9799373836484022	1.1517080169890703
KDM4B-P-S566	-0.02026660359516739	0.9799373836484022	1.148407994017755
TOP1-P-S112	0.02026660359516739	0.9799373836484022	1.1451268283205613
TP53BP1-P-S999	-0.02026660359516739	0.9799373836484022	1.1418643587242066
TP53BP1-P-S993	-0.02026660359516739	0.9799373836484022	1.138620425886922
EP300-P-S12	0.02026660359516739	0.9799373836484022	1.1353948722725113
TP53BP1-P-S640	0.02026660359516739	0.9799373836484022	1.1321875421248488
MDC1-P-S1775	-0.02026660359516739	0.9799373836484022	1.128998281442807
TOP2B-P-S1581	-0.02026660359516739	0.9799373836484022	1.125826937955608
NBN-P-S432	-0.02026660359516739	0.9799373836484022	1.1226733610985895
SMARCC1-P-S830	-0.02026660359516739	0.9799373836484022	1.1195374019893756
TTK-P-S281	-0.02026660359516739	0.9799373836484022	1.116418913404447
ATRX-P-S25	0.02026660359516739	0.9799373836484022	1.1133177497561013
ABL1-P-Y185	0.02026660359516739	0.9799373836484022	1.1102337670697964
TOP2B-P-S1550-S1552	-0.02026660359516739	0.9799373836484022	1.1071668229618687
MTOR-P-S2481	0.02026660359516739	0.9799373836484022	1.1041167766176212
ABL1-P-T852	0.02026660359516739	0.9799373836484022	1.1010834887697707
KDM4B-P-S622	-0.02026660359516739	0.9799373836484022	1.0980668216772507
NBN-P-S397	-0.02026660359516739	0.9799373836484022	1.095066639104362
PARP1-P-T368	-0.02026660359516739	0.9799373836484022	1.092082806300263
SMARCC1-P-S310	-0.02026660359516739	0.9799373836484022	1.0891151899787948
ABL1-P-S16	0.02026660359516739	0.9799373836484022	1.0861636582986356
TP53BP1-P-S1114	-0.02026660359516739	0.9799373836484022	1.0832280808437742
UBA7-P-S24	0.02026660359516739	0.9799373836484022	1.0803083286043031
TTK-P-S436	-0.02026660359516739	0.9799373836484022	1.0774042739575174
SMARCC1-P-S573	-0.02026660359516739	0.9799373836484022	1.0745157906493203
WEE1-P-T190	0.02026660359516739	0.9799373836484022	1.0716427537759265
PLK4-P-S401	0.02026660359516739	0.9799373836484022	1.0687850397658574
ATRX-P-S316	0.02026660359516739	0.9799373836484022	1.0659425263622246
MEN1-P-S548	0.02026660359516739	0.9799373836484022	1.0631150926052957
RECQL4-P-S27	0.02026660359516739	0.9799373836484022	1.0603026188153346
PARG-P-S137	0.02026660359516739	0.9799373836484022	1.0575049865757162
XRCC6-P-S6	0.02026660359516739	0.9799373836484022	1.0547220787163065
TP53BP1-P-S1462	0.02026660359516739	0.9799373836484022	1.0519537792971037
EP300-P-S2328	0.02026660359516739	0.9799373836484022	1.0491999735921373
WEE1-P-S150	-0.02026660359516739	0.9799373836484022	1.04646054807362
MDC1-P-S1086	-0.02026660359516739	0.9799373836484022	1.043735390396345
PARG-P-S286	-0.02026660359516739	0.9799373836484022	1.0410243893823286
NFRKB-P-S1303	0.02026660359516739	0.9799373836484022	1.0383274350056904
XPC-P-S903	0.02026660359516739	0.9799373836484022	1.0356444183777687
POLR2A-P-S1889	-0.02026660359516739	0.9799373836484022	1.0329752317324652
SMARCA4-P-S1382	0.02026660359516739	0.9799373836484022	1.0303197684118162
SUMO1-P-S2	-0.02026660359516739	0.9799373836484022	1.0276779228517858
MCM2-P-S41	0.018496221448820023	0.9816737838894181	1.0268659273932788
POLR2A-P-S1875-S1882	0.018496221448820023	0.9816737838894181	1.024246371456051
MDC1-P-S998	0.018496221448820023	0.9816737838894181	1.021640146592295
TCEA1-P-S57	0.018496221448820023	0.9816737838894181	1.0190471512963757
MNAT1-P-S279	0.018496221448820023	0.9816737838894181	1.016467285090562
CLK2-P-S97	-0.018496221448820023	0.9816737838894181	1.0139004485120504
EP300-P-T887	-0.018496221448820023	0.9816737838894181	1.0113465431001813
SMARCA4-P-T1455	-0.011918511688476114	0.9881522324381338	1.015462972530645
TP53BP1-P-S103	0.011409213640306186	0.9886556246188558	1.0134339610754686
TP53BP1-P-T1638	0.011409213640306186	0.9886556246188558	1.01090037617278
PARP1-P-S782	-0.011409213640306186	0.9886556246188558	1.0083794276037705
SIRT6-P-S303	0.011409213640306186	0.9886556246188558	1.0058710210674429
ELL-P-S442	-0.011221666259450716	0.9888410617804045	1.0035632612113783
UNG-P-S14	-0.011221666259450716	0.9888410617804045	1.0010791937331325
MCM3-P-S160	-0.01006984716856303	0.98998068398653	0.9997582709888662
DBF4-P-S359	0.01006984716856303	0.98998068398653	0.9972958121933271
MDC1-P-S1814	0.008041638316985757	0.9919906091576861	0.9968652558857337
SMARCC1-P-S328	-0.006727119435005573	0.9932954569798274	0.9957300046685035
TOP2B-P-S1336	0.0016152500190762657	0.998386053795146	0.9983860537951459

Data type: org.panda.causalpath.data.ProteinData
Row ID	Change amount	P-value	Q-value
SMUG1-G	-2.4782277648684516	0.08389176986743202	12.41598194037994
SOD1-G	-2.3630249091369455	0.09413504214128521	4.643995412303403
CDK6-G	2.3630249091369455	0.09413504214128521	6.965993118455105
YY1-G	-1.4503084410617801	0.23449794814195524	8.676424081252344
XPA-G	-1.2881259071337223	0.2757871498090951	8.163299634349213
BARD1-G	1.2881259071337223	0.2757871498090951	6.802749695291012
GTF2H1-G	0.856734804067439	0.4245460476571495	8.976116436179732
TTK-G	0.7791239338155461	0.45880778127332367	8.487943953556488
PTEN-G	-0.7791239338155461	0.45880778127332367	7.54483906982799
TYMS-G	0.7791239338155461	0.45880778127332367	6.790355162845191
POLR2G-G	0.7791239338155461	0.45880778127332367	6.173050148041082
UNG-G	-0.7791239338155461	0.45880778127332367	5.658629302370993
TIMELESS-G	-0.6417004038920211	0.5263965758207271	5.992822555497508
POLR2H-G	-0.6417004038920211	0.5263965758207271	5.564763801533401
UBE2B-G	-0.6417004038920211	0.5263965758207271	5.19377954809784
CHEK1-G	0.6068164489762635	0.5450834106439585	5.042021548456616
TERF1-G	-0.5077055842058975	0.6018749471697318	5.239852481242371
MCM8-G	0.500727621706337	0.6060894953589114	4.721118174374678
BLM-G	0.500727621706337	0.6060894953589114	4.4850622656559445
KDM4B-G	-0.500727621706337	0.6060894953589114	4.9834025173954934
POLG2-G	-0.43704210182034947	0.6459442354099729	4.552368897175048
CCNH-G	0.43704210182034947	0.6459442354099729	4.345443038212545
XRCC1-G	-0.3437483097624432	0.7091073809963127	4.562951842932795
RECQL4-G	-0.3437483097624432	0.7091073809963127	4.372828849477261
POLE2-G	-0.3437483097624432	0.7091073809963127	4.197915695498171
SMARCC1-G	0.3293229260864422	0.7194106627626424	4.095106849571964
APBB1-G	-0.3290094002229153	0.7196362519740938	3.8037916175773527
KPNA2-G	0.3290094002229153	0.7196362519740938	2.802793823478049
BRCA1-G	-0.3290094002229153	0.7196362519740938	3.67262638938503
POLR2L-G	0.3290094002229153	0.7196362519740938	3.5502055097388623
DDB2-G	-0.3290094002229153	0.7196362519740938	3.3283176653801836
PIAS1-G	-0.3290094002229153	0.7196362519740938	2.878545007896375
HRAS-G	-0.3290094002229153	0.7196362519740938	3.9446727885987363
ATRX-G	-0.3290094002229153	0.7196362519740938	3.4356827513601895
CDK4-G	0.3290094002229153	0.7196362519740938	3.227459554308057
CHEK2-G	0.3290094002229153	0.7196362519740938	3.0430332940618823
XPC-G	-0.3290094002229153	0.7196362519740938	3.1325342732989965
NFRKB-G	-0.3290094002229153	0.7196362519740938	2.958504591449052
TP53-G	0.3059685732304584	0.7364097620723302	2.7945806355565352
AURKB-G	0.30543960816830285	0.7367994001512769	2.7261577805597246
MRE11-G	-0.2611590788540393	0.7701583939549776	2.7800839586667485
CDK7-G	0.23593861675313796	0.7898291547228166	2.6566980658858377
PCLAF-G	-0.23593861675313796	0.7898291547228166	2.783207497594687
CDA-G	0.23593861675313796	0.7898291547228166	2.718481741836671
POLR2B-G	0.23593861675313796	0.7898291547228166	2.597660331088375
GTF2H5-G	0.201983522285108	0.8171083919104264	2.6289574348422415
UBE2I-G	0.19174818055576962	0.8255147229784278	2.599493170229943
KAT5-G	0.19174818055576962	0.8255147229784278	2.545337062516819
YWHAG-G	0.15707484328385793	0.8546400923529565	2.581361911596685
GMNN-G	-0.15481404887643746	0.8565744436555055	2.4857454443336238
POLB-G	-0.15481404887643746	0.8565744436555055	2.535460353220296
PCNA-G	0.1547192481660176	0.8566556513705053	2.438173776977592
RRM2-G	0.1376800868672503	0.8713774122380047	2.4332803209665035
TOP2A-G	0.13315672732692435	0.8753278935567314	2.2727811973051972
GTF2H4-G	0.13315672732692435	0.8753278935567314	2.2335953145930385
NBN-G	-0.13315672732692435	0.8753278935567314	2.089492391070907
CCNA2-G	0.13315672732692435	0.8753278935567314	1.8506932606628035
FANCD2-G	-0.13315672732692435	0.8753278935567314	1.7746373732383047
GTF2H2-G	0.13315672732692435	0.8753278935567314	1.7506557871134627
USP7-G	-0.13315672732692435	0.8753278935567314	1.6608785672614903
RRM1-G	-0.13315672732692435	0.8753278935567314	1.619356603079953
GTF2H3-G	0.13315672732692435	0.8753278935567314	1.5993645462518056
POLK-G	-0.13315672732692435	0.8753278935567314	1.579860100565808
AURKA-G	0.13315672732692435	0.8753278935567314	2.399046819377708
PIAS4-G	-0.13315672732692435	0.8753278935567314	2.3133665758285042
MLH1-G	0.13315672732692435	0.8753278935567314	2.1591421374399373
WRN-G	0.13315672732692435	0.8753278935567314	2.1237463646950205
MGMT-G	-0.13315672732692435	0.8753278935567314	2.0563258451808926
MNAT1-G	0.13315672732692435	0.8753278935567314	1.8775149021216848
RFC2-G	0.13315672732692435	0.8753278935567314	1.799285114533281
PLK1-G	0.13315672732692435	0.8753278935567314	1.72731370995195
POLA1-G	0.13315672732692435	0.8753278935567314	1.933560123080541
CDC25C-G	0.13315672732692435	0.8753278935567314	2.3554277862981134
ABL1-G	-0.13315672732692435	0.8753278935567314	2.195737766888072
TCEA1-G	-0.13315672732692435	0.8753278935567314	2.0241957538499413
CDK1-G	0.13315672732692435	0.8753278935567314	1.9930542807137883
WEE1-G	-0.13315672732692435	0.8753278935567314	1.9628564885817612
SUMO2-G	-0.13315672732692435	0.8753278935567314	1.90512541538818
TP53BP1-G	-0.13315672732692435	0.8753278935567314	1.8246271583999472
MAPK8-G	-0.13315672732692435	0.8753278935567314	1.704585897978898
XRCC6-G	0.13315672732692435	0.8753278935567314	1.682448418784367
ATR-G	-0.13315672732692435	0.8753278935567314	1.6398547879290664
MCM7-G	0.12531649132170297	0.8822176441672614	1.5543834682946989
PRKDC-G	0.12531649132170297	0.8822176441672614	1.5007840383535023
DDX11-G	0.12531649132170297	0.8822176441672614	1.53609660396182
RBBP8-G	-0.12531649132170297	0.8822176441672614	1.5182350155436592
TERF2-G	0.12531649132170297	0.8822176441672614	1.5731109799609
UBA7-G	-0.11656280367311428	0.8899742015726418	1.4967747935539888
POLD1-G	0.08003763011913503	0.9230816100621159	1.5350121156089118
SIRT6-G	-0.07657666820836483	0.9262818951930583	1.5232191165396958
APEX1-G	-0.0703587327613538	0.9320593996835954	1.5158768258590345
MCM5-G	0.06656839838783828	0.9355989202099506	1.5050939151203553
FANCI-G	0.03590610684400657	0.9647308708569078	1.4719605039878594
MCM6-G	0.03590610684400657	0.9647308708569078	1.372886239296369
VCP-G	0.03590610684400657	0.9647308708569078	1.322038600803911
MTOR-G	-0.03590610684400657	0.9647308708569078	1.4872934259043997
PIAS3-G	-0.03590610684400657	0.9647308708569078	1.4569404988451262
HLTF-G	-0.03590610684400657	0.9647308708569078	1.4136650384833898
ERCC3-G	0.03590610684400657	0.9647308708569078	1.399805577321788
SMARCA4-G	-0.03590610684400657	0.9647308708569078	1.3469827253473807
DHFR-G	0.03590610684400657	0.9647308708569078	1.5029491461770776
MSH2-G	0.03590610684400657	0.9647308708569078	1.3343941017460035
ELL-G	0.03590610684400657	0.9647308708569078	1.5352706331916384
POLR2E-G	-0.03590610684400657	0.9647308708569078	1.518937966881089
MCM3-G	0.03590610684400657	0.9647308708569078	1.442223928149721
XRCC5-G	0.03590610684400657	0.9647308708569078	1.4278016888682237
CLK2-G	-0.03590610684400657	0.9647308708569078	1.3862152319108967
MCM2-G	0.03590610684400657	0.9647308708569078	1.3598111322554511
MCM4-G	0.035482008050485125	0.9651400988257214	1.3104654552863007
FEN1-G	0.03459418306705721	0.9659973548082964	1.2997055319238897
BABAM2-G	-0.0321631367311451	0.9683485959683239	1.2911314612910987
MSH6-G	0.0321631367311451	0.9683485959683239	1.2796035018152854
PARG-G	-0.027350299156245168	0.9730203336160714	1.2414397359929188
POLR2I-G	0.027350299156245168	0.9730203336160714	1.2308291399587912
YWHAE-G	-0.027350299156245168	0.9730203336160714	1.1901405733485833
TOP2B-G	0.027350299156245168	0.9730203336160714	1.1707886941071428
RAD9A-G	0.027350299156245168	0.9730203336160714	1.0511460538334203
PARP1-G	0.027350299156245168	0.9730203336160714	1.0360216501811408
POLR2J-G	-0.027350299156245168	0.9730203336160714	1.0141338688392858
POLE3-G	0.027350299156245168	0.9730203336160714	1.1803853227473653
ERCC1-G	0.027350299156245168	0.9730203336160714	1.1613468497998272
COPS5-G	-0.027350299156245168	0.9730203336160714	1.1520560750014286
RRM2B-G	0.027350299156245168	0.9730203336160714	1.1339134596470752
ORC1-G	-0.027350299156245168	0.9730203336160714	1.116333406009136
ERCC2-G	-0.027350299156245168	0.9730203336160714	1.0909621922362014
ERCC4-G	-0.027350299156245168	0.9730203336160714	1.0667185879642858
RFC3-G	0.027350299156245168	0.9730203336160714	1.043529053443323
ERCC5-G	-0.027350299156245168	0.9730203336160714	1.2743983130546777
ATM-G	0.027350299156245168	0.9730203336160714	1.2632193804840226
POLR2C-G	-0.027350299156245168	0.9730203336160714	1.107746225962912
EYA3-G	0.027350299156245168	0.9730203336160714	1.074679174441631
ACTL6A-G	-0.027350299156245168	0.9730203336160714	1.0588750689351365
BRCA2-G	0.027350299156245168	0.9730203336160714	1.0070420236026474
CDK2-G	0.027350299156245168	0.9730203336160714	1.2522348641319876
PMS2-G	-0.027350299156245168	0.9730203336160714	1.2203983845354116
RUVBL2-G	0.027350299156245168	0.9730203336160714	1.2101429359258704
RCHY1-G	0.027350299156245168	0.9730203336160714	1.2000584114598214
TOP1-G	0.027350299156245168	0.9730203336160714	1.1429127728188775
RUVBL1-G	0.027350299156245168	0.9730203336160714	1.1250547607435826
TOPBP1-G	-0.027350299156245168	0.9730203336160714	1.0992901479021264
SUMO1-G	0.027350299156245168	0.9730203336160714	1.082759468986305
MPG-G	-0.027350299156245168	0.9730203336160714	1.0286214955369897
MDC1-G	0.027350299156245168	0.9730203336160714	1.02132630762538
POLR2K-G	0.024711839024153165	0.9755909987815073	0.9957756401356076
MEN1-G	-0.024711839024153165	0.9755909987815073	1.0026907487476604
POLR2F-G	0.020533215502163776	0.9796761554986256	0.9930963768068259
POLR2A-G	-0.013560661044891835	0.9865308705091732	0.9932419648663784
POLR2D-G	-0.013560661044891835	0.9865308705091732	0.9865308705091731

Data type: org.panda.causalpath.data.RNAData
Row ID	Change amount	P-value	Q-value
RBBP8-R	-0.8375525373511978	0.4327684128546254	26.254617046513943
XPA-R	-0.8375525373511978	0.4327684128546254	78.76385113954183
KDM4B-R	-0.8375525373511978	0.4327684128546254	39.381925569770914
GADD45G-R	-0.6449156501755164	0.524706799166444	23.874159362073204
PTEN-R	-0.62461281250113	0.5354687151795523	19.491061232535706
RAD51D-R	-0.62461281250113	0.5354687151795523	16.242551027113088
APBB1-R	-0.5961732754399849	0.5509158105409446	12.533334689806491
CDK6-R	0.5961732754399849	0.5509158105409446	14.323811074064562
SMUG1-R	-0.42694820397751865	0.6524973481199587	13.194946373092499
MDM2-R	-0.42694820397751865	0.6524973481199587	11.87545173578325
ERCC4-R	-0.3979488596350064	0.671696377581583	8.149916047989873
NEIL1-R	-0.3979488596350064	0.671696377581583	8.73205290856058
POLK-R	-0.3979488596350064	0.671696377581583	11.113521883622555
TERF2-R	0.3979488596350064	0.671696377581583	10.187395059987342
PMS2-R	-0.3979488596350064	0.671696377581583	9.403749286142162
RFC3-R	0.35755821609053007	0.6993819824727571	7.9554700506276115
CCNA2-R	0.1752591237677859	0.8392395256833813	8.984799627904435
EXO1-R	0.1752591237677859	0.8392395256833813	8.485644093020856
RNF111-R	-0.1752591237677859	0.8392395256833813	7.273409222589304
TOPBP1-R	-0.1752591237677859	0.8392395256833813	8.039031246019757
XPC-R	-0.1752591237677859	0.8392395256833813	7.6370796837187696
ATRX-R	-0.17310509608292546	0.8410492192212	6.9577708135572
VCP-R	0.1391162104474705	0.8701269047455928	6.88535202885643
YY1-R	-0.1391162104474705	0.8701269047455928	6.598462360987412
KPNA2-R	0.06766759374238383	0.9345710792256446	6.074712014966691
POLR2L-R	-0.06766759374238383	0.9345710792256446	6.541997554579513
MCM10-R	0.06766759374238383	0.9345710792256446	6.299701348854346
CDC45-R	0.06766759374238383	0.9345710792256446	6.803677456762694
DNTT-R	0.0654447283318577	0.9366508155819842	5.8782913253765905
RRM2-R	0.055125802744809806	0.946366085013329	5.556084757175028
TERF1-R	-0.055125802744809806	0.946366085013329	5.741287582414196
CHEK2-R	0.049216091428962966	0.9519753937472452	5.414360051937456
TOP2B-R	-0.045339170147126386	0.9556732910075669	4.969501113239348
PARG-R	-0.045339170147126386	0.9556732910075669	4.831459415649366
TTK-R	0.045339170147126386	0.9556732910075669	4.700879431442626
PLK4-R	0.045339170147126386	0.9556732910075669	4.459808691368646
TIMELESS-R	-0.045339170147126386	0.9556732910075669	4.34831347408443
CCNA1-R	0.045339170147126386	0.9556732910075669	3.8651675325194925
USP7-R	-0.045339170147126386	0.9556732910075669	3.7811421513777645
AEN-R	0.045339170147126386	0.9556732910075669	3.623594561737024
MCM7-R	0.045339170147126386	0.9556732910075669	3.54964365231382
POLG2-R	-0.045339170147126386	0.9556732910075669	3.220972943766244
MCM6-R	0.045339170147126386	0.9556732910075669	2.6353414994451088
PRKDC-R	0.045339170147126386	0.9556732910075669	2.484750556619674
YWHAG-R	0.045339170147126386	0.9556732910075669	2.3191005195116956
POLR2J-R	-0.045339170147126386	0.9556732910075669	2.2016777083971792
AURKB-R	0.045339170147126386	0.9556732910075669	2.1473152958441624
GMNN-R	0.045339170147126386	0.9556732910075669	2.121128523943624
BRCA2-R	0.045339170147126386	0.9556732910075669	4.57717207798361
MTOR-R	0.045339170147126386	0.9556732910075669	4.242257047887248
WRN-R	-0.045339170147126386	0.9556732910075669	4.141250927699456
PLK1-R	0.045339170147126386	0.9556732910075669	3.700692318369727
BRCA1-R	-0.045339170147126386	0.9556732910075669	3.4104419404583757
ERCC3-R	-0.045339170147126386	0.9556732910075669	3.051448051989073
ORC1-R	0.045339170147126386	0.9556732910075669	2.9480091349724944
KAT5-R	-0.045339170147126386	0.9556732910075669	2.8988756493896193
BLM-R	0.045339170147126386	0.9556732910075669	2.8053635316673735
POLD1-R	0.045339170147126386	0.9556732910075669	2.7608339517996376
DDB2-R	-0.045339170147126386	0.9556732910075669	2.7176959213027683
PLK2-R	0.045339170147126386	0.9556732910075669	2.59600804422951
RRM2B-R	-0.045339170147126386	0.9556732910075669	2.557831455343782
MNAT1-R	-0.045339170147126386	0.9556732910075669	2.3826375200462624
MSH6-R	0.045339170147126386	0.9556732910075669	2.288586038991805
PIAS1-R	-0.045339170147126386	0.9556732910075669	2.229904345684323
PLK3-R	0.045339170147126386	0.9556732910075669	2.174156737042215
ERCC5-R	0.045339170147126386	0.9556732910075669	5.2706829988902175
MRE11-R	-0.045339170147126386	0.9556732910075669	4.044942766590167
FANCA-R	0.045339170147126386	0.9556732910075669	3.344856518526484
POLA1-R	-0.045339170147126386	0.9556732910075669	2.8513530977602817
POLR2C-R	0.045339170147126386	0.9556732910075669	2.449754069906721
CDC6-R	0.045339170147126386	0.9556732910075669	5.115662910687564
ABL1-R	-0.045339170147126386	0.9556732910075669	3.953012249167663
GTF2H2-R	0.045339170147126386	0.9556732910075669	3.4786507792675434
DTL-R	-0.045339170147126386	0.9556732910075669	3.2817460181769276
CCNH-R	-0.045339170147126386	0.9556732910075669	3.1624097993341302
XRCC6-R	0.045339170147126386	0.9556732910075669	3.105938195774592
TP53BP1-R	-0.045339170147126386	0.9556732910075669	2.9988368786789166
UBE2B-R	-0.045339170147126386	0.9556732910075669	2.675885214821187
MPG-R	-0.045339170147126386	0.9556732910075669	2.520761434251843
TOP1-R	-0.045339170147126386	0.9556732910075669	2.415729707824683
DBF4-R	0.045339170147126386	0.9556732910075669	2.350439715721313
UNG-R	-0.045339170147126386	0.9556732910075669	2.2588641423815217
CDC25B-R	0.045339170147126386	0.9556732910075669	2.0955727585949058
PER1-R	0.045339170147126386	0.9556732910075669	2.070625463849728
POLR2I-R	0.04475505076463694	0.9562316813676114	2.0003927127460375
RRM1-R	-0.04475505076463694	0.9562316813676114	1.9776609773739233
GTF2H5-R	0.04475505076463694	0.9562316813676114	1.933712955654503
MCM8-R	-0.04475505076463694	0.9562316813676114	1.9124633627352225
POLR2H-R	-0.04475505076463694	0.9562316813676114	1.7579208687768209
FANCI-R	0.04475505076463694	0.9562316813676114	1.7231105545436165
XRCC1-R	-0.04475505076463694	0.9562316813676114	1.641831754800993
FEN1-R	0.04475505076463694	0.9562316813676114	1.626487532793507
GTF2H3-R	-0.04475505076463694	0.9562316813676114	1.540125362910666
MCM5-R	0.04475505076463694	0.9562316813676114	1.4624719832681115
GTF2H4-R	0.04475505076463694	0.9562316813676114	1.4502847167408772
PARP1-R	0.04475505076463694	0.9562316813676114	1.4382988926355806
ERCC1-R	-0.04475505076463694	0.9562316813676114	2.047460776575356
AURKA-R	0.04475505076463694	0.9562316813676114	1.9554400675157895
MGMT-R	-0.04475505076463694	0.9562316813676114	1.8514272979670772
MLH1-R	-0.04475505076463694	0.9562316813676114	1.8128558959260965
ERCC2-R	0.04475505076463694	0.9562316813676114	1.775858836825564
SOD1-R	-0.04475505076463694	0.9562316813676114	1.7403416600890527
POLE3-R	-0.04475505076463694	0.9562316813676114	1.5966437248523417
RECQL4-R	-0.04475505076463694	0.9562316813676114	1.5678753694495968
DDX11-R	0.04475505076463694	0.9562316813676114	1.5266154913061865
CDK7-R	-0.04475505076463694	0.9562316813676114	1.500294534559528
ATM-R	-0.04475505076463694	0.9562316813676114	2.0236530931268053
POLR2A-R	-0.04475505076463694	0.9562316813676114	1.8713351183753253
RAD51-R	0.04475505076463694	0.9562316813676114	1.7062173138127967
TP53-R	0.04475505076463694	0.9562316813676114	1.611427463045419
CDK4-R	0.04475505076463694	0.9562316813676114	1.5538764822223683
MSH2-R	0.04475505076463694	0.9562316813676114	1.4748658136347903
ACTL6A-R	0.04475505076463694	0.9562316813676114	1.426509557450043
ELL-R	0.04475505076463694	0.9562316813676114	1.4149119187715875
POLR2E-R	-0.04475505076463694	0.9562316813676114	1.8916757174881007
SMARCC1-R	-0.04475505076463694	0.9562316813676114	1.8319385895674238
OGG1-R	-0.04475505076463694	0.9562316813676114	1.7941666598856212
CDK1-R	0.04475505076463694	0.9562316813676114	1.6896520971738376
POLR2D-R	0.04475505076463694	0.9562316813676114	1.6734054423933198
PCNA-R	0.04475505076463694	0.9562316813676114	1.6574682477038596
CLK2-R	-0.04475505076463694	0.9562316813676114	1.5821287818991387
CDC25A-R	0.04475505076463694	0.9562316813676114	1.5133405739904806
NFRKB-R	-0.04475505076463694	0.9562316813676114	1.4874715043496176
CHEK1-R	0.03908356850116184	0.961670340439305	1.4114838867738186
PIAS3-R	-0.03908356850116184	0.961670340439305	1.4001920156796281
TOP3A-R	-0.03908356850116184	0.961670340439305	1.3781417477161695
EYA3-R	0.03908356850116184	0.961670340439305	1.367375015312137
TDG-R	0.03908356850116184	0.961670340439305	1.3890793806345518
YWHAE-R	-0.021815372002880345	0.9784208622604162	1.3697892071645827
UBE2I-R	-0.021815372002880345	0.9784208622604162	1.3804077281503548
PCLAF-R	0.021815372002880345	0.9784208622604162	1.359332801003021
BARD1-R	-0.021815372002880345	0.9784208622604162	1.3490348252378468
NBN-R	-0.01798564511540512	0.9821751312677677	1.2768276706480979
UBA7-R	-0.01798564511540512	0.9821751312677677	1.1683390450374753
RAD9A-R	0.01798564511540512	0.9821751312677677	1.138572445163909
PIAS4-R	-0.01798564511540512	0.9821751312677677	1.3440291269979978
BABAM2-R	-0.01798564511540512	0.9821751312677677	1.3339990588860724
POLB-R	0.01798564511540512	0.9821751312677677	1.2677721552534307
RFC2-R	0.01798564511540512	0.9821751312677677	1.2160263529981885
COPS5-R	0.01798564511540512	0.9821751312677677	1.1997038516156624
HLTF-R	-0.01798564511540512	0.9821751312677677	1.1917058259382247
TYMS-R	-0.01798564511540512	0.9821751312677677	1.18381373437572
SMARCA4-R	-0.01798564511540512	0.9821751312677677	1.1607524278619072
TERT-R	-0.01798564511540512	0.9821751312677677	1.2953324194980704
DHFR-R	-0.01798564511540512	0.9821751312677677	1.2860134812283002
GADD45A-R	0.01798564511540512	0.9821751312677677	1.250041076158977
CDKN2D-R	-0.01798564511540512	0.9821751312677677	1.2078099587211737
HRAS-R	-0.01798564511540512	0.9821751312677677	1.1242507791870044
MEN1-R	-0.01798564511540512	0.9821751312677677	1.3241175843758053
MCM4-R	-0.01798564511540512	0.9821751312677677	1.3143814256671595
CDC25C-R	0.01798564511540512	0.9821751312677677	1.30478740066229
RUVBL2-R	0.01798564511540512	0.9821751312677677	1.2588441823291106
RCHY1-R	0.01798564511540512	0.9821751312677677	1.2413602353523174
SUMO2-R	0.01798564511540512	0.9821751312677677	1.232799130280922
TFPT-R	-0.01798564511540512	0.9821751312677677	1.2243553006214638
SUMO1-R	0.01798564511540512	0.9821751312677677	1.1760254861232482
APEX1-R	0.01798564511540512	0.9821751312677677	1.1532637025208627
SOX4-R	0.01798564511540512	0.9821751312677677	1.1458709864790622
POLR2F-R	-0.01798564511540512	0.9821751312677677	1.1313662904476818
TOP2A-R	0.014017097250114673	0.9860806848506354	1.1146999046137618
POLR2G-R	0.014017097250114673	0.9860806848506354	1.1216667790175978
POLR2K-R	-0.009442907137013498	0.9906015371062835	1.1060704279346234
POLE2-R	-0.009442907137013498	0.9906015371062835	1.092663513656628
CDC7-R	-0.009442907137013498	0.9906015371062835	1.0860812033333953
RUVBL1-R	0.009442907137013498	0.9906015371062835	1.1128980231687877
MCM2-R	-0.009442907137013498	0.9906015371062835	1.0993260960569733
MDC1-R	-0.009442907137013498	0.9906015371062835	1.0795777230739139
EP300-R	-0.00412382395165275	0.99588466733414	1.0788750562786518
SIRT6-R	-0.0028910394257518424	0.9971131356043674	1.048986073294768
CDA-R	-0.0028910394257518424	0.9971131356043674	1.0738141460354726
POLR2B-R	0.0028910394257518424	0.9971131356043674	1.036997661028542
CDT1-R	0.0028910394257518424	0.9971131356043674	1.0311056288636071
ATR-R	-0.0028910394257518424	0.9971131356043674	1.0674975922352639
TCEA1-R	0.0028910394257518424	0.9971131356043674	1.06125491625728
WEE1-R	0.0028910394257518424	0.9971131356043674	1.0550848295348538
MAPK8-R	-0.0028910394257518424	0.9971131356043674	1.0429574177011198
FANCD2-R	0.0016626745846298938	0.998338706893002	1.0094313591918131
GTF2H1-R	0.0016626745846298938	0.998338706893002	1.02654036527981
CDK2-R	-0.0016626745846298938	0.998338706893002	1.0207732845759907
XRCC5-R	0.0016626745846298938	0.998338706893002	1.0150706405280803
MCM3-R	-4.701475803938736E-5	0.999952986347137	1.0054775884816516
FANCC-R	-3.725450519254146E-5	0.9999627461887479	0.9999627461887479