

Data type: org.panda.causalpath.data.SiteModProteinData
Row ID	Change amount	P-value	Q-value
TTK-P-S821	4.103704272372951	0.016511399259951615	10.005907951530679
MDC1-P-S376	3.6779399703349593	0.025274988468047377	7.658321505818355
DBF4-P-S508	3.6779399703349593	0.025274988468047377	5.10554767054557
CDK1-P-T14-Y15	3.6779399703349593	0.025274988468047377	3.8291607529091776
MCM3-P-T713	3.6779399703349593	0.025274988468047377	3.063328602327342
WRN-P-S1133	3.6779399703349593	0.025274988468047377	2.552773835272785
MCM6-P-S762	3.6779399703349593	0.025274988468047377	2.1880918588052443
MDC1-P-S372	3.5436306393891805	0.028908181143074127	2.189794721587865
CDK1-P-Y19	3.5436306393891805	0.028908181143074127	1.946484196966991
MDC1-P-S793	3.5436306393891805	0.028908181143074127	1.751835777270292
XRCC1-P-T257-S266	3.5436306393891805	0.028908181143074127	1.592577979336629
XRCC6-P-S520	3.5436306393891805	0.028908181143074127	1.4598631477252433
TP53BP1-P-T1609	3.34171126718113	0.035376367476685586	1.6490829762208818
MDC1-P-S495	3.0045673397147197	0.049560192417394476	2.145248328924361
XPC-P-S397-S398-S399	-2.999354511279544	0.049819215733184624	2.012696315620659
VCP-P-S284	-2.999354511279544	0.049819215733184624	1.8869027958943676
CDC25C-P-S216	2.999354511279544	0.049819215733184624	1.7759085137829342
CDC6-P-S54	2.954142086145079	0.05212335875126994	1.7548197446260878
TP53BP1-P-S1618	2.78623954924287	0.06165262018862633	1.9663940965425029
UNG-P-S23	2.78623954924287	0.06165262018862633	1.8680743917153777
PTEN-P-S294	-2.7807131456931504	0.06199428065493536	1.7889778131852776
DTL-P-S557	2.773836624974013	0.062422054723287566	1.719443871014194
TP53BP1-P-S1426-S1430	2.773836624974013	0.062422054723287566	1.644685441839664
MSH6-P-S137	2.6817229003825807	0.06844512837228255	1.7282394914001342
MSH6-P-S830	2.655187467183282	0.07028566117516796	1.7037244268860716
BRCA2-P-S93	2.655187467183282	0.07028566117516796	1.6381965643135303
MCM4-P-S120	2.655187467183282	0.07028566117516796	1.5775226174871033
SMARCC1-P-T398	2.628241738677662	0.07220530649108745	1.562729133342821
XRCC6-P-T455	2.555501623723187	0.07765326957366261	1.622685564194467
CDK1-P-Y15	2.5445904507741925	0.0785051971404695	1.5858049822374838
MCM2-P-S170	2.5445904507741925	0.0785051971404695	1.5346499828104683
RRM2-P-S20	2.514729094288241	0.08088482139901858	1.5317563052439143
TTK-P-T33	2.514729094288241	0.08088482139901858	1.4853394475092503
PARP1-P-S782	2.514729094288241	0.08088482139901858	1.441652993170743
MCM4-P-S131	2.514729094288241	0.08088482139901858	1.4004629076515787
CHEK1-P-S280	2.514729094288241	0.08088482139901858	1.3615611602168127
MDC1-P-T1800	2.4484183508118424	0.08643018067395761	1.415586202389684
MCM3-P-S160	2.434886506471383	0.08760768938965405	1.3971120992139567
CHEK2-P-S163	2.423019538484207	0.08865352018211348	1.377539313598994
MDC1-P-S329	2.419503291327702	0.0889657965690983	1.3478318180218392
TERF2-P-S365	2.3907411955286593	0.09156179352864197	1.3533279726428544
MCM3-P-S672	2.3756402484050656	0.09295495589238807	1.341207220733028
MCM2-P-S40-S41	2.302896728935931	0.09996884126115511	1.3462470623168887
TP53BP1-P-S1758-S1759	2.302896728935931	0.09996884126115511	1.4088632047502325
MSH6-P-S309	2.302896728935931	0.09996884126115511	1.3768435864604545
XRCC1-P-S475-S485-T488	-2.2865429514988067	0.10161715074905402	1.3386955076940594
CDK1-P-T14	2.2789694605042556	0.10238966896252061	1.3201731785380315
MSH6-P-S227	2.2545817934870533	0.10491741170760949	1.3245823228085698
MDC1-P-T548	2.241974547517191	0.1062485043994459	1.3140121156339635
MCM3-P-S711-T713	2.2153909133051686	0.10911085302640133	1.322423538679984
SMARCA4-P-S1663	2.1923264486432337	0.11165668268167213	1.3267441118645749
XPC-P-S398-S399	-2.1605343471462053	0.11526351385002846	1.343263257559947
FEN1-P-S335	2.117154580362092	0.12037365523841034	1.3763478315938993
MDC1-P-T404	2.1070059804208228	0.12160149921919844	1.3646390467932268
PLK1-P-T210	2.083220782748553	0.1245284864093791	1.3720775048015224
RRM2-P-T33	2.077192050428099	0.12528150290692502	1.3557248350285103
CDT1-P-S318	1.8913526217846615	0.1508676039538111	1.603960842035255
ATRX-P-S1244-S1245	-1.8720976822210162	0.1538006982058418	1.6069521226334507
CDC25B-P-S321	1.8593196150390083	0.15577858372498568	1.6000308769040903
APBB1-P-S517	-1.8593196150390083	0.15577858372498568	1.5733636956223553
MDC1-P-S108	1.8433795003527216	0.15828160846729045	1.572436962806197
WEE1-P-T173	1.8433795003527216	0.15828160846729045	1.5470750763093226
ACTL6A-P-S233	1.8249022328853632	0.16123340668418903	1.550911816676485
XRCC6-P-S2	1.818199597531715	0.16231772525256158	1.5133006385084973
EXO1-P-S815	1.818199597531715	0.16231772525256158	1.5369459609851925
MCM6-P-S13	1.8165769880548923	0.1625813173274786	1.4927920954613945
MDC1-P-S1775	1.807775454158177	0.1640185981624289	1.4835114997974912
DBF4-P-S381	1.801015170505967	0.16513116681291257	1.4716101042444854
MSH6-P-S252	1.801015170505967	0.16513116681291257	1.4502824215742756
XRCC6-P-S477	1.7962662847815967	0.16591722081670623	1.4363690830703426
ORC1-P-S201	1.7962662847815967	0.16591722081670623	1.3773402166427942
TP53BP1-P-T591	1.7962662847815967	0.16591722081670623	1.416138532604563
KDM4B-P-T448	1.7962662847815967	0.16591722081670623	1.3964699418739441
TP53BP1-P-T548-S552	-1.7649149582776353	0.17120134512314672	1.4020002046571205
POLA1-P-S192	1.7591897655773694	0.1721843169812023	1.3912492812081145
EXO1-P-S746	1.7223084256935766	0.17865326375435203	1.4245247083570702
EXO1-P-S639	1.675029835642554	0.1873025911054334	1.474095717011593
CDK1-P-T161	1.6641919181800888	0.18934360130022915	1.4710541331787035
PARG-P-S133-S137	1.6641919181800888	0.18934360130022915	1.4524331947840363
RBBP8-P-S539	1.6539403611304637	0.19129465159563294	1.4490569858369196
CHEK2-P-S303	1.6434095357286755	0.19331978662830585	1.4463184036636214
USP7-P-S49-T54	-1.6407692925693755	0.1938308722708011	1.4324574219037252
POLR2A-P-S1882	1.5615096481880324	0.20981907899519375	1.531932070735993
WEE1-P-T190	1.527500469951713	0.21707758170649968	1.5660596965968905
POLR2A-P-S1917	1.5208417578912001	0.21852786195858473	1.557975109963557
XPC-P-S94	-1.5184054471981496	0.21906091280047182	1.543615269268441
MCM4-P-T19	1.4716499486520414	0.22954643273690153	1.5989096349260037
ATRX-P-S25-S26	-1.463522894981843	0.2314195701498068	1.5936393126225332
TOP2A-P-S1354	1.463522894981843	0.2314195701498068	1.575733252930145
ATRX-P-T674-S675-S677	-1.4389251498925264	0.23718255741969912	1.5970292199593075
TP53BP1-P-S598	-1.4277075797109646	0.23985814816024653	1.5972971185176856
ATRX-P-S729-S731	-1.4191126964072762	0.24192858579243912	1.5935730759806315
CDK7-P-T170	-1.3903893565873602	0.24897834439833882	1.6223750183375625
SMARCA4-P-S1449	1.3896364364190406	0.249165875804541	1.6063246886973601
DBF4-P-S359	1.3152285629570004	0.26841296696619105	1.7121921892790715
MSH6-P-S14	1.3152285629570004	0.26841296696619105	1.694356853974081
POLR2A-P-S1861	1.3152285629570004	0.26841296696619105	1.6768892575413585
MCM6-P-S271	1.3104396989989329	0.2697014428550386	1.6677456568383
FANCD2-P-S592	1.2910665355093183	0.2749773535292468	1.683194709482056
MRE11-P-S689	-1.2909802919268585	0.2750010695839745	1.6665064816788857
TP53BP1-P-T855	1.2909802919268585	0.2750010695839745	1.6500064175038471
SMARCC1-P-S310	1.2909802919268585	0.2750010695839745	1.6338298839989074
MCM3-P-T674	1.2909802919268585	0.2750010695839745	1.6179674579406655
TP53BP1-P-S1426	1.2909802919268585	0.2750010695839745	1.60241007853739
UNG-P-S14	1.2481577420487693	0.2870330990853413	1.6409628117520456
MDC1-P-S880	1.2481577420487693	0.2870330990853413	1.656591029006827
MCM7-P-S121	1.2342162671799446	0.2910627884604267	1.6484490636169962
ATM-P-S1981	1.2268381527614352	0.2932182247666312	1.6452800389683193
APBB1-P-T709	-1.2131265332263967	0.2972664116804882	1.652692160352072
MCM3-P-S711-T713-T722	1.2131265332263967	0.2972664116804882	1.6376676861670532
KPNA2-P-S490	1.2131265332263967	0.2972664116804882	1.6229139232286112
MDC1-P-S495-S498	1.2131265332263967	0.2972664116804882	1.5941897829944764
FANCD2-P-S1435	1.2131265332263967	0.2972664116804882	1.6084236203426414
MCM2-P-S381	1.2131265332263967	0.2972664116804882	1.580205662091016
MDC1-P-T1157	1.2036226260816367	0.3001050718691574	1.5814232482844295
XPC-P-S883-S884	-1.2036226260816367	0.3001050718691574	1.5543903722453796
MSH6-P-S41	1.2036226260816367	0.3001050718691574	1.5677902892474949
TOP2A-P-S1374-S1377	1.1937259809283598	0.30308985056030807	1.5565461816910735
TP53BP1-P-S1701	1.1937259809283598	0.30308985056030807	1.543465961676863
UNG-P-T60	1.1747131296278368	0.308907583411938	1.5599832962302869
MDC1-P-S376-T378	1.1737739565694907	0.3091978373698112	1.5485445408769059
SMARCA4-P-S1382	1.1497307468024858	0.31672203632034224	1.573225852542028
ATRX-P-S213	-1.1430263951022361	0.3188525862406607	1.570932254161304
XRCC1-P-S266	1.1380959928528802	0.32042853959859635	1.56596528223185
SMARCA4-P-S699	-1.1380959928528802	0.32042853959859635	1.5534375599739951
PRKDC-P-S2624	1.1270214102415177	0.32399687437032254	1.5460008336095707
MDC1-P-S1820	1.1270214102415177	0.32399687437032254	1.5582706814953609
NBN-P-S347	-1.1240905350210975	0.3249478617127759	1.5384250327964233
TP53BP1-P-S566	-1.1050865357452921	0.33118222190152713	1.555786251723453
NBN-P-S343	1.100117026062319	0.3328321313851569	1.5515097816877315
MDC1-P-S299-T301	1.0939343421301178	0.33489630173708795	1.5492149530738573
MRE11-P-S676	1.0909214799530726	0.33590681964902097	1.542117672025051
MDC1-P-T1239	1.0909214799530726	0.33590681964902097	1.5305228023105768
ATRX-P-S1011-S1012-S1013	-1.0909214799530726	0.33590681964902097	1.5191009903530353
MSH6-P-S91	1.0902607219616	0.3361288461092951	1.5088450425350581
ELL-P-T431	1.0649910878259334	0.3447309270555578	1.5360804543799118
RBBP8-P-S327	1.0618169019408974	0.3458269055979559	1.5297160933748999
TP53BP1-P-S1474	-1.0464457428743283	0.3511837308074561	1.542154643980568
EP300-P-T1724	1.040404160367766	0.35331185844827645	1.540338030357234
TOP2B-P-S1336	1.040404160367766	0.35331185844827645	1.5293356158546825
MTOR-P-S2478-S2481	-1.0327089675999133	0.3560411490467173	1.5302194065412105
XRCC1-P-S461-S475	-1.0258119172003972	0.35850527061327375	1.5299591126172105
POLE3-P-S122	1.0083868443367676	0.3648069956342819	1.5459653101704536
KAT5-P-S90	1.0083868443367676	0.3648069956342819	1.5352294399609365
WRN-P-S478	1.0083868443367676	0.3648069956342819	1.5246416507198266
TP53BP1-P-S1701-S1705	1.0083868443367676	0.3648069956342819	1.514198899687499
POLR2A-P-S1861-S1868	0.9858415632343185	0.37312508641611525	1.5277959619470665
MSH6-P-S65	0.9858415632343185	0.37312508641611525	1.5381891317562302
MDC1-P-S453-T455	0.9858415632343185	0.37312508641611525	1.5175422977729252
MDC1-P-S402-T404	0.9858415632343185	0.37312508641611525	1.5074253491211056
DTL-P-S512	0.9791847396229052	0.3756171998784422	1.5074438617638146
DTL-P-S679	0.9579669230687894	0.3836721285303339	1.5296401966406734
NFRKB-P-S240	0.9579669230687894	0.3836721285303339	1.5196425482966167
XRCC1-P-S241	0.9578070022635887	0.3837334905924659	1.510016203240483
FANCD2-P-S1412	0.9381002926621455	0.39137061923632815	1.5106407341223878
TOP2B-P-S1476	0.9381002926621455	0.39137061923632815	1.5010797168178156
PTEN-P-S385	-0.9381002926621455	0.39137061923632815	1.5301328726271928
ATM-P-S1891	0.9381002926621455	0.39137061923632815	1.5203243285718901
UNG-P-S12	-0.9310346057626141	0.39414571392332176	1.4928268914845813
MLH1-P-S388	0.9310346057626141	0.39414571392332176	1.5022157398586982
TP53BP1-P-S1631	-0.9299427114489547	0.39457631442944857	1.4851754443741978
KAT5-P-S136	0.9299427114489547	0.39457631442944857	1.4760076947175669
KAT5-P-S138	0.9299427114489547	0.39457631442944857	1.4669524327867842
TTK-P-S281	0.9299427114489547	0.39457631442944857	1.4580076008795477
PRKDC-P-S3205	0.9299427114489547	0.39457631442944857	1.4491711911772476
EP300-P-S2328	0.9291526238355945	0.3948881874752962	1.4076602447648794
SMARCC1-P-S328-S330	0.9291526238355945	0.3948881874752962	1.4415797687351173
CDC25C-P-S173	0.9291526238355945	0.3948881874752962	1.4329475545510748
SMARCA4-P-S1453	-0.9291526238355945	0.3948881874752962	1.424418104821604
POLR2E-P-Y26-T36	-0.9291526238355945	0.3948881874752962	1.4159895953256183
MCM2-P-S27	0.9231424791924072	0.39726866895330076	1.407864405764329
KAT5-P-S155	-0.9194835616438547	0.39872490475635713	1.404809838850886
XPC-P-S122-S129	-0.9117466516631222	0.4018217680797979	1.4075375228691187
PARG-P-S316	-0.9077662721244193	0.40342435856698444	1.3970009216662433
TP53BP1-P-S63	-0.9077662721244193	0.40342435856698444	1.4050296625953596
TOP2A-P-S1525	0.8932823279023738	0.4093100556345902	1.4093289415600094
TOP2B-P-S1466	0.8923417586421718	0.40969522119986174	1.4026853335995266
TOP2B-P-S1400-T1403-S1413	0.89142368619192	0.41007152380554196	1.396086199023362
CLK2-P-S75	0.8877401151321832	0.4115848368900554	1.3934101181864447
TOP2B-P-S1424	0.8770396330277336	0.4160126406403927	1.4005758901559886
DBF4-P-T553	0.8733660269612766	0.4175437177660083	1.3979640495370222
DBF4-P-S413	-0.8733660269612766	0.4175437177660083	1.3902829283857199
MAPK8-P-S377	-0.8726990414924111	0.41782230625528344	1.3836082928453648
TOP2B-P-S1375	0.8726990414924111	0.41782230625528344	1.3760886825581617
PIAS1-P-S483-S485	-0.8713871559053395	0.4183708010193392	1.3704470563119977
MSH6-P-S200	0.8568194266273098	0.42451012300385316	1.3756852114456417
MSH6-P-S256-S261	0.8568194266273098	0.42451012300385316	1.3683677369166756
ATRX-P-S849-S850	-0.8568194266273098	0.42451012300385316	1.3830813684964247
RECQL4-P-S27	0.8529038846307972	0.426175568651798	1.3592757610683663
MPG-P-T67	0.8529038846307972	0.426175568651798	1.3664676963121143
ABL1-P-T781	-0.8496428423972522	0.42756761370530216	1.3565757796094928
RRM2B-P-S329	-0.8475438713678034	0.42846600826183723	1.3523458385764238
SIRT6-P-S303	0.8384987985982425	0.43235909456815447	1.3575627528927543
MDC1-P-S513	0.8336773118082493	0.4344487417862558	1.357092461456036
PRKDC-P-S511	0.8270239162505328	0.4373489384941197	1.359145931935572
TOPBP1-P-S888	0.816447438334396	0.44199909768887996	1.366589046936027
TTK-P-S436	0.8058123855549122	0.4467248662784753	1.3741891825622135
TOP2A-P-S1213	0.8031778581116348	0.4479033268600367	1.3708556367534457
RECQL4-P-S323	0.8031778581116348	0.4479033268600367	1.3639669149607148
TOP2B-P-S1522-S1524	0.8031778581116348	0.4479033268600367	1.3571470803859111
TFPT-P-S145	0.8019443459493484	0.4484561619555568	1.3520618614182458
TTK-P-S321	0.7994488711733984	0.44957667051477185	1.3487300115443157
PARG-P-S291	0.7925482230304213	0.452689769779082	1.3316990314860375
KAT5-P-S180-S183	-0.7925482230304213	0.452689769779082	1.3513793127395257
MCM2-P-S139	0.7925482230304213	0.452689769779082	1.3447549043437437
MDC1-P-T1287-T1302	0.7925482230304213	0.452689769779082	1.3381951243225547
WEE1-P-S150	0.782670692889598	0.45718338298936645	1.338420918316696
POLA1-P-S215	0.7767329280670782	0.45990610584271785	1.3399187506763799
SUMO2-P-S28	0.7724329559807578	0.46188794713764714	1.3392540476814074
MTOR-P-S2478	-0.7712894813414402	0.46241640637369114	1.3344016298212231
MEN1-P-S492	0.7702236350905811	0.46290953391914913	1.3294937324881726
TOP2B-P-S1522	0.7698535640465869	0.46308087503587897	1.3237123126025598
TOP2B-P-S1236	0.7658066239694463	0.4649587328140508	1.322840338428708
PMS2-P-S445	0.7543328266200202	0.4703242979298987	1.331852918437003
TFPT-P-T207	-0.7543328266200202	0.4703242979298987	1.3256582537000867
PRKDC-P-S4026	0.7542438682708439	0.4703661390640516	1.319638334596367
WEE1-P-S165	-0.7542438682708439	0.4703661390640516	1.3135570519484574
MRE11-P-S649	-0.7429544123133138	0.475706404501903	1.3223765189364824
DDB2-P-S24	-0.7429544123133138	0.475706404501903	1.3163382699915671
SUMO2-P-T38	0.7429544123133138	0.475706404501903	1.3103549142188782
BLM-P-S28	0.7429544123133138	0.475706404501903	1.3044257064622315
ATRX-P-S1073-S1076	-0.7429544123133138	0.475706404501903	1.298549914991681
PCLAF-P-S72	0.7323222895493309	0.4807911563479718	1.3065445773402282
MSH6-P-S252-S254-S256	0.7281794485853526	0.48278712929008116	1.306111608704416
PRKDC-P-S2612	0.7281794485853526	0.48278712929008116	1.2945530988928724
ATRX-P-S1061	-0.7281794485853526	0.48278712929008116	1.3003066682212852
XPC-P-S884	0.7246575518403093	0.484490453414487	1.293397421890657
SMARCA4-P-S1484	0.7246575518403093	0.484490453414487	1.2877246261806103
BRCA1-P-S114	-0.7246575518403093	0.484490453414487	1.2821013745379002
SIRT6-P-T294	0.7184366167791697	0.48751383143167953	1.284492964554773
RBBP8-P-S163	0.7133641312335984	0.4899930208051982	1.2798955629653022
TP53BP1-P-S1216-S1219	-0.7133641312335984	0.4899930208051982	1.2854362363980523
ATRX-P-S675-S677	-0.7034006169022828	0.49489947546666263	1.2871634426300325
MSH6-P-S261	0.6893385597145468	0.5019079414291308	1.2942817553449073
TP53BP1-P-S1114	-0.6893385597145468	0.5019079414291308	1.2998128739574926
SUMO1-P-S2	0.6893385597145468	0.5019079414291308	1.2887975106188696
SMARCC1-P-S328-S330-T335	0.6830349156038421	0.5050817833435597	1.2914749396885956
TOPBP1-P-T822	-0.6830349156038421	0.5050817833435597	1.2860485743957866
ATRX-P-T662	0.6830349156038421	0.5050817833435597	1.2700396709800712
TP53BP1-P-S635	-0.6830349156038421	0.5050817833435597	1.2806676180175613
SMARCA4-P-T1455	0.6830349156038421	0.5050817833435597	1.2753315029424883
MDC1-P-S168	0.6705858825723608	0.5114088644556717	1.2806354209096573
SMARCA4-P-S695	0.6705858825723608	0.5114088644556717	1.2753653162968603
TCEA1-P-S57	0.6647196497503586	0.5144177246303858	1.272396494391893
TCEA1-P-S81	0.6647196497503586	0.5144177246303858	1.2672241509187552
TP53BP1-P-S287	-0.6647196497503586	0.5144177246303858	1.2776112341230073
USP7-P-S49	-0.6647196497503586	0.5144177246303858	1.2620936887692866
ATRX-P-S60	-0.6607556936634309	0.5164609007560186	1.2619972010409162
TP53BP1-P-S727	-0.6607556936634309	0.5164609007560186	1.2569289391893463
MDC1-P-S1814	0.6588862951016669	0.5174272750089902	1.2542437146217924
PARP1-P-T368	0.6537261911737267	0.5201041540705718	1.255709630943293
MDC1-P-S1086	0.6537261911737267	0.5201041540705718	1.2507266562173274
TP53BP1-P-S1635	-0.6525140937051287	0.5207349532169224	1.2472939986144467
TOP2A-P-S4	0.6470411302297314	0.5235927297161187	1.2492015519998738
BRCA1-P-S1239	-0.6466111378060734	0.5238179190343597	1.2448378781757725
TOP2B-P-S1441	0.6466111378060734	0.5238179190343597	1.2351504238709028
CDC25C-P-T48	-0.6466111378060734	0.5238179190343597	1.2399752302141485
NFRKB-P-S298	0.6390653402462747	0.5277854934404116	1.2396822055228272
ATRX-P-S962	-0.6375043059631431	0.5286100280857987	1.2368250077992047
DTL-P-S485	0.6340946698790808	0.530415472116398	1.236276061932835
ABL1-P-S919	-0.6231945885016223	0.5362286685270652	1.2450366786490479
TOP2A-P-S1374	0.6155021436870471	0.5403694840462067	1.2498622417251954
SMARCC1-P-S822	0.6114514546243799	0.5425627920103252	1.2501636956587723
POLA1-P-T225	0.6108427372687488	0.5428931599384862	1.2461865716769798
TIMELESS-P-S1149	0.5990542658385267	0.5493309115160436	1.2562057825612167
RAD9A-P-S387	-0.5964014180822919	0.5507901374884754	1.2501079525019327
MRE11-P-S688-S689	-0.5964014180822919	0.5507901374884754	1.254807606458707
TP53BP1-P-S1678	0.5962864559305635	0.5508534611476741	1.2455865576697407
PARG-P-S137	0.5934615215887236	0.5524117860538442	1.244466700180779
TP53BP1-P-S809	0.5901729379936735	0.5542314287748541	1.243941651250228
POLR2F-P-S2	-0.5878622662578273	0.5555135563900012	1.2376515263688999
TP53BP1-P-S862	-0.5878622662578273	0.5555135563900012	1.2422185061709992
MDC1-P-S882	0.5848492869227488	0.5571898312784517	1.236838966134585
TOP2A-P-S1106	0.5840329127751035	0.5576448923768228	1.2333314043078636
ORC1-P-T230	0.577097272612283	0.5615259599755351	1.2373990245279065
NBN-P-S615	0.5724519313658389	0.564140507709923	1.2386563321457005
TOP2A-P-S1247	0.569819252693367	0.5656276651377129	1.2374381410594006
TOP2B-P-S1550-S1552	-0.5521593192863303	0.5757053356204097	1.254954796352404
BRCA1-P-S1460	0.5516845997380455	0.5759786990776353	1.2510505076740035
CLK2-P-S50	0.5473189574781918	0.5784987127638509	1.2520364997674773
MSH6-P-S219-S227	0.5473189574781918	0.5784987127638509	1.2475808538608315
DTL-P-T429	0.5402251268787828	0.5826170748451645	1.252006905518332
MTOR-P-S2481	-0.5402251268787828	0.5826170748451645	1.2431899554794705
XRCC6-P-S6	0.5402251268787828	0.5826170748451645	1.2388278854602444
MCM3-P-T722	0.5402251268787828	0.5826170748451645	1.247582852848656
MDC1-P-S299-T301-S307	0.5351014807789849	0.5856098589846136	1.2408376732331323
ATRX-P-S316	0.5351014807789849	0.5856098589846136	1.2365141970197764
POLR2A-P-S1910	0.5270899424802	0.590320338697275	1.2421323793421828
PARG-P-S302	-0.5270899424802	0.590320338697275	1.2335659491398228
PER1-P-S830	-0.5270899424802	0.590320338697275	1.2251168672963995
MDC1-P-T1526	0.5270899424802	0.590320338697275	1.2167827389474444
MDC1-P-T1287	0.5270899424802	0.590320338697275	1.2378343434275039
PTEN-P-S370	-0.5270899424802	0.590320338697275	1.229326890895356
TOP2B-P-S1340	0.5270899424802	0.590320338697275	1.220935581059893
UBA7-P-S24	0.5270899424802	0.590320338697275	1.212658051696775
TP53BP1-P-S1430	0.5265093079110744	0.5906631986213101	1.2092631701503849
ATRX-P-S875-S876	-0.502071004392792	0.6052758318774875	1.235007252921742
DDX11-P-S204	0.4874457633348339	0.6141931871106305	1.248996883855846
EP300-P-S2315	-0.48289852214049916	0.6169924312680894	1.2421840975031966
TP53BP1-P-T548	-0.48289852214049916	0.6169924312680894	1.250493021232315
MNAT1-P-T51	0.48289852214049916	0.6169924312680894	1.2463247111615405
TP53BP1-P-S1101	-0.4823851067012316	0.6173092860403196	1.2387067130477938
ATRX-P-S598	-0.47376768336657976	0.622651888156859	1.245303776313718
TP53BP1-P-S640	0.46960247715243764	0.6252507703534744	1.2463880487967287
TP53BP1-P-S500	-0.46925014419981104	0.6254711056169328	1.2346432899148574
TP53BP1-P-S993	-0.46925014419981104	0.6254711056169328	1.2306347078047444
MDC1-P-S780	0.46925014419981104	0.6254711056169328	1.2226951290447137
TP53BP1-P-S784-S786	-0.46925014419981104	0.6254711056169328	1.2148573397559654
MDC1-P-S299	0.46925014419981104	0.6254711056169328	1.2427393114880696
POLR2A-P-T1877	-0.46925014419981104	0.6254711056169328	1.2386780719080432
TP53BP1-P-S630	-0.46925014419981104	0.6254711056169328	1.226652071209907
TP53BP1-P-S566-S580	-0.46925014419981104	0.6254711056169328	1.21876363345293
VCP-P-S352	-0.46925014419981104	0.6254711056169328	1.2109760064021127
ABL1-P-Y185	-0.46925014419981104	0.6254711056169328	1.2071193949167556
TOP2B-P-S1449	0.45816540503007747	0.6324428583254363	1.2090232559785945
SMARCA4-P-S1454-T1455	0.45816540503007747	0.6324428583254363	1.2014431728690107
PRKDC-P-S893	0.45816540503007747	0.6324428583254363	1.216699594111792
TFPT-P-S249-S252	0.45816540503007747	0.6324428583254363	1.212849278940552
SMARCA4-P-S1602-S1607	0.45816540503007747	0.6324428583254363	1.2052212960541335
ATRX-P-S729	-0.44630375913761866	0.6399893399228926	1.211979812478978
DDB2-P-S26	-0.44630375913761866	0.6399893399228926	1.208204174433872
TP53BP1-P-S1028	0.44630375913761866	0.6399893399228926	1.2007230340349009
TP53BP1-P-S1002	-0.44630375913761866	0.6399893399228926	1.1933339692100706
NBN-P-S397	-0.44630375913761866	0.6399893399228926	1.2044519875567483
SIRT6-P-T294-S303	-0.44630375913761866	0.6399893399228926	1.1970170987446695
MEN1-P-S548	0.44630375913761866	0.6399893399228926	1.189673435562187
MCM2-P-S41	0.4430435091865797	0.6420792701332794	1.1899083721736003
KAT5-P-S86-S90	-0.4390095967705268	0.6446745928059829	1.191075619635444
TP53BP1-P-S1460	0.43610631881579714	0.6465489819589986	1.1909078512679427
MCM4-P-S26	0.4272988845279162	0.6522685701071314	1.1978022832876412
ATRX-P-S84	0.426106784530519	0.6530466031222973	1.1956079803387074
TP53BP1-P-S1094-S1101	-0.426106784530519	0.6530466031222973	1.1920067514822656
TP53BP1-P-T321	0.4246082090355784	0.6540259764079098	1.190209434544124
ATRX-P-S703	-0.42379636718416025	0.6545571576558817	1.187609693231929
NFRKB-P-S494	-0.4228580180175767	0.655171649077918	1.1851761771379652
SIRT6-P-S326-S330	-0.42103185252889763	0.6563691940574757	1.1768039396415098
ATRX-P-S819	0.42103185252889763	0.6563691940574757	1.1838087249965188
KDM4B-P-S566	-0.42103185252889763	0.6563691940574757	1.1802959394624044
PIAS1-P-S488	0.42002782800076216	0.6570285357700596	1.1745111878367436
MCM4-P-T23	0.41987071726525166	0.6571317701159655	1.1712407432066914
TP53BP1-P-S999-S1002	0.4108846981878325	0.6630633796025962	1.1783472376515347
SMARCC1-P-S350	0.39848686160643293	0.6713351007987689	1.1895586873802748
POLR2A-P-T1870	0.394424123694557	0.6740681073498084	1.1909191634226934
TP53BP1-P-S659-S660-S662	-0.394424123694557	0.6740681073498084	1.1874571891104182
MDC1-P-T1343	0.39405230850411094	0.6743187827110819	1.1810323188523573
TOP2B-P-S1473	-0.39405230850411094	0.6743187827110819	1.1776287675011978
CLK2-P-S142	0.39405230850411094	0.6743187827110819	1.1742447767899875
TP53BP1-P-T593	-0.39405230850411094	0.6743187827110819	1.1844556009359875
TP53BP1-P-S500-S507	0.39405230850411094	0.6743187827110819	1.1708801785756895
EXO1-P-S610	0.39405230850411094	0.6743187827110819	1.1675348066369018
USP7-P-S963	-0.3937108446164236	0.6745490775406133	1.1646060996855032
PARG-P-S286-S291	-0.3928584802072902	0.6751242842745715	1.1622878303136088
TP53BP1-P-S639-S640	-0.38662394764493974	0.6793465167551644	1.1662435953360613
TP53BP1-P-T1372	-0.37962301235680235	0.6841192651144792	1.1711194199417356
MCM4-P-S326	0.37962301235680235	0.6841192651144792	1.1678204919982378
KDM4B-P-S622	-0.3781831661697179	0.6851050011136764	1.1662180636935053
BARD1-P-T299	0.3738326959247864	0.68809202279898	1.1680217529865038
MCM3-P-S711-T722	0.3696561927197292	0.6909718509572287	1.1696339153074877
NBN-P-S432	0.3686988490148153	0.6916336652503425	1.1674930393919432
TOP2B-P-S1613	-0.36349752486424314	0.695240448028523	1.170321420848014
MDC1-P-T1280	0.36082214486016595	0.6971029707883369	1.1702060950075683
SMARCC1-P-S330	-0.35478649340522544	0.7013231643454345	1.1740382253959485
EP300-P-T887	-0.34795288750320597	0.7061321430790627	1.1755936228184396
SIRT6-P-S326	-0.34795288750320597	0.7061321430790627	1.1788321727435593
ABL1-P-S718	-0.34773574997664075	0.7062854875138522	1.1726274121462863
MGMT-P-S201	0.3449278643987886	0.7082714432114601	1.1727117338419257
TOP2B-P-S1524	0.34387366514417433	0.7090184961410934	1.1707498873610425
XRCC5-P-S695	-0.33890253314386093	0.7125518958978848	1.1733870894405387
ATRX-P-S677	-0.33052685596897374	0.7185450639326328	1.1800496171901775
EP300-P-S2309	0.32645008205795206	0.72148038896598	1.1816678803064429
SOX4-P-S347-S348	0.32645008205795206	0.72148038896598	1.17848279168028
PARG-P-S261-S264	0.325810454016956	0.7219420156727459	1.1760668319830214
MCM3-P-S672-T674	0.3056199046114241	0.7366665698149142	1.1968363037743646
TP53BP1-P-S532	-0.3056199046114241	0.7366665698149142	1.1936362067054491
MDC1-P-S505	0.3056199046114241	0.7366665698149142	1.1904531768209012
ATRX-P-S889	-0.3038186065146389	0.7379947217447403	1.1894276632375336
SMARCA4-P-S1659-S1663	0.300271574347914	0.7406170607726853	1.1904879014011864
PIAS1-P-S510	-0.2979378696390294	0.7423474606307006	1.1901125956142977
FEN1-P-Y152-S157-S162	0.2971552975109231	0.7429286284359639	1.1879017119582957
TCEA1-P-S135	-0.2908926008412949	0.7475959648843228	1.1859768448164911
ATRX-P-S1527	-0.2908926008412949	0.7475959648843228	1.1922188282102621
RBBP8-P-S349	0.2908926008412949	0.7475959648843228	1.1890896449341197
CCNH-P-T315	-0.2908926008412949	0.7475959648843228	1.182880299529764
CLK2-P-S57	-0.2908926008412949	0.7475959648843228	1.179799882083072
TOP2A-P-S1351-S1354	0.2907805173798925	0.7476797627238857	1.1707853648854645
TOP2B-P-S1552	0.2907805173798925	0.7476797627238857	1.1768673667809733
XRCC1-P-T257	-0.2907805173798925	0.7476797627238857	1.1738184875924216
BRCA1-P-S1009	0.2896782762474178	0.7485043404705495	1.1690557482607036
APBB1-P-S205	0.28838280185958537	0.7494746370342836	1.164568282160964
ATR-P-S435	0.28838280185958537	0.7494746370342836	1.1675620309582928
ATRX-P-S849	-0.2881020259103308	0.7496851010321709	1.1619160389398864
TFPT-P-S252	0.28312610924482146	0.753424768039877	1.1647331873269529
DTL-P-S697	0.28253829508071954	0.7538677719793555	1.1624525949605329
TOP2B-P-S1550	0.28253829508071954	0.7538677719793555	1.1595022076636787
PARG-P-S197-T199	-0.28253829508071954	0.7538677719793555	1.1565667590366822
TOP2B-P-T1292	0.28251802766783984	0.7538830510835803	1.1536695175672973
TOP2B-P-S1342-S1344	0.2805413456957242	0.7553747119035729	1.1530404922256048
TP53BP1-P-S999	0.27618755979891046	0.7586706213067207	1.1551618002810873
MTOR-P-S1261	-0.27136203967729045	0.7623404489478919	1.1578403811088283
BARD1-P-S330	0.2700155922443633	0.7633675916300308	1.1565019013194966
EP300-P-S2326	-0.2666284394826459	0.7659576182078255	1.157531961680654
TP53BP1-P-S1462	-0.26520684279898726	0.7670472753606795	1.1562951464392333
ATRX-P-S1996	-0.2626375501171339	0.769020578222676	1.1563932268063069
PARG-P-S197	-0.2626375501171339	0.769020578222676	1.1535308673340139
NBN-P-S509	0.2607056531860502	0.7705076827214759	1.152907791923986
WEE1-P-S67	0.25961101800765257	0.7713515693259264	1.1513277118510135
MDC1-P-T1302	0.25401529104170706	0.7756799410014632	1.1549435976581983
TOP2B-P-S1452	0.24873476975827172	0.7797867689925	1.1582127010035663
PARG-P-S197-T199-S201	-0.24852005726741025	0.7799542169279495	1.1556289864507028
TP53BP1-P-S294	-0.24528442339585657	0.7824819504152424	1.156546492564968
PIAS1-P-S503	0.24528442339585657	0.7824819504152424	1.1537325108312333
TOPBP1-P-S817	-0.2438820170655465	0.7835800778863387	1.152547396114372
TOP2B-P-S1581	-0.2438820170655465	0.7835800778863387	1.149756724453078
TP53BP1-P-S1068	-0.23887864115909038	0.7875104479288729	1.1527326846495096
SMARCA4-P-S657-S660-S662	0.2351068618995823	0.7904863722397774	1.154300582113988
MCM7-P-T651	-0.23399505173272625	0.7913657317750475	1.1528068111915355
MDC1-P-S1153	0.23354623690324555	0.7917209881672161	1.1505585583437241
ABL1-P-T852	0.22827710782284455	0.7959036781389653	1.1538699257229976
TP53BP1-P-S124	-0.22689810449911624	0.7970019890696483	1.152704547437248
TP53BP1-P-S771	0.22689810449911624	0.7970019890696483	1.1499600128004925
XRCC1-P-T453	0.22689810449911624	0.7970019890696483	1.147228516333033
SIRT6-P-S338	-0.2243409652319942	0.7990426421569635	1.147440381865213
TOP2B-P-S1522-S1524-S1526	0.21789154780360337	0.8042126555660708	1.1521344427258602
TP53BP1-P-S119	0.21310065721331758	0.8080747945657216	1.1549370884594983
TP53BP1-P-S398	0.21090303786004413	0.8098525881144137	1.1520438225289547
MDC1-P-S544	0.21090303786004413	0.8098525881144137	1.1493458276284185
TERF1-P-T371	0.21090303786004413	0.8098525881144137	1.1439875720217592
TP53BP1-P-T302	0.21090303786004413	0.8098525881144137	1.1547545138760817
PER1-P-S645	0.21090303786004413	0.8098525881144137	1.1466604401806886
XRCC1-P-S446-S447	0.21090303786004413	0.8098525881144137	1.141327135807755
XRCC1-P-S447	0.2079246722723658	0.8122682207267805	1.1420755029244292
MDC1-P-S498	0.20587208950660363	0.8139371807311341	1.1417729896367297
MDC1-P-T1425	-0.20450374453668715	0.8150516899208398	1.1406958985959097
TOP2B-P-S1400	0.20276497206660876	0.8164701121603724	1.1348185503880404
ATRX-P-S1995-S1996	-0.20276497206660876	0.8164701121603724	1.1296367305232549
YY1-P-S187	0.20276497206660876	0.8164701121603724	1.1270635261257076
SMARCC1-P-S328	0.20276497206660876	0.8164701121603724	1.1245020181117855
TP53BP1-P-S484	-0.20276497206660876	0.8164701121603724	1.1400481289612572
EP300-P-S2320-S2328	-0.20276497206660876	0.8164701121603724	1.1374273286647947
ATRX-P-S1348	-0.20276497206660876	0.8164701121603724	1.132221711599967
POLR2A-P-S1920	-0.20269089791498635	0.8165305937312886	1.1194966963827169
TOP3A-P-S971	0.20269089791498635	0.8165305937312886	1.1220352376443556
ATRX-P-S731	-0.19527211767117822	0.8226107806669818	1.1252869821313567
MAPK8-P-T183	-0.19527211767117822	0.8226107806669818	1.1202295125487438
PER1-P-S704	0.19527211767117822	0.8226107806669818	1.1227525519914212
DDB2-P-T148	-0.19519870298722936	0.8226711745943308	1.1177998470945392
RBBP8-P-S347	-0.19448679515244008	0.8232570491685856	1.116093449208418
MSH6-P-S274-S275	0.19448679515244008	0.8232570491685856	1.1136021691878635
TP53BP1-P-S523-S525	0.19140693748470267	0.8257964722274633	1.1145493589528792
SMARCA4-P-S695-S699	0.1819995960481376	0.8336016771506173	1.1225835918961646
TCEA1-P-S100	0.1819995960481376	0.8336016771506173	1.1200944930227807
TP53BP1-P-S1705	-0.1749363255739384	0.8395104744150053	1.125538379414808
RAD9A-P-S375	-0.17053888350287516	0.843210302020966	1.128003185485001
ATRX-P-S784	0.16687010684628797	0.8463095340123217	1.1296554572939799
TOP2A-P-S1377	0.1653115702015539	0.8476295668264235	1.1289308076853026
VCP-P-S775	-0.1653115702015539	0.8476295668264235	1.1264550822298525
CDK7-P-S164	0.1640721287545605	0.8486808053829867	1.1253841751905689
VCP-P-S3	-0.16333749147455506	0.8493045070106292	1.1237522516341514
MDC1-P-S453	-0.16333749147455506	0.8493045070106292	1.1213039896480204
TP53BP1-P-S222	-0.16093498332996317	0.8513474210821593	1.1215576895125838
BRCA1-P-S1191	-0.16093498332996317	0.8513474210821593	1.1191248094919493
CHEK1-P-S301	0.16005169951666778	0.8520997346829927	1.117689262376393
XRCC6-P-S324	0.15983138410994965	0.8522874860641053	1.115520986079585
MDM2-P-S166	0.15884388836135227	0.8531295320231521	1.1142165870819616
USP7-P-S18	-0.15884388836135227	0.8531295320231521	1.1118204223785595
TP53BP1-P-S525	0.15884388836135227	0.8531295320231521	1.107058878813769
SMARCC1-P-S573	0.15884388836135227	0.8531295320231521	1.1046933683889533
RBBP8-P-T245	-0.15884388836135227	0.8531295320231521	1.1023379454286357
ABL1-P-S683	0.15884388836135227	0.8531295320231521	1.1094345416438416
PLK4-P-S401	0.1556648398802299	0.855845987750571	1.1034950395252043
XRCC6-P-S27	0.15228355847907876	0.8587447418610791	1.1048817697830444
ATRX-P-S25	-0.15084749470085854	0.8599788399893253	1.1041253750710407
TP53BP1-P-S1656	0.15084749470085854	0.8599788399893253	1.1017910719524973
POLR2A-P-S1875	0.14753291390183607	0.8628340386191575	1.103116935449809
RBBP8-P-S568	-0.1458430639562193	0.8642933313179761	1.1026563342709337
ELL-P-T180	0.14494039275328835	0.8650738562447308	1.101333522866191
PARP1-P-S257	-0.1432144137291466	0.8665682448456498	1.1009231789862972
MNAT1-P-S279	-0.1432144137291466	0.8665682448456498	1.0986199924193802
YWHAE-P-T208	0.13931139751905036	0.8699570837971187	1.1006137636347681
TP53BP1-P-S1317	0.1365243263990856	0.8723850980134421	1.1013861862419707
MCM2-P-T106	-0.13487449621337477	0.8738255732247111	1.1009112211521308
POLR2A-P-S1875-S1882	-0.13381689023897708	0.8747502252440974	1.0997897022778487
TP53BP1-P-S1094	-0.13381689023897708	0.8747502252440974	1.097512704964644
NBN-P-T497	-0.13381689023897708	0.8747502252440974	1.095245116731246
TP53BP1-P-S359-S360	-0.13335255589618467	0.8751564961305066	1.0934945085671897
TOP2B-P-S1454	0.1322929120712812	0.8760843418136108	1.0924014632490704
KPNA2-P-S62	0.13056323136787454	0.8776009992826541	1.0920455966433027
ATR-P-T1989	0.1278906411596951	0.8799496041512571	1.0927243035157004
SMARCC1-P-S816	-0.1278906411596951	0.8799496041512571	1.090489693488061
XRCC5-P-S145	0.12496958307292393	0.8825237458367687	1.0914477346471059
DTL-P-S490	0.12388310479734857	0.883483109783971	1.090408889061276
SMARCA4-P-S1602-S1607-S1618	0.12348912466981246	0.8838312531485201	1.088621421560982
TOP1-P-S112	-0.12160217764800076	0.8855005703606939	1.0884652041350515
WEE1-P-S165-T173	0.12027860327979226	0.8866733721926648	1.0877005334995038
PARP1-P-S75	-0.12027860327979226	0.8866733721926648	1.083314644251522
DTL-P-S478	0.12027860327979226	0.8866733721926648	1.0855031586843533
TFPT-P-S249	-0.11989665158676595	0.8870121032736721	1.0815479569091455
ATRX-P-S1348-S1352	-0.11855326321607246	0.88820450576837	1.0808271696699443
TP53BP1-P-S1462-S1474	0.11686939744953308	0.8897013828456654	1.0804790340771007
NFRKB-P-S351	-0.10741731072538842	0.8981507868173807	1.0885587536226653
KAT5-P-S180	-0.10523233434152476	0.9001153705786897	1.0887623045323074
ATRX-P-S25-S26-S29	-0.1041031508455063	0.9011323400641815	1.0878211117109442
ABL1-P-S884	-0.1041031508455063	0.9011323400641815	1.0856584454848788
RCHY1-P-S257	-0.10403102355622	0.901197338641216	1.081436806369459
COPS5-P-S284	0.10403102355622	0.901197338641216	1.0835825143186049
ATRX-P-S925	0.10250595688148849	0.9025727732178671	1.0809468390712005
PRKDC-P-T2603	-0.09915525211979768	0.9056021004632299	1.0824356467075293
APEX1-P-T19	0.09286706347017276	0.9113146392497887	1.0871194318609685
SMARCC1-P-S830	0.09165644319013279	0.9124185633151664	1.086297935891927
XPC-P-S61	-0.0912677153483639	0.9127733147604884	1.0845894681271684
NFRKB-P-S1303	-0.0912677153483639	0.9127733147604884	1.0824669838451193
NFRKB-P-S228	-0.08476744612417043	0.918725912832289	1.087398248391342
NFRKB-P-S176	-0.08026960048369058	0.9228675073182211	1.090170973557197
MLH1-P-S477	0.08026960048369058	0.9228675073182211	1.083832770222562
TP53BP1-P-T1545	0.08026960048369058	0.9228675073182211	1.0880500183557238
ATRX-P-S634	0.08026960048369058	0.9228675073182211	1.0859372998734795
TIMELESS-P-S1173	0.08026960048369058	0.9228675073182211	1.0817363818855745
PARG-P-S286	0.07903908514488364	0.9240038089165565	1.0747529907935378
MCM4-P-S32	0.07903908514488364	0.9240038089165565	1.0809774289641567
WEE1-P-S139	0.07903908514488364	0.9240038089165565	1.0788946208158636
TFPT-P-S180	0.07903908514488364	0.9240038089165565	1.0768198234681408
SUMO1-P-T76	0.07007547019068666	0.932323454621839	1.0823525162851235
PER1-P-S815	0.06817544776332951	0.9340965740450808	1.0823375217424835
TP53BP1-P-S552	-0.06817544776332951	0.9340965740450808	1.0802719921208377
ATRX-P-S875	0.06721105594243948	0.9349978436596814	1.079254653824318
SIRT6-P-S330	-0.06721105594243948	0.9349978436596814	1.077202838893093
TOP2B-P-S1413	0.06586711130528153	0.9362552737663835	1.0745657119364176
SMARCC1-P-S357	-0.06586711130528153	0.9362552737663835	1.076604736057739
TOP2B-P-S1466-S1476	-0.06474775434858634	0.9373038643844311	1.0717097015414438
BRCA1-P-S1542	0.06474775434858634	0.9373038643844311	1.0737356178014466
MDC1-P-S1033	0.06474775434858634	0.9373038643844311	1.0696914158511588
NFRKB-P-S1291	0.06258364085896385	0.9393344927838584	1.0699938019304853
MDC1-P-T1589	0.061154484462565266	0.9406779084294505	1.069513719527668
ATRX-P-S704	0.061019698756267615	0.9408047069108563	1.0676547797527693
MDC1-P-T1671	0.0595321585005696	0.9422052331964966	1.0672455538636954
ATR-P-S464	-0.0595321585005696	0.9422052331964966	1.0652544240990243
TP53BP1-P-S1635-T1638	0.0595321585005696	0.9422052331964966	1.0632707100876666
ELL-P-S319	0.058634465657770446	0.9430514238436034	1.062247514589635
ABL1-P-Y393	-0.05831981471869644	0.9433482025481114	1.0606104095438877
ATRX-P-S313	0.0554761278171767	0.9460346073119761	1.0616610593167732
TP53BP1-P-S1362	-0.04946689838883358	0.9517366616319572	1.0660857984269245
SOX4-P-S354	-0.04703658303760958	0.954052494813651	1.0647436682450688
ELL-P-S442	0.04703658303760958	0.954052494813651	1.066708139957698
MDC1-P-S329-T331	0.04691187962497254	0.9541714758341046	1.0629189602122562
PLK4-P-S665	0.04519343303743577	0.9558125782202183	1.062793435598995
XRCC1-P-S475	0.04138607881633255	0.9594586317787765	1.0648936462599607
YY1-P-S247	0.03949774985310422	0.9612721169916347	1.0649559467951202
MRE11-P-S667	0.03925102627747798	0.9615093147454244	1.063274899152787
PER1-P-S592	-0.03925102627747798	0.9615093147454244	1.0613381507025998
ATRX-P-S871	-0.039133076071945036	0.9616227316553629	1.0595334097875453
TOP2B-P-S1336-S1340-S1342	0.039133076071945036	0.9616227316553629	1.0576104816391105
EP300-P-S12	-0.03877271050923463	0.9619693298194414	1.056075025127865
ABL1-P-S16	-0.03877271050923463	0.9619693298194414	1.0541653053717568
CLK2-P-S97	0.03877271050923463	0.9619693298194414	1.052262479910797
RECQL4-P-S251	-0.038437038882875585	0.962292289830113	1.0507191488955827
XPC-P-S903	0.034694815504666895	0.9659001490308667	1.05276167322429
KAT5-P-T139	0.025555883193711285	0.9747679043000266	1.0605194793641222
TOP2A-P-S1474	-0.02375568192073561	0.976524263147597	1.0605263503000784
POLR2C-P-S124	0.021353257708055722	0.9788731090140181	1.0611754992173434
TP53BP1-P-T922	-0.021353257708055722	0.9788731090140181	1.059280542968741
YY1-P-S118	-0.021353257708055722	0.9788731090140181	1.0555108613211655
TOP2B-P-S1400-S1413	0.021353257708055722	0.9788731090140181	1.0573923423573885
BRCA2-P-S2095	0.021051111840332926	0.9791689161651355	1.0520857503476457
TP53BP1-P-S265	0.021051111840332926	0.9791689161651355	1.0539544639361849
AURKA-P-S10	0.021051111840332926	0.9791689161651355	1.0502236516744639
TP53BP1-P-T1638	-0.019887856055083798	0.9803086028166308	1.0495883627330005
MDC1-P-S955	0.019887856055083798	0.9803086028166308	1.0458926290614055
EP300-P-S1038	0.019887856055083798	0.9803086028166308	1.0440545049330021
TOP2B-P-T1317	-0.019887856055083798	0.9803086028166308	1.047737236872801
POLR2A-P-S1910-S1917	-0.01848673248232667	0.9816830990032561	1.0436841368350407
ATRX-P-T1346-S1348-S1352	0.018412063371803854	0.9817564031438174	1.041934116121109
ATRX-P-S54	-0.017070872881705335	0.9830740088779392	1.0415084779371173
ATRX-P-S1082	0.017070872881705335	0.9830740088779392	1.039690836614365
MCM4-P-T110	-0.016881999688912405	0.983259702740492	1.0380755746702754
MRE11-P-S619	0.016755909086017137	0.9833836903658861	1.0364008980203947
MRE11-P-S678	-0.016755909086017137	0.9833836903658861	1.034601590905776
RBBP8-P-T315	-0.016755909086017137	0.9833836903658861	1.0328085205575857
PIAS1-P-S485	-0.016755909086017137	0.9833836903658861	1.0292409609010829
DDB2-P-S24-S26	0.016755909086017137	0.9833836903658861	1.027466407520219
VCP-P-S702	-0.016755909086017137	0.9833836903658861	1.031021654605064
XRCC1-P-S461	-0.016341130210425662	0.9837916617503581	1.02612348884805
NBN-P-S604	0.016309771716787547	0.9838225124586377	1.0243925129723959
TFPT-P-S167	-0.015076069064566728	0.9850370059094277	1.0238978140327841
RECQL4-P-S89	-0.014862456287220084	0.985247444875475	1.0223629308125648
TOP1-P-S394	0.014094472310775222	0.986004389749536	1.0213994191251603
TP53BP1-P-T864	0.013927656053928995	0.98616888503093	1.0146321635462539
NBN-P-S488	0.013927656053928995	0.98616888503093	1.0129124480148195
POLR2A-P-S1821-S1822	-0.013927656053928995	0.98616888503093	1.0198265261582655
BRCA1-P-S1342	0.013927656053928995	0.98616888503093	1.018089172621369
TOP2A-P-S1351	-0.013927656053928995	0.98616888503093	1.016357728450244
TTK-P-S455	-0.013927656053928995	0.98616888503093	1.0111985521636946
CLK2-P-S98	-0.013927656053928995	0.98616888503093	1.009490446501256
RAD9A-P-S328	0.013294243675831246	0.9867937344824006	1.006728961441641
ATRX-P-S1352	-0.013294243675831246	0.9867937344824006	1.0084266494036
MDC1-P-S998	-0.012780835176082531	0.9873004928490777	1.00555310700259
TP53BP1-P-S580	0.010989599562360659	0.9890705654886127	1.0056657092048644
TP53BP1-P-S507	-0.010989599562360659	0.9890705654886127	1.0023022787392963
ABL1-P-S569	-0.010989599562360659	0.9890705654886127	1.000628986120366
ATRX-P-S596-S598	-0.010989599562360659	0.9890705654886127	1.003981177028642
EP300-P-S1726	-0.010989599562360659	0.9890705654886127	0.9989612711434988
POLR2A-P-S1889	0.010989599562360659	0.9890705654886127	0.9972991059668873
ATRX-P-S92	-0.008564227454156812	0.9914723410735949	0.9980601971604627
TIMELESS-P-S1121	-0.008564227454156812	0.9914723410735949	0.9964050392878914
TP53BP1-P-S366	0.00677785451575578	0.9932450633329823	0.9948867907103922
TP53BP1-P-S1971	-0.00677785451575578	0.9932450633329823	0.996533954271171
HLTF-P-S397-S398-S400	0.0011889125314526858	0.9988117939450437	0.9988117939450438

Data type: org.panda.causalpath.data.ProteinData
Row ID	Change amount	P-value	Q-value
MSH6-G	4.768473126935732	0.00849333851435787	0.658233734862735
PTEN-G	-4.768473126935732	0.00849333851435787	1.31646746972547
MSH2-G	4.7587608630762395	0.008576229939170725	0.44310521352382076
POLE3-G	4.198119880194302	0.01502379682163452	0.5821721268383376
AURKB-G	4.135413897304883	0.01599604304037806	0.4132311118764332
SMUG1-G	-4.135413897304883	0.01599604304037806	0.49587733425171987
FEN1-G	4.061225130304452	0.017227899758929355	0.38147492323343574
MCM7-G	3.9665872908913777	0.0189379527029618	0.36692283361988487
MCM3-G	3.7224211645119993	0.024175364395682887	0.41635349792564974
RFC3-G	3.7092452237768985	0.024496005298238224	0.37968808212269245
MCM5-G	3.659567440367014	0.025743645980345207	0.36275137517759154
MCM8-G	3.6294042262945188	0.02653198676118026	0.34270482899857835
PLK1-G	3.613087643257706	0.026968449231094357	0.3215468946784327
MCM6-G	3.572228968216561	0.028093165068752552	0.3110314704040461
MCM2-G	3.572228968216561	0.028093165068752552	0.2902960390437764
CHEK1-G	3.462015233007843	0.03136648750238025	0.30386284767930866
KPNA2-G	3.311652695588819	0.03645587347718294	0.26907906614111216
CDK1-G	3.311652695588819	0.03645587347718294	0.3139255771646308
RUVBL2-G	3.311652695588819	0.03645587347718294	0.2974031783664924
ACTL6A-G	3.311652695588819	0.03645587347718294	0.2825330194481678
MCM4-G	3.311652695588819	0.03645587347718294	0.33239178758607973
FANCI-G	3.2020052733490365	0.04068054651720859	0.2866129413712424
PCNA-G	3.2020052733490365	0.04068054651720859	0.2741515091377101
MLH1-G	3.155525182980745	0.04261601390929762	0.27522842316421375
RFC2-G	3.0327944461821494	0.04818081114667504	0.28723175875902424
CDK2-G	3.0327944461821494	0.04818081114667504	0.29872102910938525
TYMS-G	3.0316956135086044	0.048233782894414504	0.27689764254200916
POLR2B-G	2.9738973939424453	0.05110375025572457	0.28289576034418956
TTK-G	2.935601674503173	0.0530987615223129	0.2838037253778793
DHFR-G	2.87898613714833	0.0561917046455746	0.29032380733546875
POLR2J-G	2.8257197570078314	0.0592659843668049	0.28706961177671125
RUVBL1-G	2.8257197570078314	0.0592659843668049	0.2963299218340245
SMARCC1-G	2.7962107939835756	0.06104092159024193	0.28670735898446964
SUMO2-G	2.7962107939835756	0.06104092159024193	0.2782747896025735
MDC1-G	2.737930649631235	0.06470410391165962	0.28654674589449264
POLD1-G	2.6924759162003746	0.06771307974321163	0.2915424266721611
DDX11-G	2.654961071171593	0.07030157536992407	0.29450659952265484
SUMO1-G	2.5538496739498386	0.07778165488858424	0.3172672765192252
POLR2G-G	2.477896030436599	0.08391960427260614	0.3335266323654859
RRM2-G	2.372579884203028	0.0932398676563151	0.36130448716822106
PARP1-G	2.372579884203028	0.0932398676563151	0.35249218260314247
XRCC6-G	2.3384227956727615	0.09647968647239612	0.3560559857909857
KAT5-G	2.242990750658533	0.10614058917669322	0.38259979819505696
POLR2L-G	2.1688927760175485	0.11430410712011346	0.4026621955367633
AURKA-G	2.1399559335267444	0.11766002777000853	0.40527342898558494
CHEK2-G	2.102999757045632	0.12208963913371672	0.41138900142882806
ABL1-G	-2.043712896785693	0.12954682284960717	0.4272288838657258
TERF2-G	1.9755244850161184	0.13868855309607597	0.44784845270607865
CCNA2-G	1.9318652690957916	0.1448777103796571	0.449120902176937
CDC25C-G	1.9318652690957916	0.1448777103796571	0.45828663487442556
PRKDC-G	1.9146218858369577	0.14739755515395353	0.4393580970935153
FANCD2-G	1.9146218858369577	0.14739755515395353	0.43106832167665654
XRCC5-G	1.9146218858369577	0.14739755515395353	0.4479729617424078
TP53BP1-G	-1.8487276934268038	0.1574373475128031	0.4519034974904534
UBE2I-G	1.7945013064507969	0.16621031969665298	0.46841090096329474
MAPK8-G	-1.7488410334777345	0.17397545838532158	0.481539215173658
MGMT-G	1.5109322535780105	0.22070412980825352	0.600160352987356
TIMELESS-G	1.4886210773311161	0.22568364136653554	0.6031200760657416
WRN-G	1.4706782746992142	0.2297695854248261	0.6036319617092889
ERCC2-G	-1.4146358387252127	0.24301409365936977	0.6277864086200385
TOP2B-G	1.4074643830516356	0.24476312250551635	0.621939081776312
POLA1-G	1.4042033327880121	0.24556261022700154	0.6139065255675039
TOP1-G	1.283763610640478	0.2769928430092078	0.6814903280385272
KDM4B-G	-1.2373241915571918	0.290159591585666	0.7027302608715349
CDA-G	1.1718747193852626	0.3097856354070842	0.7275268710317887
TCEA1-G	1.1718747193852626	0.3097856354070842	0.7387195921245855
HLTF-G	1.1509042368907854	0.31635058414032663	0.7318558289813527
RRM2B-G	-1.1509042368907854	0.31635058414032663	0.7106426165471106
RBBP8-G	1.1509042368907854	0.31635058414032663	0.7210932432610386
RAD9A-G	1.1008568636527618	0.3325859807300325	0.7364403859022148
MEN1-G	1.0430372076293182	0.35238279529726946	0.7692863840996728
POLR2C-G	1.0404425324559234	0.3532983013946049	0.7605727321689411
TP53-G	1.0143447453043448	0.3626399735436717	0.7699889849214948
UNG-G	1.0091885782338816	0.36451463471346807	0.7635103835214533
CDK6-G	1.0004591074736209	0.3677105837354305	0.7599352063865563
EP300-G	0.9920076015402944	0.3708314613971854	0.7464789157995292
ATRX-G	-0.9920076015402944	0.3708314613971854	0.7563010067968914
BABAM2-G	0.9767758159098239	0.3765231237709609	0.7482190280063967
POLR2I-G	0.9120948920616261	0.40168186186906546	0.7881099821481664
PIAS1-G	0.9063199623099921	0.40400825732362616	0.7731022208044698
POLR2A-G	0.9063199623099921	0.40400825732362616	0.7827659985645257
SMARCA4-G	0.8772032913224651	0.41594456229198384	0.7862366726250914
SOD1-G	0.8527191600697885	0.4262543010183069	0.7960170681667178
CDK4-G	0.833230877498632	0.43464273791040015	0.8020193378108574
ORC1-G	0.8012543581096536	0.4487656980297255	0.818337449348323
POLB-G	0.792404748071385	0.45275472408480394	0.8160114213156351
POLG2-G	0.7898366514941005	0.4539189362068152	0.8087061507132915
POLR2E-G	0.6982986767036838	0.4974308750284213	0.8761566548796057
SIRT6-G	0.6861228996650555	0.5035245045105645	0.8671810911015277
XPA-G	0.6861228996650555	0.5035245045105645	0.8769246988667134
BRCA1-G	-0.6501717534756347	0.5219561212839572	0.8890461406484985
WEE1-G	0.6501717534756347	0.5219561212839572	0.8793825956414496
APBB1-G	-0.6302229036879543	0.532473097560488	0.8874551626008133
UBA7-G	-0.5943499520074521	0.5519212245665907	0.9100828702959739
YWHAG-G	-0.5943499520074521	0.5519212245665907	0.9005030506086479
YY1-G	0.5912031537914627	0.5536607448155886	0.8847156231589303
TOPBP1-G	0.5912031537914627	0.5536607448155886	0.875687912718533
PCLAF-G	0.5912031537914627	0.5536607448155886	0.8939314109001691
HRAS-G	-0.5844259173946642	0.5574257784172637	0.8727373298452109
RCHY1-G	0.561034511877622	0.570618446840487	0.8844585926027548
ATM-G	0.5582719317103164	0.5721970054882906	0.8781241173335153
POLR2D-G	0.553060580758887	0.5751867083263746	0.8740582332410595
VCP-G	-0.4997855767288671	0.606660727945061	0.912936046907616
GTF2H2-G	0.49812250702886707	0.6076704864365295	0.9056627442082892
GMNN-G	0.4051266482309693	0.6668923447741346	0.984460127999913
GTF2H4-G	-0.39815028183997264	0.6715610966408927	0.9819997167862111
BRCA2-G	0.37914494037150237	0.684446401560889	0.9914877779620355
ATR-G	0.35873280773748256	0.6985609765058837	1.0025643644297404
CLK2-G	0.3546341841237451	0.701429990507783	0.9974463167771226
UBE2B-G	-0.3513528761398793	0.7037353786114486	0.9916271244070413
XPC-G	-0.3467096793532133	0.7070105582276088	0.9872669957232376
DDB2-G	-0.33109006876379027	0.718140484101937	0.9938551342482164
RRM1-G	0.30660549005238213	0.7359408796424417	1.009476427828128
BLM-G	0.29314072115039164	0.7459171669895486	0.9798064481642375
PARG-G	0.29314072115039164	0.7459171669895486	1.0053666163772177
ERCC3-G	-0.29314072115039164	0.7459171669895486	0.9881808622511113
MRE11-G	-0.29314072115039164	0.7459171669895486	1.0141856217840353
CCNH-G	0.29314072115039164	0.7459171669895486	0.9966996627877588
PIAS3-G	-0.28075568624773295	0.7552128218212746	0.9836805662377945
TOP2A-G	0.271257091897443	0.7624204590838665	0.9847930929833275
POLR2F-G	-0.2536673781202851	0.7759498570267392	0.9858379331077425
ERCC1-G	0.2536673781202851	0.7759498570267392	0.9939853540425172
GTF2H3-G	-0.24409539879347672	0.7834128940529695	0.9872276307171568
MNAT1-G	-0.23654122635162195	0.7893533394728354	0.9866916743410442
NBN-G	-0.22675671222286028	0.7971146869621814	0.9884222118331049
MPG-G	0.22675671222286028	0.7971146869621814	0.9728565077097489
EXO1-G	-0.22675671222286028	0.7971146869621814	0.9805775911042707
EYA3-G	0.22038884327060118	0.8022068045905525	0.9714223024338722
RECQL4-G	0.2075768419734206	0.8125508013670248	0.9763207303247198
PMS2-G	0.2071771177021835	0.8128756625670721	0.9691979053684321
NFRKB-G	-0.2071771177021835	0.8128756625670721	0.9617994480755433
POLK-G	-0.19983459769220188	0.8188661842340104	0.9543177335058016
BARD1-G	0.19983459769220188	0.8188661842340104	0.961547413305088
PIAS4-G	-0.18022845325916795	0.835079413004278	0.9659500672810678
POLE2-G	-0.18022845325916795	0.835079413004278	0.9587948815975044
POLR2K-G	0.16116898034984423	0.8511482316285208	0.970058646341329
YWHAE-G	0.14370240153011657	0.8661454732755312	0.9799456084504184
COPS5-G	-0.14029179755924387	0.8691045957951162	0.9761682054220507
APEX1-G	0.13130889386330763	0.8769468490494917	0.9778903712422389
ERCC4-G	-0.12985270508651583	0.878224779437045	0.9654244029272481
XRCC1-G	0.12985270508651583	0.878224779437045	0.9723202915195855
MTOR-G	0.120481462209086	0.8864935208245933	0.967651378364873
TFPT-G	0.12019485281119968	0.8867476346127874	0.961160023531343
DTL-G	-0.11595962420902146	0.8905111776647981	0.9585363370697481
SOX4-G	-0.1157978437896337	0.8906552565908505	0.9520797570453919
NEIL1-G	-0.10293276216783834	0.9021876325828183	0.9578019387009371
GTF2H1-G	-0.09298440537073892	0.911207710131761	0.9607972453770269
TDG-G	0.07987610284627754	0.9232307249599513	0.9668970430323814
TERF1-G	-0.02510389148952355	0.975208590892118	1.0077155439218553
ELL-G	0.02510389148952355	0.975208590892118	1.0144787354918006
GTF2H5-G	-0.02481021259363471	0.9754950311330206	1.0013359591100544
USP7-G	0.02481021259363471	0.9754950311330206	0.9947482225369618
CDK7-G	0.02481021259363471	0.9754950311330206	0.9882466001674393
POLR2H-G	-0.02463079620419689	0.97567006663107	0.9820055865442587
ERCC5-G	-0.006998990466962776	0.993025445424723	0.9930254454247229

Data type: org.panda.causalpath.data.RNAData
Row ID	Change amount	P-value	Q-value
MSH2-R	3.571256819574329	0.02812048908037862	1.2794822531572272
CDC45-R	3.571256819574329	0.02812048908037862	5.117929012628909
MCM7-R	3.571256819574329	0.02812048908037862	1.7059763375429695
KDM4B-R	-3.571256819574329	0.02812048908037862	2.5589645063144544
PTEN-R	-3.553603711647227	0.02862131063158182	1.0418157069895781
DBF4-R	3.334343270739141	0.0356379830340984	1.0810188187009848
RFC3-R	3.2389197540541885	0.03920622459690789	1.0193618395196051
PLK4-R	3.1610078039812324	0.04238300578775987	0.9642133816715371
FANCI-R	3.1610078039812324	0.04238300578775987	0.8570785614858107
PCNA-R	3.1610078039812324	0.04238300578775987	0.7713707053372297
BLM-R	3.143078653463011	0.043149750075478874	0.7139322285215596
TYMS-R	2.905723952192792	0.054709169438126155	0.8297557364782467
FEN1-R	2.8644922718249717	0.05701207041923516	0.6485123010188
POLK-R	-2.8644922718249717	0.05701207041923516	0.7981689858692923
XRCC6-R	2.8644922718249717	0.05701207041923516	0.7411569154500571
EXO1-R	2.8644922718249717	0.05701207041923516	0.6917464544200533
CDC25A-R	2.8644922718249717	0.05701207041923516	0.6103645186059294
CCNA2-R	2.6427717738541356	0.07116374612683049	0.7195445441712861
MCM3-R	2.637436767817815	0.07154441968695185	0.6853202306855388
TTK-R	2.5649423282812367	0.0769236176311542	0.7000049204435033
NEIL1-R	-2.5649423282812367	0.0769236176311542	0.6666713528033364
MCM6-R	2.5288831316382203	0.07974803862701668	0.6597337740962289
KPNA2-R	2.4066658756581707	0.09011524969812487	0.7130858889155968
CDK1-R	2.3552611429538923	0.09486872899940164	0.7194211949121292
RFC2-R	2.3226427290987757	0.0980142180101404	0.7135435071138221
MSH6-R	2.3226427290987757	0.0980142180101404	0.6606884325127983
CHEK2-R	2.3226427290987757	0.0980142180101404	0.6370924170659126
PCLAF-R	2.3226427290987757	0.0980142180101404	0.6860995260709828
ACTL6A-R	2.3226427290987757	0.0980142180101404	0.615123713029157
ABL1-R	-2.320870584236226	0.09818806740069831	0.5956742755642365
RUVBL1-R	2.310950044739523	0.09916699371143904	0.5822062211445777
SUMO1-R	2.277278293630988	0.10256297348096026	0.5833269116729615
CHEK1-R	2.206091901851074	0.11013020825098407	0.6073847848993668
CDC25C-R	2.176193693878123	0.11347262122144303	0.6074122665383126
PLK2-R	-2.1653172055811174	0.11471354105001497	0.5965104134600778
RAD51-R	2.1352815469400093	0.11821130366014868	0.5976238129485294
DDX11-R	2.02158680380664	0.13244513380452896	0.6514868743898451
GMNN-R	1.9736564798611398	0.1389478661518536	0.6322127909909339
MCM5-R	1.9736564798611398	0.1389478661518536	0.6484233753753167
MCM4-R	1.9736564798611398	0.1389478661518536	0.6654871484115092
APBB1-R	-1.9584549245132568	0.14107622603365189	0.6262408082469425
RRM2-R	1.8584475487815877	0.15591449222347564	0.6756294663017277
MCM10-R	1.8480078711554295	0.15755071521929384	0.6668425620909646
FANCA-R	1.793912991851667	0.16630813242376302	0.6879109113892016
CDC7-R	1.7739588436153626	0.16966000016748595	0.6861804451218321
ORC1-R	1.7632200598101018	0.17149176006303146	0.6242300066294345
TERF2-R	1.7632200598101018	0.17149176006303146	0.6502395902389942
AEN-R	1.7632200598101018	0.17149176006303146	0.6369693945198311
ERCC1-R	-1.7632200598101018	0.17149176006303146	0.6785108767711244
BABAM2-R	-1.7632200598101018	0.17149176006303146	0.6640744751376962
POLE3-R	1.7037383651270055	0.18200186128317464	0.6494968383046624
AURKB-R	1.6941526395660946	0.18375486968264518	0.6431420438892581
POLE2-R	1.6849921146102622	0.18544589426335698	0.6250213473320549
MCM2-R	1.6849921146102622	0.18544589426335698	0.6368142029420937
SMUG1-R	-1.6124316550389697	0.19940214683479346	0.6598398313442256
RRM1-R	1.6056801739312232	0.20075296153082112	0.6524471249751687
WEE1-R	1.5935100074636548	0.2032110860438377	0.6488494326312011
DHFR-R	1.562479130151422	0.20961576175465638	0.6577598041266803
POLR2G-R	1.4745013124247377	0.22889284460602408	0.7060762325134979
XRCC5-R	1.4223053411785629	0.241157425433563	0.7315108571484744
COPS5-R	1.3715226086082906	0.2537203485120992	0.7570016955606893
CDA-R	-1.3703988935219396	0.25400561814631395	0.7456293952036958
SUMO2-R	1.3703988935219396	0.25400561814631395	0.7337940079782402
BARD1-R	1.3703988935219396	0.25400561814631395	0.711215730809679
MDM2-R	-1.3703988935219396	0.25400561814631395	0.7223284766035802
XPC-R	-1.3703988935219396	0.25400561814631395	0.7004397348883202
POLR2C-R	1.3515662014511058	0.2588345559640459	0.7031028236635277
BRCA1-R	-1.3129451908645646	0.2690265539012588	0.7200416589710161
RNF111-R	-1.3095990108987237	0.2699282729819909	0.7119847200394542
PARP1-R	1.2353360021634774	0.29073705767389507	0.7559163499521272
OGG1-R	1.1802516082123062	0.3072014344726167	0.7874740996340316
DNTT-R	1.1802516082123062	0.3072014344726167	0.7765369593613367
GTF2H4-R	1.1802516082123062	0.3072014344726167	0.7658994667673458
TCEA1-R	1.180231790192313	0.30720752265711476	0.7555644476161472
POLR2F-R	1.180231790192313	0.30720752265711476	0.7454902549812652
TP53BP1-R	-1.1676056492045517	0.3111109589624179	0.7450288754100008
CDK4-R	1.1676056492045517	0.3111109589624179	0.7353531757293514
UNG-R	1.1676056492045517	0.3111109589624179	0.7259255709123085
HLTF-R	1.16566088534162	0.3117165850217289	0.7181318794171476
ATRX-R	-1.1284498889942522	0.32353438212814767	0.7360407193415359
GADD45G-R	-1.0815487969058168	0.33906996824148883	0.761860916295691
POLR2K-R	1.0718077509861685	0.34238900356518104	0.733115278221917
RUVBL2-R	1.0718077509861685	0.34238900356518104	0.7507807066128066
XPA-R	-1.0718077509861685	0.34238900356518104	0.7599365688885725
GTF2H2-R	1.0718077509861685	0.34238900356518104	0.7418428410578922
AURKA-R	1.0684748649366378	0.34353205086378097	0.7270096890373039
PLK1-R	1.0439196885258073	0.3520719613848355	0.7365183560004603
FANCC-R	1.0330284981439997	0.35592740119856897	0.7361225797515858
CDK2-R	1.0241975946524635	0.3590844811457021	0.7343075906575031
TOP3A-R	1.0089541698601443	0.3646000900115221	0.7373024042455225
BRCA2-R	0.9907859011359614	0.3712847831988441	0.7425695663976882
FANCD2-R	0.9803658587794698	0.37517381310598125	0.7421916737531369
SOD1-R	0.9531576508137112	0.38552175637002994	0.7544619318209189
ERCC4-R	-0.9528777999034174	0.38562966008226	0.7387852435260139
POLA1-R	0.9528777999034174	0.38562966008226	0.7466446610103332
PER1-R	0.9528777999034174	0.38562966008226	0.7310895639059513
YWHAE-R	0.9488363050928299	0.3871913339751017	0.7264827091079228
CDT1-R	0.9409742474601607	0.3902474525056561	0.7174246096568628
XRCC1-R	-0.9409742474601607	0.3902474525056561	0.7247452689390756
RCHY1-R	0.9409476403841088	0.3902578359874404	0.7102692614971415
RAD51D-R	-0.9322929429683201	0.3936500576238063	0.709349608787453
CDC6-R	0.8848180973446858	0.41278925391153115	0.7365455314892027
POLD1-R	0.7959169720377357	0.45116733735265285	0.7972083048367263
SOX4-R	-0.7599001969616783	0.4677131038694533	0.8184979317715432
DTL-R	0.7501157393868367	0.47231188448953426	0.8186739331151927
YY1-R	0.7471278505008949	0.4737252102986845	0.8133772478713263
PIAS3-R	-0.7430895800663293	0.4756421086815701	0.8090361100938855
POLR2B-R	0.7430895800663293	0.4756421086815701	0.8015450350004236
POLB-R	0.726786848220184	0.4834599271831933	0.8072450160306531
MPG-R	-0.726786848220184	0.4834599271831933	0.799906424975829
WRN-R	0.7194987788216629	0.48699628765107916	0.7984984175900577
TOP2B-R	0.6995324151602003	0.4968175538452003	0.8073285249984504
TFPT-R	-0.6979164880020223	0.49762102382276063	0.8014781091658623
CDC25B-R	0.6217216714811298	0.5370190708154094	0.8573462358631975
NBN-R	0.6139865965243869	0.5411890603809628	0.8564905129507412
ATR-R	0.6107301169466915	0.5429543041839788	0.8518765807024495
CCNA1-R	-0.5975784067626105	0.5501422450872253	0.8485244797108051
VCP-R	0.5975784067626105	0.5501422450872253	0.8413940218981093
POLR2A-R	-0.5975784067626105	0.5501422450872253	0.8557768256912394
RBBP8-R	0.5975784067626105	0.5501422450872253	0.8343824050489583
MCM8-R	0.5961760172446466	0.5509143000394778	0.8286479554312808
PIAS4-R	-0.5770292567586536	0.5615641539419208	0.8377432460445049
POLR2L-R	-0.5770292567586536	0.5615641539419208	0.830932325344956
ERCC2-R	-0.5695792643176878	0.5657634254921103	0.8303947051577749
YWHAG-R	0.5695661804484736	0.5657708279152017	0.8237623254445338
POLR2D-R	0.563665803044136	0.5691189572239239	0.8220607159901123
APEX1-R	0.5340644614760137	0.586217462706333	0.8400911670279734
POLG2-R	0.5147418245538471	0.5976548745156134	0.8497905247018878
USP7-R	-0.5039261343369476	0.6041540074440777	0.8523723205800166
PLK3-R	-0.4699629944527524	0.6250253972616172	0.875035556166264
PRKDC-R	0.45446511183377997	0.6347874174340293	0.8819183967404072
CDK7-R	0.45446511183377997	0.6347874174340293	0.8686564659623559
MAPK8-R	0.45446511183377997	0.6347874174340293	0.875237196765101
UBA7-R	-0.45184820815449533	0.6364507704303184	0.8644331359575966
CDK6-R	0.4495752650659854	0.6378990320948059	0.8599823988241087
RECQL4-R	0.4363551743252988	0.6463881047011016	0.8650193754088271
EP300-R	-0.4072685664047968	0.6654654446380726	0.8840489848476584
SMARCC1-R	0.39128786958917455	0.6761854747843952	0.8917808435562313
DDB2-R	-0.38571499422607086	0.6799642918160089	0.8903129576295944
CDKN2D-R	0.3151265991752442	0.7296964894475164	0.9486054362817713
POLR2E-R	-0.31063357645180784	0.7329824086829068	0.9461191374488583
TOP2A-R	0.3068825217021229	0.7357370289642913	0.9429868962781761
KAT5-R	0.30211101154259107	0.739255994385923	0.940871265582084
ELL-R	0.28004932902847857	0.7557464602975488	0.9551795539871796
GTF2H5-R	0.2665306629949997	0.766032514514909	0.9615028802876787
CLK2-R	-0.26599255374812536	0.7664448346210574	0.9554312321988523
TP53-R	0.2564590514303616	0.7737866793684696	0.9580216030276291
ATM-R	-0.24216779501962457	0.7849244600861872	0.965244944160041
GTF2H1-R	-0.23381159651682795	0.7915109252640691	0.9668120026715474
TOP1-R	-0.2305160255159063	0.7941237086581344	0.9635367665052031
MLH1-R	0.22492928018877503	0.7985726916724811	0.9625180787045798
POLR2H-R	0.2179089153273638	0.8041986885049538	0.9629221138677736
MTOR-R	0.21729840117552465	0.8046898130891764	0.9572127188381053
UBE2I-R	-0.2084483517019746	0.8118429639270986	0.9532607705466577
MEN1-R	-0.2084483517019746	0.8118429639270986	0.9594507755502074
NFRKB-R	-0.2084483517019746	0.8118429639270986	0.9471501245816151
TDG-R	-0.20685578716140418	0.8131369063138605	0.9426173054084243
RRM2B-R	-0.196397342322522	0.8216856793091488	0.9464986938877537
POLR2J-R	0.17618456607709498	0.838463217188438	0.9597503492345641
EYA3-R	-0.1760392839875655	0.8385850397257268	0.9538904826880144
MRE11-R	0.17157693954671427	0.8423354566185627	0.9522052987862013
UBE2B-R	0.15957245456661154	0.8525081970467285	0.9577561226080531
GTF2H3-R	0.15506946239126077	0.8563556909035375	0.9561762929106983
ERCC5-R	-0.13917799510719547	0.8700731459116183	0.9655689789994788
MGMT-R	0.13571854450254248	0.8730883334213657	0.9630428889859913
SMARCA4-R	0.13571854450254248	0.8730883334213657	0.9572414257993288
POLR2I-R	0.13068185881115826	0.8774968978946488	0.9563139845318926
MNAT1-R	0.12824751486948563	0.8796356292996123	0.9529385984079133
GADD45A-R	0.0955797210303525	0.9088459046335864	0.9787571280669392
TERT-R	0.0947177066252315	0.909629680659995	0.9738388345889359
RAD9A-R	0.09106042120897635	0.91296254693191	0.9716911318222669
MDC1-R	-0.0865342941979351	0.917104096895974	0.9704241025294609
ERCC3-R	0.08244424884518806	0.9208627755888847	0.9687689315443759
CCNH-R	0.07830294692616666	0.9246842538545746	0.967198472422601
TIMELESS-R	-0.07511095935963741	0.9276405502163703	0.964746172225025
PMS2-R	0.07207394575903626	0.9304620895418055	0.9621823880489125
TOPBP1-R	0.04937257143486699	0.9518264402864343	0.9732157984951182
SIRT6-R	-0.04937257143486699	0.9518264402864343	0.9787141928368985
TERF1-R	-0.04654225819907746	0.9545242232430349	0.9705218359230857
HRAS-R	-0.038232610845793796	0.9624890294628852	0.9731833520124729
PARG-R	0.034691005563584	0.9659038290605368	0.9712403143039652
PIAS1-R	-0.00900441402749883	0.9910360043030538	0.9910360043030538