Overall graph size pval = 0.4565
Gene	Downstream crowded pval	Downstream suggests activation pval	Downstream suggests inhibition pval
E2F4	0.002	1.0E-4	1.0
IRF1	6.0E-4	0.4681	1.0E-4
E2F1	0.0394	0.9705	2.0E-4
E2F3	0.0055	1.0	2.0E-4
E2F5	0.0036	2.0E-4	1.0
MYCN	0.0194	1.0	4.0E-4
STAT6	0.0174	6.0E-4	1.0
FOXA1	0.0089	7.0E-4	0.8202
FOXM1	0.0395	1.0	0.0012
LIN54	0.0014	0.0386	0.0416
LIN52	0.0014	0.0386	0.0416
LIN37	0.0014	0.0386	0.0416
LIN9	0.0014	0.0386	0.0416
RBL2	0.0249	0.0023	1.0
SREBF2	0.0481	1.0	0.0027
MYBL2	0.0177	1.0	0.0032
BRCA1	0.1263	1.0	0.0038
E2F2	0.0471	1.0	0.0056
NFYB	0.0614	1.0	0.0058
NFYC	0.0614	1.0	0.0058
AHR	0.0366	1.0	0.007
YBX1	0.0885	0.007	1.0
NELFB	0.0516	1.0	0.0091
CEBPD	0.0708	0.0093	1.0
KLF5	0.0482	1.0	0.0096
SREBF1	0.1457	1.0	0.0101
NFYA	0.0997	1.0	0.0102
TP53	0.122	0.0144	0.8073
IL10	0.0854	0.015	1.0
CDKN2A	0.0879	0.0153	1.0
RBBP4	0.0165	0.1055	0.0969
E2F6	0.095	0.0196	1.0
FOXA3	0.0197	0.0349	0.3101
CEBPA	0.2072	0.0218	1.0
TFDP1	0.1457	0.8933	0.0235
HNF4A	0.1692	0.0268	1.0
POU2F1	0.0952	1.0	0.0271
CIITA	0.1637	1.0	0.0319
NOTCH3	0.0346	0.322	0.061
MYC	0.282	0.9287	0.035
GATA3	0.2016	0.036	1.0
NPM1	0.1327	0.0363	1.0
MYB	0.037	0.0633	0.2413
MAX	0.2845	0.94	0.0372
KLF4	0.3053	0.0445	1.0
ATR	0.1445	1.0	0.0492
SATB1	0.05	0.0632	0.3923
IL8	0.178	0.0503	1.0
STAT1	0.1967	0.867	0.0527
EDN1	0.2189	0.0606	1.0
FANCD2	0.1827	1.0	0.0615
ESR1	0.2656	0.062	0.8474
SPI1	0.332	1.0	0.0634
RBL1	0.1752	0.0637	1.0
CHEK1	0.1843	1.0	0.0639
FOSL2	0.0663	0.0756	0.4246
CDK12	0.1877	1.0	0.0668
ELOA	0.1877	1.0	0.0668
ELOB	0.1877	1.0	0.0668
ELOC	0.1877	1.0	0.0668
NELFA	0.1877	1.0	0.0668
NELFE	0.1877	1.0	0.0668
CTDP1	0.1877	1.0	0.0668
GTF2H1	0.1877	1.0	0.0668
GTF2H2	0.1877	1.0	0.0668
GTF2H3	0.1877	1.0	0.0668
GTF2H4	0.1877	1.0	0.0668
GTF2H5	0.1877	1.0	0.0668
CCNT2	0.1877	1.0	0.0668
SUPT16H	0.1877	1.0	0.0668
ELOA2	0.1877	1.0	0.0668
ELOA3	0.1877	1.0	0.0668
CDK7	0.1877	1.0	0.0668
MNAT1	0.1877	1.0	0.0668
CCNK	0.1877	1.0	0.0668
CCNH	0.1877	1.0	0.0668
SUPT4H1	0.1877	1.0	0.0668
RAD51D	0.1877	1.0	0.0668
ELOA3D	0.1877	1.0	0.0668
TCEA1	0.1877	1.0	0.0668
ELOA3B	0.1877	1.0	0.0668
SUPT5H	0.1877	1.0	0.0668
ERCC3	0.1877	1.0	0.0668
RUNX1	0.0674	0.1588	0.2109
MAML2	0.0676	0.075	0.4302
JUNB	0.0747	0.1764	0.2212
CCNT1	0.2276	1.0	0.0856
GTF2F1	0.2276	1.0	0.0856
GTF2F2	0.2276	1.0	0.0856
CDK9	0.2276	1.0	0.0856
POLR2A	0.2276	1.0	0.0856
POLR2B	0.2276	1.0	0.0856
POLR2C	0.2276	1.0	0.0856
POLR2D	0.2276	1.0	0.0856
POLR2E	0.2276	1.0	0.0856
POLR2F	0.2276	1.0	0.0856
POLR2G	0.2276	1.0	0.0856
POLR2H	0.2276	1.0	0.0856
POLR2I	0.2276	1.0	0.0856
POLR2J	0.2276	1.0	0.0856
POLR2K	0.2276	1.0	0.0856
POLR2L	0.2276	1.0	0.0856
SSRP1	0.2291	1.0	0.086
CEBPB	0.5208	0.0876	1.0
CDX2	0.0883	0.0925	0.4616
GATA1	0.0887	0.1156	0.3558
TAL1	0.0889	0.2373	0.2517
KAT5	0.091	0.0894	0.4459
EP300	0.367	0.0902	0.8881
MAML1	0.0907	0.0936	0.462
NR1H4	0.3054	0.0915	1.0
TCF7L2	0.2657	1.0	0.095
SUPT3H	0.0962	0.2347	0.2649
ELL	0.2729	1.0	0.0981
FOXA2	0.1065	0.3416	0.148
TP73	0.5968	0.1133	1.0
EZH2	0.4708	1.0	0.1175
NELFCD	0.313	1.0	0.1178
SOX2	0.3841	0.1215	1.0
ETS2	0.1423	0.1223	0.5282
RB1	0.4233	0.124	1.0
ARNT	0.1249	0.295	0.2051
CCND1	0.3464	1.0	0.1254
RELA	0.1896	0.5512	0.1322
ERG	0.3878	0.1354	1.0
RBPJ	0.1671	0.1428	0.5531
IL4	0.4378	0.1437	1.0
ERCC2	0.3966	1.0	0.1594
NFKB1	0.1791	0.4711	0.161
NFKBIA	0.4236	0.1728	1.0
ETS1	0.1736	0.266	0.3289
CD3D	0.1859	0.3208	0.3496
WT1	0.1998	0.4773	0.1975
JUND	0.2009	0.5302	0.1996
PTTG1	0.2015	0.5246	0.2016
HDAC1	0.2767	0.202	0.6145
NCOA1	0.4397	0.8772	0.2107
YY1	0.6182	1.0	0.2142
ATM	0.5168	1.0	0.218
MAML3	0.2245	0.3401	0.3921
MAMLD1	0.2245	0.3401	0.3921
MECP2	0.2593	0.2303	0.5907
AIP	0.4443	1.0	0.2307
TFAP2A	0.4645	0.2317	0.8438
TWIST1	0.6717	1.0	0.2354
CARM1	0.2379	0.4538	0.2727
IL13	0.317	0.2383	0.6683
TBL1X	0.3824	0.7733	0.2391
TBL1XR1	0.3824	0.7733	0.2391
MAZ	0.4556	0.2414	1.0
FOSL1	0.5447	1.0	0.2427
ATF4	0.5554	1.0	0.2428
SP2	0.4434	1.0	0.2452
ETV6	0.4495	0.2454	1.0
PER1	0.4453	0.2484	1.0
SMARCD3	0.4109	0.7854	0.2539
PTGDR	0.6631	1.0	0.2539
ESR2	0.4418	0.2539	1.0
CHD9	0.4109	0.7854	0.2539
TGS1	0.4109	0.7854	0.2539
PURA	0.4435	0.2585	1.0
HNF1A	0.4428	1.0	0.2587
TFE3	0.4509	1.0	0.265
RAD51	0.4393	1.0	0.2659
SERPINB5	0.4461	1.0	0.2662
SP4	0.5072	0.2713	1.0
TFDP2	0.4808	0.8316	0.2815
IRF8	0.5156	1.0	0.2864
NCOA6	0.4595	0.8068	0.2904
NR4A1	0.5115	0.2949	1.0
ZBTB16	0.5085	0.2951	1.0
ESRRA	0.5065	1.0	0.2958
IL2RA	0.4985	1.0	0.2965
SOX6	0.507	0.2973	1.0
FOS	0.6113	0.9154	0.3003
ACTL6A	0.4981	1.0	0.3027
RUVBL2	0.4981	1.0	0.3027
FLI1	0.3053	0.4291	0.4419
SIRT1	0.5277	0.3056	0.8455
NOTCH1	0.5668	0.3076	1.0
REL	0.5054	1.0	0.3078
HBP1	0.5087	0.3079	1.0
TAF9	0.507	1.0	0.3079
VHL	0.3108	0.4393	0.443
AGO2	0.3125	0.4625	0.4089
MDC1	0.5084	1.0	0.3153
SPDEF	0.56	0.3157	1.0
ATF3	0.5636	1.0	0.3183
FANCI	0.5137	1.0	0.3187
WWTR1	0.5618	0.3203	1.0
TBP	0.5607	0.3235	1.0
STAT4	0.585	0.3374	0.8719
RUVBL1	0.5536	1.0	0.3388
SPP1	0.6108	0.3427	1.0
NR3C1	0.6097	0.3478	0.8798
REST	0.5586	0.3495	1.0
DDIT3	0.3507	0.4794	0.4638
GLI1	0.612	0.3516	1.0
SOX9	0.614	0.3523	1.0
ATF6	0.6166	0.3559	1.0
MOV10	0.3568	0.4941	0.4396
AGO3	0.3568	0.4941	0.4396
AGO4	0.3568	0.4941	0.4396
AGO1	0.3568	0.4941	0.4396
TNRC6C	0.3568	0.4941	0.4396
TNRC6A	0.3568	0.4941	0.4396
TNRC6B	0.3568	0.4941	0.4396
TWIST2	0.7229	1.0	0.3622
GATA2	0.6177	0.3638	1.0
SP3	0.6008	0.8669	0.3676
HELZ2	0.5762	0.8527	0.3705
XBP1	0.5306	0.3749	0.7448
TP63	0.5123	0.3772	0.7046
CREM	0.6067	0.3809	1.0
NFIC	0.6493	0.3833	1.0
ETV4	0.6163	1.0	0.386
MED1	0.6005	0.862	0.3872
CREB5	0.6528	0.3999	1.0
NCOA2	0.4223	0.5856	0.4012
LMO2	0.6603	0.4034	1.0
PPARA	0.6468	0.8836	0.404
NR1I2	0.6496	1.0	0.4116
ELK1	0.6509	1.0	0.4132
TRRAP	0.647	1.0	0.4154
GABPB1	0.6583	1.0	0.4249
KAT2A	0.6573	1.0	0.4283
NCOR1	0.7024	1.0	0.4284
HDAC7	0.6999	1.0	0.4288
CBFB	0.7668	1.0	0.4292
GABPA	0.6617	1.0	0.4308
IL37	0.723	0.4394	1.0
MTA1	0.7276	0.4625	1.0
SMAD7	0.7252	0.475	1.0
RUNX3	0.8536	0.4837	1.0
RXRA	0.5264	0.6504	0.4837
NFATC2	0.7274	1.0	0.4904
NPAS2	0.7804	0.4905	1.0
HDAC3	0.7823	1.0	0.5015
KAT2B	0.7824	0.5021	1.0
HIF1A	0.5258	0.5049	0.5975
RARA	0.7518	1.0	0.5113
NRF1	0.5113	0.5473	0.61
ZBTB17	0.7817	1.0	0.5149
ARNTL	0.806	0.5178	1.0
ATF2	0.8489	1.0	0.527
PAX5	0.8095	0.5444	1.0
STAT5B	0.5459	0.5796	0.6195
PML	0.8085	0.5463	1.0
CLOCK	0.8271	0.5497	1.0
BCL6	0.8346	1.0	0.5546
FOXO4	0.7829	1.0	0.558
RUNX2	0.8364	0.5581	1.0
CDKN1A	0.8188	1.0	0.5737
HDAC2	0.5751	0.6453	0.59
SRF	0.8116	1.0	0.5782
LEF1	0.8438	0.5787	1.0
DNMT1	0.8353	0.5906	1.0
NCOA3	0.8972	0.6303	1.0
STAT3	0.8303	0.866	0.6492
STAT5A	0.8826	1.0	0.6583
SMAD4	0.8841	1.0	0.6637
USF2	0.9114	0.6701	1.0
USF1	0.9232	0.6889	1.0
CREBBP	0.9275	0.9659	0.739
FOXO1	0.9599	0.7622	1.0
PPARGC1A	0.8381	0.7715	0.8252
SP1	0.9542	0.9564	0.7769
SMAD3	0.9633	0.7782	1.0
JUN	0.8812	0.8561	0.7828
CTNNB1	0.956	1.0	0.7983
FOXO3	0.9535	1.0	0.8025
CREB1	0.9622	1.0	0.818
AR	0.9856	1.0	0.8817
PPARG	0.9399	0.8838	0.8973
EGR1	0.9513	0.8948	0.9153
ATF1	1.0	1.0	1.0
SOX17	1.0	1.0	1.0
AKT1	1.0	1.0	1.0
MEF2A	1.0	1.0	1.0
MED8	1.0	1.0	1.0
MED9	1.0	1.0	1.0
MED4	1.0	1.0	1.0
MED6	1.0	1.0	1.0
MED7	1.0	1.0	1.0
HOXB7	1.0	1.0	1.0
ABCB1	1.0	1.0	1.0
GATA6	1.0	1.0	1.0
GATA4	1.0	1.0	1.0
TERT	1.0	1.0	1.0
ZBTB7A	1.0	1.0	1.0
BTF3	1.0	1.0	1.0
CDK19	1.0	1.0	1.0
ZNF382	1.0	1.0	1.0
CDC6	1.0	1.0	1.0
SNAI1	1.0	1.0	1.0
SNAI2	1.0	1.0	1.0
NANOG	1.0	1.0	1.0
MED19	1.0	1.0	1.0
MED16	1.0	1.0	1.0
MED15	1.0	1.0	1.0
MED18	1.0	1.0	1.0
MED17	1.0	1.0	1.0
GLI2	1.0	1.0	1.0
MED12	1.0	1.0	1.0
ING4	1.0	1.0	1.0
MED11	1.0	1.0	1.0
MED14	1.0	1.0	1.0
MED13	1.0	1.0	1.0
HEY1	1.0	1.0	1.0
MED10	1.0	1.0	1.0
HEY2	1.0	1.0	1.0
TIMP3	1.0	1.0	1.0
JAK2	1.0	1.0	1.0
PAX3	1.0	1.0	1.0
PAX6	1.0	1.0	1.0
MED27	1.0	1.0	1.0
MED26	1.0	1.0	1.0
MED29	1.0	1.0	1.0
POU5F1	1.0	1.0	1.0
MED28	1.0	1.0	1.0
MED23	1.0	1.0	1.0
MED22	1.0	1.0	1.0
MED25	1.0	1.0	1.0
MED24	1.0	1.0	1.0
MMP13	1.0	1.0	1.0
ZEB1	1.0	1.0	1.0
PAX8	1.0	1.0	1.0
MED21	1.0	1.0	1.0
MTF1	1.0	1.0	1.0
MED20	1.0	1.0	1.0
PPARD	1.0	1.0	1.0
ASCL1	1.0	1.0	1.0
PTGS2	1.0	1.0	1.0
IL12RB1	1.0	1.0	1.0
IL12RB2	1.0	1.0	1.0
HIPK2	1.0	1.0	1.0
SALL4	1.0	1.0	1.0
PITX1	1.0	1.0	1.0
MEN1	1.0	1.0	1.0
MITF	1.0	1.0	1.0
CDC25A	1.0	1.0	1.0
HIC1	1.0	1.0	1.0
PGR	1.0	1.0	1.0
TNFRSF11B	1.0	1.0	1.0
MED30	1.0	1.0	1.0
MED31	1.0	1.0	1.0
ABL1	1.0	1.0	1.0
NFKB2	1.0	1.0	1.0
MLXIPL	1.0	1.0	1.0
CDK8	1.0	1.0	1.0
BCL2	1.0	1.0	1.0
NFE2L2	1.0	1.0	1.0
PPP1R13B	1.0	1.0	1.0
NKX3-1	1.0	1.0	1.0
MET	1.0	1.0	1.0
HDAC4	1.0	1.0	1.0
HDAC5	1.0	1.0	1.0
IL2RG	1.0	1.0	1.0
HDAC9	1.0	1.0	1.0
KLF2	1.0	1.0	1.0
KLF8	1.0	1.0	1.0
KLF6	1.0	1.0	1.0
IL23R	1.0	1.0	1.0
CCNC	1.0	1.0	1.0
TRIM28	1.0	1.0	1.0
IL12B	1.0	1.0	1.0
IL12A	1.0	1.0	1.0
IL23A	1.0	1.0	1.0
EPAS1	1.0	1.0	1.0
KLK3	1.0	1.0	1.0
TP53BP2	1.0	1.0	1.0
FOXF2	1.0	1.0	1.0
SMARCA4	1.0	1.0	1.0
MED13L	1.0	1.0	1.0
MLX	1.0	1.0	1.0
PARP1	1.0	1.0	1.0
TSC22D3	1.0	1.0	1.0
TYK2	1.0	1.0	1.0
NR5A1	1.0	1.0	1.0
HSF1	1.0	1.0	1.0
VEGFA	1.0	1.0	1.0
HDGF	1.0	1.0	1.0
HOXA10	1.0	1.0	1.0
MSX2	1.0	1.0	1.0
TFAP2B	1.0	1.0	1.0
TFAP2C	1.0	1.0	1.0
VDR	1.0	1.0	1.0
HMGA1	1.0	1.0	1.0
IL2	1.0	1.0	1.0
TCF4	1.0	1.0	1.0
TCF3	1.0	1.0	1.0
KLF10	1.0	1.0	1.0
ELF3	1.0	1.0	1.0
DCT	1.0	1.0	1.0
THRAP3	1.0	1.0	1.0
IRF9	1.0	1.0	1.0
ERBB4	1.0	1.0	1.0
FAM120B	1.0	1.0	1.0
MAPK1	1.0	1.0	1.0
HES1	1.0	1.0	1.0
MAPK3	1.0	1.0	1.0
RBMX	1.0	1.0	1.0