Overall graph size pval = 0.0591
Gene	Downstream crowded pval	Downstream suggests activation pval	Downstream suggests inhibition pval
MYC	0.2269	0.9997	1.0E-4
TFDP1	0.0019	0.4822	1.0E-4
E2F3	0.0052	0.9325	1.0E-4
E2F4	0.0622	1.0E-4	1.0
RBL2	0.0177	1.0E-4	1.0
RBL1	0.0085	1.0E-4	1.0
E2F2	0.0108	1.0	2.0E-4
SMAD4	6.0E-4	2.0E-4	0.6183
RUVBL2	0.0262	1.0	3.0E-4
RUNX2	5.0E-4	3.0E-4	0.4077
MAX	0.0514	0.9304	5.0E-4
E2F5	0.0549	5.0E-4	1.0
TRRAP	0.056	1.0	6.0E-4
ESRRA	0.0247	1.0	8.0E-4
MYCN	0.0888	0.9771	9.0E-4
MYBL2	0.0246	1.0	0.0011
ESR1	0.0046	0.0012	0.5922
NRF1	0.0434	0.8687	0.0013
E2F1	0.1224	0.9115	0.0013
ACTL6A	0.0851	1.0	0.0032
E2F6	0.1304	0.0032	1.0
PTTG1	0.0072	0.3416	0.0032
CDKN2A	0.0073	0.4666	0.0036
CDK1	0.0489	1.0	0.0043
NOTCH1	0.007	0.0051	0.5758
SRF	0.0127	0.0052	0.6603
TP53	0.0848	0.0063	0.8711
KLF2	0.0673	0.0068	1.0
PARP1	0.0078	0.2585	0.0177
ETV6	0.0477	0.0078	1.0
RUVBL1	0.1245	1.0	0.0085
EPAS1	0.0769	0.009	1.0
SMAD2	0.0457	0.0098	1.0
IL4	0.1577	0.01	1.0
PITX2	0.0455	0.011	1.0
KAT5	0.0564	0.7474	0.0111
ETS1	0.2079	0.0111	1.0
RBPJ	0.0276	0.0117	0.7457
GABPA	0.2334	1.0	0.014
GABPB1	0.2358	1.0	0.0142
MED8	0.0708	0.0149	1.0
MED9	0.0708	0.0149	1.0
MED4	0.0708	0.0149	1.0
MED6	0.0708	0.0149	1.0
MED7	0.0708	0.0149	1.0
CDK19	0.0708	0.0149	1.0
MED19	0.0708	0.0149	1.0
MED16	0.0708	0.0149	1.0
MED15	0.0708	0.0149	1.0
MED18	0.0708	0.0149	1.0
MED17	0.0708	0.0149	1.0
MED11	0.0708	0.0149	1.0
MED14	0.0708	0.0149	1.0
MED13	0.0708	0.0149	1.0
MED10	0.0708	0.0149	1.0
MED27	0.0708	0.0149	1.0
MED26	0.0708	0.0149	1.0
MED29	0.0708	0.0149	1.0
MED28	0.0708	0.0149	1.0
MED22	0.0708	0.0149	1.0
MED25	0.0708	0.0149	1.0
MED24	0.0708	0.0149	1.0
MED21	0.0708	0.0149	1.0
MED20	0.0708	0.0149	1.0
MED30	0.0708	0.0149	1.0
MED31	0.0708	0.0149	1.0
CDK8	0.0708	0.0149	1.0
CCNC	0.0708	0.0149	1.0
MED13L	0.0708	0.0149	1.0
FAM120B	0.0708	0.0149	1.0
LIN54	0.0151	0.03	0.2399
LIN52	0.0151	0.03	0.2399
LIN37	0.0151	0.03	0.2399
LIN9	0.0151	0.03	0.2399
HOXB7	0.0225	0.0154	0.5622
SNW1	0.0161	0.0192	0.4254
GATA2	0.1618	0.0174	1.0
GATA3	0.1267	0.0183	0.9092
FOXM1	0.0332	0.3932	0.0187
FANCD2	0.2232	1.0	0.0193
EZH2	0.0199	0.0767	0.1229
PPARGC1A	0.0206	0.0824	0.123
KLF10	0.1227	0.0222	1.0
ZNF382	0.0226	0.4566	0.0282
POLR2F	0.2758	1.0	0.0228
THRAP3	0.0276	0.023	0.4942
KLF4	0.0492	0.0235	0.5579
KAT2A	0.0238	0.1545	0.0765
MED23	0.1	0.0242	1.0
WWTR1	0.0995	0.0243	1.0
FOSL1	0.0273	0.0244	0.4642
CTNNB1	0.0895	0.0245	0.827
POU1F1	0.0789	0.0282	1.0
PCNA	0.2271	1.0	0.0291
POLE3	0.2301	1.0	0.0295
ASF1B	0.2322	1.0	0.0305
MED12	0.1317	0.0319	1.0
TWIST2	0.0382	0.1433	0.1438
RB1	0.195	0.0388	0.8004
MITF	0.1623	0.0389	1.0
NELFCD	0.13	0.7316	0.0399
MAML2	0.0611	0.0406	0.6298
IL13	0.3546	0.0423	1.0
MCM5	0.2369	1.0	0.0427
NKX3-1	0.0462	0.3146	0.1043
CITED2	0.0464	0.0784	0.3575
TSC22D3	0.0485	0.3127	0.1012
NCOA3	0.0486	0.1424	0.1732
HIST2H2AA3	0.0496	0.121	0.2674
HIST2H2AC	0.0496	0.121	0.2674
HIST1H2AD	0.0496	0.121	0.2674
HIST1H2AB	0.0496	0.121	0.2674
HIST1H2AJ	0.0496	0.121	0.2674
H2AFB1	0.0496	0.121	0.2674
H2AFJ	0.0496	0.121	0.2674
H2AFZ	0.0496	0.121	0.2674
H2AFX	0.0496	0.121	0.2674
H2AFV	0.0496	0.121	0.2674
ELK1	0.3917	1.0	0.0501
BRCA1	0.1068	0.5653	0.0513
SMAD3	0.0516	0.1216	0.206
SMAD7	0.0544	0.3048	0.0887
MAML1	0.1021	0.0551	0.7132
HEY2	0.0687	0.0552	0.5335
ZBTB17	0.0591	0.4223	0.0576
EGR1	0.0607	0.058	0.4298
ZNF300	0.2286	1.0	0.0588
CDC25A	0.3186	1.0	0.059
STAT6	0.3807	0.0593	1.0
CDC6	0.1206	0.6127	0.0603
RAD51D	0.3818	1.0	0.0631
MDC1	0.382	1.0	0.0632
ATR	0.3791	1.0	0.0634
FOXP2	0.2338	0.0645	1.0
FOS	0.2481	0.0649	0.887
REL	0.2134	0.7788	0.0668
RBBP4	0.0781	0.0676	0.4304
SIRT1	0.0678	0.1734	0.1857
WT1	0.1526	0.6744	0.0684
ATF3	0.2886	1.0	0.0686
MSC	0.2763	0.0691	1.0
NFIC	0.3917	1.0	0.0699
ELL	0.1697	0.7291	0.0704
TFDP2	0.0739	0.3239	0.0838
HSF1	0.0775	0.3804	0.0936
CDK12	0.4493	1.0	0.0793
ELOA	0.4493	1.0	0.0793
ELOB	0.4493	1.0	0.0793
ELOC	0.4493	1.0	0.0793
NELFA	0.4493	1.0	0.0793
NELFE	0.4493	1.0	0.0793
CTDP1	0.4493	1.0	0.0793
GTF2H1	0.4493	1.0	0.0793
GTF2H3	0.4493	1.0	0.0793
GTF2H4	0.4493	1.0	0.0793
GTF2H5	0.4493	1.0	0.0793
CCNT2	0.4493	1.0	0.0793
SUPT16H	0.4493	1.0	0.0793
ELOA2	0.4493	1.0	0.0793
ELOA3	0.4493	1.0	0.0793
CDK7	0.4493	1.0	0.0793
MNAT1	0.4493	1.0	0.0793
CCNK	0.4493	1.0	0.0793
CCNH	0.4493	1.0	0.0793
SUPT4H1	0.4493	1.0	0.0793
ELOA3D	0.4493	1.0	0.0793
TCEA1	0.4493	1.0	0.0793
ELOA3B	0.4493	1.0	0.0793
SUPT5H	0.4493	1.0	0.0793
ERCC3	0.4493	1.0	0.0793
VHL	0.3867	0.08	1.0
MMP13	0.2351	0.0801	1.0
TFE3	0.0844	0.1641	0.3119
HIST3H2BB	0.0845	0.165	0.3119
H3F3B	0.0845	0.165	0.3119
HIST2H3C	0.0845	0.165	0.3119
HIST1H3E	0.0845	0.165	0.3119
HIST1H4C	0.0845	0.165	0.3119
HIST1H2AC	0.0845	0.165	0.3119
HIST1H2BH	0.0845	0.165	0.3119
HIST1H2BG	0.0845	0.165	0.3119
HIST1H2BB	0.0845	0.165	0.3119
HIST1H2BA	0.0845	0.165	0.3119
HIST1H2BD	0.0845	0.165	0.3119
H2BFS	0.0845	0.165	0.3119
HIST1H2BN	0.0845	0.165	0.3119
HIST1H2BM	0.0845	0.165	0.3119
HIST1H2BO	0.0845	0.165	0.3119
HIST1H2BJ	0.0845	0.165	0.3119
HIST1H2BL	0.0845	0.165	0.3119
HIST1H2BK	0.0845	0.165	0.3119
LEF1	0.2884	0.0879	0.9138
HIC1	0.094	0.1865	0.2834
PROX1	0.3427	1.0	0.0948
BCL2	0.0962	0.1209	0.4524
APC	0.4501	0.0967	1.0
EDNRA	0.2288	0.0974	1.0
NF1	0.3795	1.0	0.0977
CCNT1	0.5191	1.0	0.0978
GTF2F1	0.5191	1.0	0.0978
GTF2F2	0.5191	1.0	0.0978
CDK9	0.5191	1.0	0.0978
POLR2A	0.5191	1.0	0.0978
POLR2B	0.5191	1.0	0.0978
POLR2C	0.5191	1.0	0.0978
POLR2D	0.5191	1.0	0.0978
POLR2E	0.5191	1.0	0.0978
POLR2G	0.5191	1.0	0.0978
POLR2H	0.5191	1.0	0.0978
POLR2I	0.5191	1.0	0.0978
POLR2J	0.5191	1.0	0.0978
POLR2K	0.5191	1.0	0.0978
POLR2L	0.5191	1.0	0.0978
IRF2	0.3076	1.0	0.0978
HEY1	0.1028	0.1004	0.4637
CDKN1A	0.1014	0.1342	0.3918
ATF4	0.3912	0.8541	0.1028
ERBB4	0.1343	0.1058	0.6014
TWIST1	0.1069	0.3569	0.1393
MAML3	0.1305	0.1091	0.6049
MAMLD1	0.1305	0.1091	0.6049
RELA	0.2194	0.1137	0.6847
PTGDR	0.1378	0.4236	0.1154
SSRP1	0.2773	0.7346	0.1158
GTF2H2	0.2219	0.674	0.116
JUN	0.1692	0.117	0.5857
SIN3A	0.5893	0.1171	1.0
NELFB	0.515	1.0	0.1192
DCT	0.3057	0.1201	1.0
CREB1	0.2736	0.6648	0.1214
NKX2-5	0.3124	1.0	0.1224
HIST2H2BE	0.1254	0.1905	0.3973
NFKB1	0.1858	0.13	0.5738
NPM1	0.1312	0.292	0.2569
EP300	0.2553	0.1337	0.7515
NANOG	0.1341	0.1507	0.4199
HDAC7	0.1756	0.6203	0.1373
TCF3	0.4511	0.1389	1.0
HBP1	0.3148	1.0	0.1447
IL6ST	0.3048	0.1459	1.0
HDAC4	0.4399	1.0	0.1465
MYB	0.3339	0.7098	0.147
KAT2B	0.1474	0.1934	0.406
TP63	0.2763	0.1528	0.7374
NPAS2	0.1973	0.153	0.6611
MAPK3	0.3422	0.1535	1.0
SNAI2	0.2942	0.1575	0.7518
POU5F1	0.1606	0.333	0.2279
ERG	0.5042	0.1609	1.0
YY1	0.2049	0.5163	0.1629
AGO2	0.1634	0.5278	0.1799
YBX1	0.4613	0.164	0.917
NOTCH4	0.3026	0.1662	1.0
MLX	0.3097	0.169	1.0
HDAC5	0.3817	1.0	0.1692
AHR	0.1716	0.431	0.1899
CBFB	0.4433	0.1725	0.9356
MAPK1	0.1736	0.1875	0.5241
DNMT1	0.5678	1.0	0.176
KLF8	0.1769	0.1913	0.5085
IRF3	0.1777	0.2148	0.4801
ARNT	0.6139	0.1788	0.9901
ARNTL	0.2356	0.1798	0.6812
SP1	0.3682	0.1803	0.7972
VEGFA	0.3802	0.1903	1.0
LMO2	0.2263	0.6043	0.1912
IRF9	0.4601	0.1917	1.0
SMARCA4	0.3311	0.71	0.2021
MOV10	0.2023	0.5536	0.2129
AGO3	0.2023	0.5536	0.2129
AGO4	0.2023	0.5536	0.2129
AGO1	0.2023	0.5536	0.2129
TNRC6C	0.2023	0.5536	0.2129
TNRC6A	0.2023	0.5536	0.2129
TNRC6B	0.2023	0.5536	0.2129
PPARG	0.2039	0.2828	0.3612
SP3	0.2299	0.2073	0.524
HDAC2	0.545	1.0	0.2078
TERT	0.2777	0.2093	0.6507
SOX2	0.2209	0.3342	0.3494
SNAI1	0.2228	0.5109	0.2612
ERCC2	0.4404	0.7921	0.2256
PURA	0.2264	0.3109	0.4416
TP73	0.4823	0.758	0.2268
DLX5	0.2285	0.4385	0.3106
NCOA1	0.5671	0.2298	0.9664
TCF7L2	0.2305	0.3796	0.316
MSX1	0.2314	0.4509	0.3188
POU4F1	0.2318	0.4094	0.3594
MLLT10	0.2347	0.3643	0.4098
PIK3CA	0.2369	0.45	0.3218
FOXQ1	0.2412	0.4873	0.2727
CLOCK	0.3509	0.2505	0.7498
IRF1	0.3223	0.2515	0.6255
NFYA	0.6544	0.8956	0.255
ATM	0.8048	1.0	0.2607
MLXIPL	0.4522	0.2636	1.0
JAK3	0.6393	1.0	0.2659
E2F7	0.6487	0.2661	1.0
SUPT7L	0.6407	1.0	0.2667
TAF12	0.6407	1.0	0.2667
TAF10	0.6407	1.0	0.2667
MTOR	0.64	1.0	0.2679
NCOR1	0.3506	0.2689	0.6049
PRDM1	0.6381	0.2695	1.0
NR2F1	0.6422	0.2723	1.0
JUNB	0.6399	0.2764	1.0
CCND1	0.4411	0.7722	0.2767
JUND	0.2892	0.3152	0.4943
HES1	0.2952	0.3531	0.4728
GLI2	0.6376	0.3028	1.0
ZBTB7A	0.6975	0.304	1.0
RUNX1	0.6615	0.304	0.9625
TRIM28	0.699	0.3053	1.0
MET	0.3059	0.5207	0.3541
POU2F1	0.3958	0.3069	0.7263
ZEB2	0.3072	0.4444	0.4454
HMGA1	0.3396	0.3073	0.6217
JAK1	0.7049	1.0	0.3078
SUPT3H	0.7069	1.0	0.3088
SOX6	0.3093	0.3983	0.4898
CCND3	0.31	0.4808	0.4039
FOSL2	0.5966	0.3102	1.0
SALL4	0.3102	0.4473	0.4434
GATA6	0.3106	0.4855	0.4124
SOX17	0.3118	0.3653	0.5238
BCL6	0.312	0.4399	0.3937
TAL1	0.3126	0.4813	0.4039
RUNX3	0.313	0.4541	0.3573
SP4	0.7136	1.0	0.3143
RXRB	0.6415	1.0	0.3186
TFAP2B	0.648	1.0	0.3213
FOXD3	0.6436	1.0	0.3215
ZFHX3	0.6424	0.3232	1.0
ATF5	0.6388	1.0	0.3241
HOXA10	0.6774	1.0	0.3246
EDN1	0.5726	0.3312	1.0
NR4A1	0.3954	0.335	0.6688
KLF5	0.3355	0.4126	0.5
TFAP2C	0.3429	0.3943	0.5299
PPP1R13B	0.7605	1.0	0.3455
TP53BP2	0.7605	1.0	0.3455
TCF4	0.596	0.8459	0.3478
MTA1	0.3488	0.4772	0.4191
FANCI	0.759	1.0	0.3518
AKT1	0.7003	1.0	0.354
SATB1	0.627	0.3569	1.0
RXRG	0.7073	1.0	0.36
DAPK2	0.6477	1.0	0.3627
MCM6	0.6422	1.0	0.3629
ANKRD1	0.639	1.0	0.3635
CTCF	0.6371	0.3656	1.0
TIMP3	0.6443	1.0	0.3669
CIITA	0.796	1.0	0.3703
ELF3	0.3826	0.5489	0.4377
ESR2	0.383	0.4841	0.5132
XBP1	0.6291	0.7823	0.3838
NOTCH3	0.3857	0.4111	0.5906
ETV4	0.6358	0.3867	1.0
PITX1	0.3869	0.5634	0.4231
ATF2	0.4573	0.387	0.6595
RAD51	0.4513	0.6646	0.3888
PAX5	0.3893	0.5291	0.4145
HELZ2	0.6953	0.3926	0.9503
TAF9	0.4572	0.6583	0.3963
F2	0.7103	1.0	0.4002
LHX2	0.633	0.4014	1.0
PIAS1	0.7079	1.0	0.4021
EHMT2	0.7138	0.4029	1.0
GATA4	0.6885	0.4069	1.0
HDAC1	0.4365	0.4188	0.5551
PML	0.6389	0.8406	0.4226
CHEK1	0.8016	1.0	0.4294
CDX2	0.7497	0.4323	1.0
MED1	0.7417	0.4341	0.9561
FOSB	0.7045	1.0	0.4381
OTX2	0.5273	0.7087	0.4389
HIPK2	0.7613	0.4427	1.0
DDIT3	0.5989	0.7952	0.4431
NR2F2	0.6405	1.0	0.4469
ING4	0.5465	0.7444	0.4477
ING1	0.642	0.4478	1.0
MAF	0.6411	0.4487	1.0
FOXF2	0.4487	0.5097	0.5694
MAZ	0.6423	0.4542	1.0
HDAC3	0.5188	0.7307	0.4574
HIF1A	0.6894	0.4594	0.8672
PAX8	0.4616	0.5871	0.5101
ELF1	0.5156	0.6681	0.4672
NCOA2	0.6571	0.4694	0.8424
INS	0.7533	1.0	0.4724
SOX9	0.7582	0.4729	1.0
HIF3A	0.6465	0.4846	1.0
PAX3	0.6417	0.4847	1.0
IL8	0.7696	1.0	0.4872
GLI3	0.7673	0.4877	1.0
CREB3L3	0.6509	0.4914	1.0
TCF7	0.6409	0.4915	1.0
IL2RG	0.8969	1.0	0.4919
NEUROG3	0.6475	0.4941	1.0
NR1H4	0.7909	0.4953	1.0
PBX1	0.6504	0.4968	1.0
NOTCH2	0.6509	0.5011	1.0
APEX1	0.5173	0.6534	0.5032
TBX21	0.8116	0.5135	1.0
ILF3	0.7067	0.5179	1.0
USF2	0.7377	0.8386	0.5199
BTF3	0.521	0.5687	0.6036
RORA	0.7061	0.5248	1.0
IL2RB	0.8971	1.0	0.5302
SPDEF	0.5801	0.7016	0.5309
NR1H3	0.7001	0.5491	1.0
IL37	0.9295	1.0	0.5516
NR5A1	0.9118	1.0	0.5527
MMP7	0.7081	0.5536	1.0
IL2RA	0.6837	0.784	0.56
CREBBP	0.7438	0.562	0.8551
PAX6	0.6309	0.7301	0.5627
MSX2	0.8072	1.0	0.574
TFAP2A	0.5747	0.584	0.592
ZFP36	0.8024	1.0	0.5755
IRF8	0.7995	0.5779	1.0
HNF4A	0.8871	0.9566	0.5781
KLK3	0.7579	0.5792	1.0
FOXA1	0.9344	0.5835	1.0
CEBPB	0.8438	0.5858	0.9632
STAT5B	0.6471	0.692	0.5859
TBP	0.8687	1.0	0.5908
NFATC3	0.8203	0.5967	1.0
PPARD	0.8957	1.0	0.6001
MEF2C	0.8088	0.6036	1.0
NFATC1	0.8492	0.6133	1.0
ONECUT1	0.76	0.6139	1.0
ASCL1	0.774	1.0	0.6196
CEBPD	0.854	0.6289	1.0
RARA	0.7101	0.6323	0.7842
FOXP3	0.8479	0.6349	1.0
CD3D	0.8072	0.6351	1.0
MECP2	0.7104	0.7429	0.6353
REST	0.8742	1.0	0.6366
KLF6	0.727	0.7881	0.6387
GATA1	0.8354	0.6419	0.9149
GLI1	0.7288	0.785	0.6449
AR	0.9811	0.6498	1.0
ABL1	0.8392	0.6538	1.0
RXRA	0.7407	0.6578	0.7544
NR1I2	0.9126	0.6584	1.0
IL2	0.8001	0.8516	0.6616
FOXA3	0.8092	0.6626	1.0
HDAC9	0.8045	0.6629	0.8483
SREBF2	0.8576	0.8805	0.6698
ATF1	0.839	0.6721	1.0
ZEB1	0.8715	1.0	0.6724
USF1	0.8701	0.8979	0.6742
STAT5A	0.7333	0.7266	0.6788
NR3C1	0.9282	0.9633	0.6806
PGR	0.6832	0.6939	0.6918
FLI1	0.7637	0.7993	0.6876
SPP1	0.8443	0.7079	1.0
FOXA2	0.8018	0.72	0.79
PPARA	0.898	0.7419	0.9129
ABCB1	0.8756	0.7477	1.0
NFYC	0.8276	0.8069	0.759
HNF1A	0.9881	1.0	0.7672
CEBPA	0.961	0.7739	1.0
NFYB	0.8514	0.8254	0.7739
NFKBIA	0.897	0.774	0.9047
SMARCD3	0.9017	0.778	0.9194
CHD9	0.9017	0.778	0.9194
TGS1	0.9017	0.778	0.9194
TBL1X	0.9031	0.7786	0.9202
TBL1XR1	0.9031	0.7786	0.9202
SREBF1	0.8785	0.84	0.781
STAT3	0.9391	0.7853	0.9396
NCOA6	0.9322	0.8242	0.9327
FOXO3	0.9239	0.8282	0.9145
CARM1	0.9386	0.8332	0.9393
IL12RB2	0.9461	0.8379	1.0
IL12A	0.9461	0.8379	1.0
STAT1	0.9258	0.8403	0.8805
NFATC2	0.9104	0.8683	0.8446
FOXO1	0.9466	0.9089	0.8605
IL23R	0.9552	0.8648	1.0
STAT4	0.9645	0.8744	0.9438
IL12RB1	0.9795	0.8793	1.0
IL12B	0.9795	0.8793	1.0
IL23A	0.9632	0.8832	1.0
TYK2	0.9829	0.886	1.0
JAK2	0.9853	0.893	1.0
ETS2	0.969	0.8948	1.0
FOXO4	0.9819	0.9268	1.0
IL10	0.9967	1.0	0.9322
SPI1	0.9967	0.9431	1.0
HOXA9	1.0	1.0	1.0
MEF2A	1.0	1.0	1.0
PRKCQ	1.0	1.0	1.0
ATF6	1.0	1.0	1.0
SF1	1.0	1.0	1.0
ABCA3	1.0	1.0	1.0
NR0B1	1.0	1.0	1.0
NR1D1	1.0	1.0	1.0
SERPINB5	1.0	1.0	1.0
MTF1	1.0	1.0	1.0
PTGS2	1.0	1.0	1.0
EGFR	1.0	1.0	1.0
MEF2D	1.0	1.0	1.0
NR1H2	1.0	1.0	1.0
TNF	1.0	1.0	1.0
MEN1	1.0	1.0	1.0
AIP	1.0	1.0	1.0
CREM	1.0	1.0	1.0
TNFRSF11B	1.0	1.0	1.0
ZBTB16	1.0	1.0	1.0
NFKB2	1.0	1.0	1.0
SP2	1.0	1.0	1.0
NFE2L2	1.0	1.0	1.0
FOXL2	1.0	1.0	1.0
CD247	1.0	1.0	1.0
EGR2	1.0	1.0	1.0
TRERF1	1.0	1.0	1.0
IL18	1.0	1.0	1.0
NR5A2	1.0	1.0	1.0
HSF2	1.0	1.0	1.0
PER1	1.0	1.0	1.0
HDGF	1.0	1.0	1.0
IL18R1	1.0	1.0	1.0
IHH	1.0	1.0	1.0
NR3C2	1.0	1.0	1.0
IL18RAP	1.0	1.0	1.0
TGFB1	1.0	1.0	1.0
VDR	1.0	1.0	1.0
PTCH1	1.0	1.0	1.0
IRF4	1.0	1.0	1.0
IRF7	1.0	1.0	1.0
CREB5	1.0	1.0	1.0
PDX1	1.0	1.0	1.0
MAPK14	1.0	1.0	1.0
RBMX	1.0	1.0	1.0