

Data type: org.panda.causalpath.data.SiteModProteinData
Row ID	Change amount	P-value	Q-value
TP53BP1-P-S1618	1.1836993549368526	0.3061441054817888	194.09536287545407
TTK-P-S821	1.1836993549368526	0.3061441054817888	97.04768143772704
DDB2-P-S26	-1.033048805323401	0.3559201733903674	75.2177966431643
CHEK2-P-S303	0.9927873176860181	0.3705424308149407	58.7309752841681
RBBP8-P-T315	-0.8001249466336207	0.4492728254830066	56.96779427124524
APBB1-P-T709	0.7815265891968317	0.45770674752067325	48.36434632135114
TP53BP1-P-S1635	-0.7815265891968317	0.45770674752067325	41.455153989729546
TREX1-P-S167	-0.7815265891968317	0.45770674752067325	36.273259741013355
BOD1L1-P-S1531	0.7815265891968317	0.45770674752067325	29.018607792810684
TCEA1-P-S100	-0.7815265891968317	0.45770674752067325	26.380552538918803
NBN-P-S509	0.7815265891968317	0.45770674752067325	22.322005994469755
RAD50-P-S635	0.7815265891968317	0.45770674752067325	14.509303896405342
SAMHD1-P-S278	0.7815265891968317	0.45770674752067325	13.818384663243183
H2AX-P-Y143	0.7815265891968317	0.45770674752067325	12.61678599687421
SETMAR-P-S410	-0.7815265891968317	0.45770674752067325	11.607443117124273
RECQL4-P-S89	-0.7815265891968317	0.45770674752067325	10.363788497432386
RECQL5-P-S815	-0.7815265891968317	0.45770674752067325	9.672869264270227
BOD1L1-P-S2986	-0.7815265891968317	0.45770674752067325	32.24289754756742
TP53BP1-P-T591	0.7815265891968317	0.45770674752067325	24.18217316067557
BOD1L1-P-S2905	0.7815265891968317	0.45770674752067325	20.727576994864773
CETN2-P-S20	-0.7815265891968317	0.45770674752067325	19.345738528540455
PARP4-P-S1722	0.7815265891968317	0.45770674752067325	18.136629870506678
NBN-P-S343	0.7815265891968317	0.45770674752067325	17.069769289888637
PARG-P-S197	-0.7815265891968317	0.45770674752067325	16.12144877378371
DCTPP1-P-S150	0.7815265891968317	0.45770674752067325	15.27295146990036
MCM3-P-T722	-0.7815265891968317	0.45770674752067325	13.190276269459401
MCM6-P-S762	0.7815265891968317	0.45770674752067325	12.091086580337786
NSD2-P-S121	-0.7815265891968317	0.45770674752067325	11.161002997234878
CHAF1A-P-S206	-0.7815265891968317	0.45770674752067325	10.747632515855809
SETMAR-P-S508	-0.7815265891968317	0.45770674752067325	10.006416480279546
XRCC6-P-T455	0.7464000205936128	0.4740701271797579	9.695498730063436
H2AX-P-S140	0.6566874579537109	0.5185662650905898	10.27409412710731
ERCC6L-P-S820	0.5981733950117244	0.5498150142749549	10.563112698494589
FANCD2-P-S1435	-0.5981733950117244	0.5498150142749549	10.252432913244748
USP10-P-S576	-0.5964107164312256	0.5507850160733981	9.977077148300983
KAT5-P-S86-S90	-0.5964107164312256	0.5507850160733981	9.699936116403734
TP53BP1-P-S1426	0.5964107164312256	0.5507850160733981	9.437775680825254
SIRT6-P-S330	-0.5851544097257823	0.5570198458898382	9.293436376162036
RAD9A-P-S387	-0.5741352812875377	0.5631916606752928	8.708866167515504
XRCC1-P-S461	-0.5741352812875377	0.5631916606752928	8.501512211146087
TOP2B-P-S1413	-0.5741352812875377	0.5631916606752928	8.303802624840364
BAZ1B-P-S493	0.5741352812875377	0.5631916606752928	7.762250279742079
TOP2B-P-S1375	0.5741352812875377	0.5631916606752928	7.287010466696646
TP53BP1-P-S1426-S1430	0.5741352812875377	0.5631916606752928	7.001245350355601
TOP2A-P-S1351-S1354	-0.5741352812875377	0.5631916606752928	6.7370474126063336
XRCC6-P-S2	0.5741352812875377	0.5631916606752928	6.612287275335846
BAZ1B-P-S1342	-0.5741352812875377	0.5631916606752928	9.155474688926555
RIF1-P-S1454	0.5741352812875377	0.5631916606752928	8.926587821703391
TP53BP1-P-S635	-0.5741352812875377	0.5631916606752928	8.115079837912175
MGMT-P-S201	-0.5741352812875377	0.5631916606752928	7.934744730403015
BOD1L1-P-S2954	0.5741352812875377	0.5631916606752928	7.597096018470972
TICRR-P-S292	-0.5741352812875377	0.5631916606752928	7.438823184752827
TIMELESS-P-S1121	-0.5741352812875377	0.5631916606752928	7.141270257362713
WRN-P-S1133	0.5741352812875377	0.5631916606752928	6.8666060166949165
TP53BP1-P-S523-S525	-0.5741352812875377	0.5631916606752928	6.492063870329739
UNG-P-S23	0.5492579147554725	0.577378115221299	6.2043682211915865
TCEA1-P-S81	0.5492579147554725	0.577378115221299	6.1009620841717265
CUL4B-P-S146	-0.5492579147554725	0.577378115221299	6.5367450901839925
BAZ1B-P-S158	-0.5492579147554725	0.577378115221299	6.422065351759712
SMARCAL1-P-S112	-0.5492579147554725	0.577378115221299	6.3113400870742
HERC2-P-S1942	-0.5492579147554725	0.577378115221299	6.000946312300059
RECQL5-P-S491	-0.543042368240781	0.5809780118258535	5.940968701574051
REV3L-P-S1967	0.543042368240781	0.5809780118258535	5.846667611072875
XRCC6-P-S520	0.5231202129152732	0.5926684083157183	5.871121419877585
PARG-P-S316	-0.507625933186544	0.6019228890320809	5.871063256097528
TP53BP1-P-S630	-0.4634385489938675	0.6291166735176205	6.043332894093505
TERF2IP-P-S154	0.4595055333911159	0.6315958713766358	5.803359165982421
FANCD2-P-S1412	-0.4595055333911159	0.6315958713766358	5.720454035039815
XRCC1-P-S266	0.4595055333911159	0.6315958713766358	5.639884259898409
BOD1L1-P-S538	0.4595055333911159	0.6315958713766358	5.26883924279983
RIF1-P-S2348	0.4595055333911159	0.6315958713766358	5.976593767952045
POLD3-P-S307	-0.4595055333911159	0.6315958713766358	5.888702683129221
UFD1-P-S129	0.4595055333911159	0.6315958713766358	5.561552534066487
RMI1-P-S284	0.4595055333911159	0.6315958713766358	5.485366882914891
FTO-P-S256	-0.4595055333911159	0.6315958713766358	5.411240303416041
USP1-P-S313	0.4595055333911159	0.6315958713766358	5.339090432703827
IDH1-P-S94	-0.4128618615399516	0.6617536901499583	5.378869737885559
KAT5-P-S155	-0.4128618615399516	0.6617536901499583	5.310782779178147
TOP2B-P-S1400	-0.4128618615399516	0.6617536901499583	5.24439799443842
TP53BP1-P-T1609	0.4128618615399516	0.6617536901499583	5.179652340186093
ATR-P-S435	-0.4128618615399516	0.6617536901499583	5.44872518902693
RIF1-P-S1236	-0.4128618615399516	0.6617536901499583	5.116485848232604
TP53BP1-P-S294	-0.4128618615399516	0.6617536901499583	5.054841440422573
SLX4-P-S467	-0.4128618615399516	0.6617536901499583	4.994664756608019
ELL-P-T180	-0.4128618615399516	0.6617536901499583	4.935903994765572
ORC2-P-S111	-0.4128618615399516	0.6617536901499583	4.878509762268298
TOP2B-P-S1550	-0.4128618615399516	0.6617536901499583	4.822434937414639
SAMHD1-P-S102	0.4128618615399516	0.6617536901499583	4.767634540398563
POLR2A-P-S1882	0.4128618615399516	0.6617536901499583	4.714065612978355
SMARCA4-P-S699	-0.4128618615399516	0.6617536901499583	4.661687106167484
APBB1-P-S517	0.4128618615399516	0.6617536901499583	4.610459775330479
TIMELESS-P-S1173	-0.4128618615399516	0.6617536901499583	4.560346082120365
DUT-P-S88	-0.4128618615399516	0.6617536901499583	4.511310102742726
CHAF1A-P-S775	0.4041491340658408	0.6675445602107466	4.502375012485248
PRKDC-P-S3205	0.4041491340658408	0.6675445602107466	4.454981591301193
PIAS1-P-T508	0.40408309827920263	0.6675886434964173	4.408866666424256
RPA2-P-S238	-0.40121743283014893	0.6695044729583414	4.375936452119468
ATRIP-P-S224	0.39518144442266673	0.6735578148518869	4.357506679756085
PTEN-P-S294	-0.3886176516446417	0.6779934501428715	4.341897448389702
UNG-P-S12	-0.3886176516446417	0.6779934501428715	4.2984784739058055
MCM3-P-T674	-0.3886176516446417	0.6779934501428715	4.173280071753209
SMARCA4-P-S1453	-0.3886176516446417	0.6779934501428715	4.255919281094856
KDM4A-P-S520	-0.3886176516446417	0.6779934501428715	4.2141945822605935
RAD23A-P-S133	-0.38043422966297075	0.6835645207666647	4.167114482366014
XPC-P-S94	-0.36955407360545484	0.6910424159935952	4.172579921332756
MRE11-P-S619	0.35814209432359445	0.6989737477478765	4.180654302567488
UIMC1-P-S101	0.35814209432359445	0.6989737477478765	4.141582767029473
UBE2T-P-S184	-0.34916274808723924	0.7052783382285972	4.1402450596012095
GPS1-P-S483	-0.34916274808723924	0.7052783382285972	4.102261159971841
RAD23B-P-S160	-0.34916274808723924	0.7052783382285972	4.064967876699369
TICRR-P-T1134	-0.34916274808723924	0.7052783382285972	4.028346544476852
POLD3-P-S458	0.3489280817509521	0.7054438627330469	3.9933161515424263
PNKP-P-S114-T118	0.3489280817509521	0.7054438627330469	3.957977070555325
XRCC6-P-S477	0.34297824995383014	0.7096536463919275	3.94667027905686
FANCD2-P-S592	0.34297824995383014	0.7096536463919275	3.8128848458684916
DDB2-P-S24	-0.34297824995383014	0.7096536463919275	3.7808437967435466
RFC1-P-S69	-0.34297824995383014	0.7096536463919275	3.6578895269307483
POLE3-P-S122	0.34297824995383014	0.7096536463919275	3.5993632944998564
TP53BP1-P-S507	0.34297824995383014	0.7096536463919275	3.5426804079722993
TOP2B-P-S1466	-0.34297824995383014	0.7096536463919275	3.515003217285016
EYA2-P-S257	-0.34297824995383014	0.7096536463919275	3.487755130329318
ACTB-P-S368	-0.34297824995383014	0.7096536463919275	3.408487968276379
HERC2-P-S1577	-0.34297824995383014	0.7096536463919275	3.382860239191594
MSH6-P-S227	-0.34297824995383014	0.7096536463919275	3.3327437912035704
POLA1-P-S215	0.34297824995383014	0.7096536463919275	3.3082383221506033
ACTB-P-Y294	-0.34297824995383014	0.7096536463919275	3.260292839220884
TP53BP1-P-S1002	0.34297824995383014	0.7096536463919275	3.2137172272320145
FEN1-P-Y152-S157-S162	-0.34297824995383014	0.7096536463919275	3.9123514070650613
RIF1-P-S782	0.34297824995383014	0.7096536463919275	3.878624239762776
MDC1-P-T1280	0.34297824995383014	0.7096536463919275	3.845473605234889
ORC2-P-T226	0.34297824995383014	0.7096536463919275	3.749336765104017
MDC1-P-S495	0.34297824995383014	0.7096536463919275	3.718350510846959
TOP2B-P-S1522	-0.34297824995383014	0.7096536463919275	3.687872227971164
RIF1-P-S7	0.34297824995383014	0.7096536463919275	3.628390417842597
TP53BP1-P-S862	-0.34297824995383014	0.7096536463919275	3.570796919146683
HMGN1-P-S8	-0.34297824995383014	0.7096536463919275	3.4609262447114
BAZ1B-P-S349	0.34297824995383014	0.7096536463919275	3.434506960400626
MDC1-P-S882	-0.34297824995383014	0.7096536463919275	3.3576150135259852
SMARCA5-P-S137	0.34297824995383014	0.7096536463919275	3.2840905971714016
SMARCA4-P-S1663	0.34297824995383014	0.7096536463919275	3.2368374950538277
HMGN1-P-S21-S25	0.34297824995383014	0.7096536463919275	3.190924906471504
RIF1-P-S2161	-0.34297824995383014	0.7096536463919275	3.1684536043132536
TOPBP1-P-T822	-0.3428918405639775	0.7097149697799391	3.1465684674159538
MRE11-P-S688-S689	0.3412048402884821	0.7109132696113601	3.1299931453722385
NUDT5-P-T7	-0.3301196262158414	0.7188377364500664	3.121528252803713
TOP2B-P-T1317	-0.3301196262158414	0.7188377364500664	3.1430560338575315
POLR2A-P-S1917	0.3300686181382162	0.7188744039162878	3.1004515107682074
SUMO1-P-T76	-0.3300686181382162	0.7188744039162878	3.0588347119659494
PARP4-P-S1236	0.3300686181382162	0.7188744039162878	3.038442480552843
USP10-P-S365	0.3300686181382162	0.7188744039162878	3.018320344920043
ELL-P-S319	-0.3300686181382162	0.7188744039162878	2.9984629742297795
USP10-P-S370	0.3300686181382162	0.7188744039162878	2.978865177012591
KAT5-P-S90	-0.3300686181382162	0.7188744039162878	2.9404282069866223
TICRR-P-S441	-0.3300686181382162	0.7188744039162878	2.9215793082238877
TOP2B-P-S1441	-0.3300686181382162	0.7188744039162878	2.9029705228211875
TP53BP1-P-S552	0.3300686181382162	0.7188744039162878	2.8485398255182903
RAD9A-P-S328	-0.3300686181382162	0.7188744039162878	2.830847031570972
TERF2-P-S365	0.3300686181382162	0.7188744039162878	2.8133726671785584
MDC1-P-S955	-0.3300686181382162	0.7188744039162878	2.796112712165193
RFC1-P-T506	-0.3300686181382162	0.7188744039162878	2.762220436866221
SMARCC1-P-S328	-0.3300686181382162	0.7188744039162878	2.729139952592374
POLR2A-P-S1966	-0.3300686181382162	0.7188744039162878	2.6968424383605116
BOD1L1-P-S1077	-0.3300686181382162	0.7188744039162878	2.6653004215375815
GPS1-P-T479-S483	-0.3300686181382162	0.7188744039162878	2.649804488854224
MDC1-P-S299	-0.3300686181382162	0.7188744039162878	3.0795025140738277
XRCC6-P-S560	0.3300686181382162	0.7188744039162878	2.9595218966423795
HMGN1-P-S7	-0.3300686181382162	0.7188744039162878	2.8845972916640914
BOD1L1-P-T2956	0.3300686181382162	0.7188744039162878	2.8664551703328707
FTO-P-T4	-0.3300686181382162	0.7188744039162878	2.7790632444080883
ALKBH5-P-S361	-0.3300686181382162	0.7188744039162878	2.7455805547164247
TOP2B-P-S1400-S1413	-0.3300686181382162	0.7188744039162878	2.712895071922181
RFC1-P-S156	0.3300686181382162	0.7188744039162878	2.6809786593113323
ATRX-P-S729	-0.3295406604810173	0.7192540393693035	2.620730235403095
MCM4-P-T19	-0.3295406604810173	0.7192540393693035	2.605754634057934
BAZ1B-P-S947	-0.3295406604810173	0.7192540393693035	2.6358789650875054
ATRX-P-S1348	-0.3295406604810173	0.7192540393693035	2.5909492100007867
PCLAF-P-S72	-0.32716720991960346	0.7209631807517932	2.5824330881165927
SLX4-P-S1028	0.32716720991960346	0.7209631807517932	2.5679250370597577
PRKDC-P-S2624	0.3195002576805219	0.726512015167968	2.573232500650792
ACTL6A-P-S233	0.3152685015902729	0.7295929510997704	2.5697885055403025
SAMHD1-P-S6	0.3152685015902729	0.7295929510997704	2.555590778990356
TP53BP1-P-S727	-0.3152685015902729	0.7295929510997704	2.5415490714134856
ALKBH5-P-S371	0.3119946962804161	0.7319854104633741	2.535949454829394
KDM4A-P-S410	0.31168352446582026	0.7322132191337861	2.522952070276198
MSH6-P-S830	0.30922204652514745	0.7340177658353758	2.5154987218358285
BOD1L1-P-S3029	0.2978497708335677	0.7424128634361319	2.5305900828952024
LIG1-P-T195	0.28987395926043596	0.7483578852158191	2.5237175490788792
LIG1-P-S51	0.28987395926043596	0.7483578852158191	2.4971521011938385
GPS1-P-S474	-0.28987395926043596	0.7483578852158191	2.5372133648493547
KDM4B-P-S622	0.28987395926043596	0.7483578852158191	2.5103645461737
DDB2-P-T148	-0.28987395926043596	0.7483578852158191	2.48407800642319
MDC1-P-S793	-0.28691900797874414	0.7505725167605979	2.4784529980532244
POLA1-P-T225	-0.28514789810505775	0.7519030410605102	2.4699820105303805
MDC1-P-T1343	0.27580526896565005	0.7589607095762204	2.467595332673455
SMARCC1-P-S357	-0.27580526896565005	0.7589607095762204	2.4803148962439368
TICRR-P-T566	-0.2589106758479985	0.7718919685599361	2.49683422483163
ACTB-P-S33	-0.2580344370379654	0.7725686266736969	2.473780350056181
BAZ1B-P-S189	-0.2580344370379654	0.7725686266736969	2.4863376107163644
MDC1-P-S108	0.24947423901073454	0.7792103538002744	2.482509368388814
TP53BP1-P-S532	0.2463779287781752	0.781626769848388	2.47775686041939
BAZ1B-P-S1468	0.2444139659474831	0.7831633641850194	2.47027648205623
RAD18-P-S471	0.2444139659474831	0.7831633641850194	2.4580473905609024
RRM2-P-S20	0.2444139659474831	0.7831633641850194	2.433948886731874
MCM4-P-T23	-0.2444139659474831	0.7831633641850194	2.422075965333182
MDC1-P-S780	-0.2444139659474831	0.7831633641850194	2.3986742651850355
TOP1-P-S394	-0.2444139659474831	0.7831633641850194	2.375720444465561
WDHD1-P-S383	-0.2444139659474831	0.7831633641850194	2.342101758930671
SAMHD1-P-S33	-0.2444139659474831	0.7831633641850194	2.3311059760248933
POLR2A-P-T1870	0.2444139659474831	0.7831633641850194	2.445938782725627
PRKDC-P-S4026	0.2444139659474831	0.7831633641850194	2.4103183150160308
MSH6-P-S14	-0.2444139659474831	0.7831633641850194	2.3871421773716457
TP53BP1-P-S1101	-0.2444139659474831	0.7831633641850194	2.364407489968106
TP53BP1-P-S1317	0.2444139659474831	0.7831633641850194	2.3532017672668357
TP53BP1-P-S1028	0.23941725575783876	0.7870863975150749	2.3318354019839136
TP53BP1-P-S1430	0.23941725575783876	0.7870863975150749	2.3209896559281744
PARP1-P-S75	0.23941725575783876	0.7870863975150749	2.3102443334470255
PMS2-P-S445	-0.23883344707223017	0.7875460395487193	2.2903861884123304
UFD1-P-S247	0.23883344707223017	0.7875460395487193	2.2695644957904
RIF1-P-S1688	-0.23883344707223017	0.7875460395487193	2.3009409634741385
RIF1-P-S1238	-0.23883344707223017	0.7875460395487193	2.2799278039903563
XRCC6-P-S27	-0.23883344707223017	0.7875460395487193	2.2592949731850136
H2AX-P-S122	-0.238124411225536	0.7881046359307087	2.2507132395498615
POLR2A-P-S1910	-0.238124411225536	0.7881046359307087	2.240620355067575
ERCC6-P-S158	0.238124411225536	0.7881046359307087	2.210877606991457
RAD23B-P-T155	-0.238124411225536	0.7881046359307087	2.201138058061979
ACTB-P-S52	0.238124411225536	0.7881046359307087	2.163023113333633
TERF1-P-T371	-0.238124411225536	0.7881046359307087	2.1536997378451264
TP53BP1-P-T922	-0.238124411225536	0.7881046359307087	2.1444563913307695
TTK-P-S321	-0.238124411225536	0.7881046359307087	2.126205698638593
MSH6-P-S41	-0.238124411225536	0.7881046359307087	2.230617585625309
MDC1-P-S453	-0.238124411225536	0.7881046359307087	2.220703729689197
ACTB-P-T318	-0.238124411225536	0.7881046359307087	2.1914839437722335
NBN-P-S347	0.238124411225536	0.7881046359307087	2.1819141448911323
RAD23A-P-S92	-0.238124411225536	0.7881046359307087	2.172427561652475
DNPH1-P-S169	-0.238124411225536	0.7881046359307087	2.1352920477780737
MCM4-P-S120	0.238124411225536	0.7881046359307087	2.1171963524579205
PRKDC-P-S893	-0.23394741679676817	0.7914034293288532	2.117087654829084
UIMC1-P-S653	0.2307005762797498	0.793977166043807	2.1150484171082926
ATR-P-T1989	-0.22960376111683573	0.7948484899918399	2.1085102203130814
BAP1-P-S292	-0.21760817666982754	0.8044405785099418	2.125063861563763
TP53BP1-P-S398	-0.21728753471885262	0.8046985572636738	2.1169248352911585
TP53BP1-P-S1094-S1101	-0.21728753471885262	0.8046985572636738	2.1081772120048314
TTK-P-S436	-0.21236618234889001	0.8086685232035973	2.1098594391402496
ATRX-P-S84	-0.20310815278636207	0.8161899634331945	2.1207558885928086
LIG1-P-T233	0.19685042141197875	0.8213134750351018	2.125358135396957
ABRAXAS1-P-S406	-0.19336625740512461	0.8241800568037929	2.124106325258556
TP53BP1-P-S1068	-0.1858089105967926	0.8304322666274488	2.122959907426623
RBBP8-P-T245	-0.1858089105967926	0.8304322666274488	2.1144339640233034
TTK-P-S281	-0.1858089105967926	0.8304322666274488	2.1315548868089174
DUT-P-S99	-0.1858089105967926	0.8304322666274488	2.10597622816721
MDC1-P-S329	-0.1816667692670225	0.8338791682892351	2.0896418683611664
RBBP8-P-S568	-0.1816667692670225	0.8338791682892351	2.1062924011767934
KDM4B-P-S566	0.1816667692670225	0.8338791682892351	2.0979340979975203
TOP2B-P-T1292	-0.18063041638630986	0.8347438093266856	2.083573130366609
TP53BP1-P-S580	0.17786372531922	0.8370564853220537	2.0811522027222824
XRCC4-P-S260	0.16975906242736305	0.8438681116391372	2.0898921202313008
LIG1-P-S66	0.16034874100362748	0.8518466632989754	2.1014427413679004
MTOR-P-S1261	-0.15308974088253294	0.8580527159481695	2.1085481469424012
TP53BP1-P-T855	0.14790526733821804	0.8625128192071376	2.111324816128669
CDK7-P-T170	0.14547564638458926	0.86461094622002	2.1083205380903562
ATRX-P-S677	-0.14460942794947157	0.8653602126281781	2.1020627387213215
MRE11-P-S649	0.1438151208226306	0.8660478474728284	2.095703569838829
LIG1-P-S819	0.1438151208226306	0.8660478474728284	2.07982702764308
BOD1L1-P-S800	0.1438151208226306	0.8660478474728284	2.071978623765182
NUDT5-P-S3	0.1438151208226306	0.8660478474728284	2.0564581846358543
ATRX-P-S1527	0.1438151208226306	0.8660478474728284	2.0877351152006582
MCM2-P-S139	-0.1438151208226306	0.8660478474728284	2.0641892304427563
TP53BP1-P-T302	0.13705697631531538	0.8719205458968715	2.062677709323196
MDC1-P-T1589	-0.13497713162526329	0.8737358923793784	2.0592883114071596
CUL4B-P-S193	-0.13497713162526329	0.8737358923793784	2.0516613176612073
MPG-P-T67	0.13497713162526329	0.8737358923793784	2.0440906116919777
POLR2A-P-S1861-S1868	0.12363776352582756	0.883699891245125	2.0522554250894114
ORC1-P-T230	-0.12363776352582756	0.883699891245125	2.000949039462176
MSH6-P-S200	-0.12363776352582756	0.883699891245125	1.9727666586246806
PRKDC-P-S2612	-0.12363776352582756	0.883699891245125	1.9658446703488044
TP53BP1-P-S809	0.12363776352582756	0.883699891245125	1.9589710875853472
SMARCC1-P-S310	-0.12363776352582756	0.883699891245125	1.9386357475758107
WEE1-P-T190	0.12363776352582756	0.883699891245125	1.912169730544059
RIF1-P-S2234	-0.12363776352582756	0.883699891245125	1.905665751868739
BOD1L1-P-S3019	0.12363776352582756	0.883699891245125	1.8992058679640993
PPP4C-P-S47	-0.12363776352582756	0.883699891245125	1.89278963192368
PARP4-P-S1335	0.12363776352582756	0.883699891245125	2.0598004817992988
TP53BP1-P-S265	0.12363776352582756	0.883699891245125	2.0447654417861654
XRCC6-P-S324	-0.12363776352582756	0.883699891245125	2.037329931088761
NFRKB-P-S240	0.12363776352582756	0.883699891245125	2.0299483009036567
MCM6-P-S271	0.12363776352582756	0.883699891245125	2.022619967687398
TOP2B-P-S1552	-0.12363776352582756	0.883699891245125	2.015344356292839
PARP4-P-S1504	-0.12363776352582756	0.883699891245125	2.0081208998186715
ATR-P-S464	0.12363776352582756	0.883699891245125	1.993828224375122
SMARCA4-P-T1455	0.12363776352582756	0.883699891245125	1.9867579115227278
WDR48-P-S373	0.12363776352582756	0.883699891245125	1.9797375655456158
POLR2E-P-Y26-T36	0.12363776352582756	0.883699891245125	1.9521454043533424
PARP4-P-T101	0.12363776352582756	0.883699891245125	1.9453671216993378
POLR2A-P-S1910-S1917	0.12363776352582756	0.883699891245125	1.931950796722101
CDC5L-P-T396	-0.12363776352582756	0.883699891245125	1.9253117905477983
TP53BP1-P-S1362	-0.12363776352582756	0.883699891245125	1.9187182570185248
CLK2-P-S97	0.12363776352582756	0.883699891245125	1.8864166028599638
SMARCA4-P-S695	0.12363776352582756	0.883699891245125	1.880086345803387
MCM4-P-S26	0.11893256822002153	0.8878676692407306	1.88263579364088
TOP2B-P-S1550-S1552	-0.11734546191521218	0.8892779284360232	1.879340688761462
PAXIP1-P-S235	-0.11719367116257957	0.8894129228472725	1.8671781227985786
TOP2B-P-S1424	0.11719367116257957	0.8894129228472725	1.8610158187629398
TOP2B-P-S1454	0.11719367116257957	0.8894129228472725	1.8488124363448222
TOP2B-P-S1476	0.11719367116257957	0.8894129228472725	1.8427705656378128
MSH6-P-S252	-0.11719367116257957	0.8894129228472725	1.801558444361568
APTX-P-S132	0.11719367116257957	0.8894129228472725	1.8733813723759827
TOP2A-P-S1354	0.11719367116257957	0.8894129228472725	1.8548940562012195
ABL1-P-Y393	0.11719367116257957	0.8894129228472725	1.836768055652022
BABAM1-P-S29	-0.11719367116257957	0.8894129228472725	1.8308045230038013
RTEL1-P-S847	-0.11719367116257957	0.8894129228472725	1.8248795892723972
ABL1-P-S16	0.11719367116257957	0.8894129228472725	1.8189928809199056
TP53BP1-P-T1372	-0.11719367116257957	0.8894129228472725	1.8131440292127676
MDC1-P-S1033	-0.11719367116257957	0.8894129228472725	1.807332670144778
DNPH1-P-S123	0.11719367116257957	0.8894129228472725	1.795820997086531
RIF1-P-S1542	-0.11470319627094813	0.8916307439674934	1.7945837830964788
TOP2A-P-S1247	0.11470319627094813	0.8916307439674934	1.7832614879349868
HMGN1-P-S25	0.11470319627094813	0.8916307439674934	1.7776537474068892
ASCC1-P-S67	-0.11470319627094813	0.8916307439674934	1.7501358875399096
MDC1-P-T1239	0.11470319627094813	0.8916307439674934	1.788904720491743
BAZ1B-P-S347	-0.11470319627094813	0.8916307439674934	1.7720811651266168
CDC25C-P-S173	0.11470319627094813	0.8916307439674934	1.7665434114855962
RECQL5-P-S488	-0.11470319627094813	0.8916307439674934	1.761040160982526
SIRT6-P-T294	-0.11470319627094813	0.8916307439674934	1.7555710921595988
TP53BP1-P-S771	0.11385719688234004	0.8923853821984863	1.7462109022032106
BAZ1B-P-S361	0.11146639916942018	0.8945214475619186	1.7450049161669428
TICRR-P-S1045	-0.1092821168755405	0.8964774703966494	1.743456184759128
MCM2-P-S27	0.1080488201558613	0.8975837751809606	1.7402694601367859
PARG-P-S291	0.1080488201558613	0.8975837751809606	1.729690314482459
TP53BP1-P-S1094	-0.1080488201558613	0.8975837751809606	1.734963760563198
UBA7-P-S24	0.10710566086241072	0.8984307390082907	1.726076025852292
KPNA2-P-S62	-0.1071049238960389	0.8984314011217768	1.7208625628737355
TP53BP1-P-S525	-0.1071049238960389	0.8984314011217768	1.705405713506606
LRWD1-P-S243	0.1071049238960389	0.8984314011217768	1.6902240602706422
ATRX-P-S889	0.1071049238960389	0.8984314011217768	1.7156792419012243
TOP2A-P-S1374	0.1071049238960389	0.8984314011217768	1.710527051985605
BABAM1-P-S49	-0.1071049238960389	0.8984314011217768	1.7003149501827057
POLR2A-P-S1861	0.1071049238960389	0.8984314011217768	1.6952544890214478
ACTB-P-T249	0.10664434319525629	0.8988452965949273	1.6859997575182954
MDC1-P-S1820	0.10664434319525629	0.8988452965949273	1.681026306906147
TP53BP1-P-S1656	0.09547681349585635	0.9089394365373554	1.6849929905400098
SMARCA5-P-S755	0.09547681349585635	0.9089394365373554	1.6949047140137747
SAMHD1-P-T25	-0.09547681349585635	0.9089394365373554	1.6899343189580158
ACTB-P-S233	0.09141769450993728	0.9126364280493677	1.686913980709327
CUL4B-P-S28	-0.08691836062826716	0.9167519356302253	1.6895951371789617
VCP-P-S3	0.08691836062826716	0.9167519356302253	1.6846977599697472
MDC1-P-T1157	0.08691836062826716	0.9167519356302253	1.674987686425253
PARG-P-S302	-0.08691836062826716	0.9167519356302253	1.6606306491130367
PARP4-P-S1223	-0.08691836062826716	0.9167519356302253	1.6511952476976217
TCEA1-P-S135	-0.08691836062826716	0.9167519356302253	1.637241485041022
ACTB-P-S199	-0.08691836062826716	0.9167519356302253	1.6326424921055136
UFD1-P-S299	0.08691836062826716	0.9167519356302253	1.6280692638363103
MDC1-P-S1775	-0.08691836062826716	0.9167519356302253	1.6189992400823476
HMGN1-P-S86	0.08691836062826716	0.9167519356302253	1.6100297152065453
RAD9A-P-S375	-0.08691836062826716	0.9167519356302253	1.5923855539440077
CDC5L-P-T424	-0.08691836062826716	0.9167519356302253	1.5837077035137952
PNKP-P-T118	-0.08691836062826716	0.9167519356302253	1.5666326878424874
ATRX-P-S25	0.08691836062826716	0.9167519356302253	1.5582325125725545
LIG3-P-S210	0.08691836062826716	0.9167519356302253	1.5499219391721675
ALKBH5-P-S371-S384	-0.08691836062826716	0.9167519356302253	1.5457998063552203
CHTF18-P-S871	0.08691836062826716	0.9167519356302253	1.5376209714009599
ATRX-P-S316	0.08691836062826716	0.9167519356302253	1.517547590573271
APBB1-P-S205	0.08691836062826716	0.9167519356302253	1.5135956437228197
MSH6-P-S261	-0.08691836062826716	0.9167519356302253	1.505753179247572
TP53BP1-P-S1678	0.08691836062826716	0.9167519356302253	1.501862344159077
TP53BP1-P-S222	-0.08691836062826716	0.9167519356302253	1.6798286912993146
RIF1-P-T409	-0.08691836062826716	0.9167519356302253	1.670174503418284
WEE1-P-S139	-0.08691836062826716	0.9167519356302253	1.6653889031219564
RBBP8-P-S327	0.08691836062826716	0.9167519356302253	1.6558995076625722
APEX1-P-T19	0.08691836062826716	0.9167519356302253	1.646517640763634
SAMHD1-P-S18-T21	-0.08691836062826716	0.9167519356302253	1.6418664609874656
MNAT1-P-T51	-0.08691836062826716	0.9167519356302253	1.6235215843283877
TOPBP1-P-S888	0.08691836062826716	0.9167519356302253	1.6145020199710078
MDC1-P-S453-T455	0.08691836062826716	0.9167519356302253	1.6055821193081845
TOP2B-P-S1336	-0.08691836062826716	0.9167519356302253	1.6011590280704209
HMGN1-P-T83	-0.08691836062826716	0.9167519356302253	1.596760239531766
SMARCC1-P-S830	-0.08691836062826716	0.9167519356302253	1.5880347737419749
BABAM1-P-S44	0.08691836062826716	0.9167519356302253	1.579404149971638
MSH6-P-S274-S275	-0.08691836062826716	0.9167519356302253	1.5751239219229345
TERF2IP-P-S203	0.08691836062826716	0.9167519356302253	1.5708668302420616
CLK2-P-S50	0.08691836062826716	0.9167519356302253	1.5624213096493624
PIAS1-P-S503	-0.08691836062826716	0.9167519356302253	1.5540661154801145
WDHD1-P-S407	-0.08691836062826716	0.9167519356302253	1.5416995416168775
ABL1-P-S884	0.08691836062826716	0.9167519356302253	1.5335639239830152
BABAM1-P-S62	0.08691836062826716	0.9167519356302253	1.529528229446218
DNPH1-P-S28	0.08691836062826716	0.9167519356302253	1.5255137196576452
POLR2A-P-S1875	0.08691836062826716	0.9167519356302253	1.5215202282449287
MNAT1-P-S279	-0.08691836062826716	0.9167519356302253	1.5096642264663969
MDC1-P-S1086	-0.08691836062826716	0.9167519356302253	1.4979915649215536
SAMHD1-P-T21	-0.08691836062826716	0.9167519356302253	1.4941406868626292
UIMC1-P-S171	0.08691836062826716	0.9167519356302253	1.490309556896315
WEE1-P-S67	-0.08691836062826716	0.9167519356302253	1.486498023502718
USP7-P-S18	-0.08129299869038156	0.9219235294812201	1.4910701981915653
TP53BP1-P-S119	0.07329723707868357	0.929324559251727	1.4992157011847198
TP53BP1-P-S366	0.07329723707868357	0.929324559251727	1.495410585191865
ABL1-P-S569	-0.07329723707868357	0.929324559251727	1.491624735609101
RPA1-P-S38	0.07329723707868357	0.929324559251727	1.487858006478775
TICRR-P-S1001	0.07329723707868357	0.929324559251727	1.4729794264139873
ACTB-P-S60	0.07329723707868357	0.929324559251727	1.4693061610114586
UNG-P-S14	0.07329723707868357	0.929324559251727	1.4656511705611812
TRIM25-P-S433	-0.07329723707868357	0.929324559251727	1.4620143190213273
NFRKB-P-S1303	0.07329723707868357	0.929324559251727	1.454794495223691
HMGN1-P-S86-S89	-0.07329723707868357	0.929324559251727	1.4512112575507263
ATRX-P-S1352	-0.07329723707868357	0.929324559251727	1.484110253313841
TP53BP1-P-S208	0.07329723707868357	0.929324559251727	1.480381333079384
SLX4-P-T1315	0.07329723707868357	0.929324559251727	1.4766711041744232
YY1-P-S247	-0.07329723707868357	0.929324559251727	1.458395471697017
PRKDC-P-T2603	0.07297363102365415	0.92962534297128	1.4481141706235663
HMGN1-P-S89	-0.07198869743015492	0.9305414132610856	1.4424529486736635
LRWD1-P-S212	-0.07198869743015492	0.9305414132610856	1.438934770750069
PARP4-P-S1340	0.07198869743015492	0.9305414132610856	1.4459883725674714
PRKDC-P-S511	0.07198869743015492	0.9305414132610856	1.4354337129136943
MCM3-P-S711-T722	-0.07015320632870187	0.9322509822139947	1.4345803949603704
PPP4R2-P-T173	0.06775894164202156	0.9344857120196121	1.434537388427201
BAZ1B-P-S330	0.06775894164202156	0.9344857120196121	1.4310723222715798
SMARCA5-P-S66	-0.06079153462624307	0.9410193892888092	1.4341497423295795
DCTPP1-P-S85	0.06079153462624307	0.9410193892888092	1.4272877818399643
PIAS1-P-S488	-0.06079153462624307	0.9410193892888092	1.4171170850572568
MDC1-P-S544	0.06079153462624307	0.9410193892888092	1.4104167678702249
MBD4-P-S387	0.06079153462624307	0.9410193892888092	1.4070903132290213
TOP2A-P-S1525	0.06079153462624307	0.9410193892888092	1.4004842554204344
SMARCA5-P-T113	-0.06079153462624307	0.9410193892888092	1.3939399364698717
XRCC4-P-S320	-0.06079153462624307	0.9410193892888092	1.3906906592286832
ABL1-P-T852	0.06079153462624307	0.9410193892888092	1.3874564949048955
PARP4-P-S1186	0.06079153462624307	0.9410193892888092	1.371508719101391
SAMHD1-P-S18	-0.06079153462624307	0.9410193892888092	1.3683630569016172
ATRX-P-S849	-0.06079153462624307	0.9410193892888092	1.437605524841217
BOD1L1-P-S2973	-0.06079153462624307	0.9410193892888092	1.4307105343144007
XPC-P-S884	0.06079153462624307	0.9410193892888092	1.4238813670861696
MDC1-P-T1425	0.06079153462624307	0.9410193892888092	1.420491173355012
TP53BP1-P-S640	0.06079153462624307	0.9410193892888092	1.413758987699301
PIAS1-P-S510	-0.06079153462624307	0.9410193892888092	1.4037795124920118
RNMT-P-T77	-0.06079153462624307	0.9410193892888092	1.3972044328082085
SMARCAL1-P-S129	-0.06079153462624307	0.9410193892888092	1.3842373383041882
SMARCA4-P-S1484	-0.06079153462624307	0.9410193892888092	1.3810330852062618
BOD1L1-P-S2475	-0.06079153462624307	0.9410193892888092	1.3778436323535914
RIF1-P-S2172	0.06079153462624307	0.9410193892888092	1.3746688774403342
TOP2B-P-S1613	-0.05907276410767034	0.9426381764358216	1.364457999681075
CDC25C-P-T48	-0.05907276410767034	0.9426381764358216	1.3675803291997959
TOP2B-P-S1581	-0.05907276410767034	0.9426381764358216	1.3613498948982024
TIMELESS-P-S1149	-0.05907276410767034	0.9426381764358216	1.3582559178643427
RECQL4-P-S251	-0.05907276410767034	0.9426381764358216	1.3551759724723602
LIG1-P-S141	-0.05907276410767034	0.9426381764358216	1.3521099634848661
ATRX-P-S819	-0.05700537678344085	0.9445889905024268	1.3518497064978299
TP53BP1-P-T321	-0.05700537678344085	0.9445889905024268	1.3488049999516636
MCM2-P-S41	0.05263355093956217	0.9487276091311533	1.3486396954913704
MCM6-P-S13	0.05263355093956217	0.9487276091311533	1.3366517870870027
MDC1-P-S505	-0.05263355093956217	0.9487276091311533	1.3336880358961225
MCM2-P-T106	0.05263355093956217	0.9487276091311533	1.3277997884970225
LIG1-P-S76	0.05263355093956217	0.9487276091311533	1.324875119359364
ATRX-P-S1348-S1352	-0.05263355093956217	0.9487276091311533	1.3219633059102225
TP53BP1-P-S1460	0.05263355093956217	0.9487276091311533	1.3190642635727001
LRWD1-P-S253	0.05263355093956217	0.9487276091311533	1.313304157618234
BOD1L1-P-S2501	-0.05263355093956217	0.9487276091311533	1.3516703464924746
ATM-P-S1891	0.05263355093956217	0.9487276091311533	1.3456226044500028
MDC1-P-T1671	0.05263355093956217	0.9487276091311533	1.3426189825650696
GPS1-P-S468	0.05263355093956217	0.9487276091311533	1.3396287398422075
TRIM25-P-S100	0.05263355093956217	0.9487276091311533	1.3307373986485647
TTK-P-S455	-0.05263355093956217	0.9487276091311533	1.3161779085101777
RIF1-P-S2393	0.05263355093956217	0.9487276091311533	1.3104429285166692
PARP1-P-T368	-0.051994560580541506	0.9493340306548445	1.3084299465981988
ORC2-P-T116	-0.04835622186048471	0.9527943204528871	1.3103505404926907
MCM3-P-S160	-0.044604060972755884	0.9563760734907651	1.312429503448366
CUL4A-P-S10	0.044604060972755884	0.9563760734907651	1.30116401414838
TRIM25-P-T91	0.044604060972755884	0.9563760734907651	1.2928410033968978
TERF2IP-P-S36	-0.044604060972755884	0.9563760734907651	1.2873512326818366
RECQL4-P-S27	-0.044604060972755884	0.9563760734907651	1.2846237936295446
TP53BP1-P-S1462	0.044604060972755884	0.9563760734907651	1.2819078870891016
PTEN-P-S370	0.044604060972755884	0.9563760734907651	1.309594882490594
TOP2A-P-S1377	0.044604060972755884	0.9563760734907651	1.3067724797266058
BAP1-P-S597	-0.044604060972755884	0.9563760734907651	1.3039622163293443
PARP1-P-S782	-0.044604060972755884	0.9563760734907651	1.298377795702666
RECQL5-P-S727	0.044604060972755884	0.9563760734907651	1.295603484173387
SMARCA4-P-S1449	0.044604060972755884	0.9563760734907651	1.2900902778577554
BOD1L1-P-S482	0.044604060972755884	0.9563760734907651	1.2792034400699264
ATRX-P-S703	-0.04456716720565781	0.9564113584577724	1.2738756329038399
MCM3-P-S672-T674	0.04456716720565781	0.9564113584577724	1.2712050340927206
RIF1-P-S1579	0.04456716720565781	0.9564113584577724	1.2685456093352045
NSD2-P-S437	-0.04456716720565781	0.9564113584577724	1.2528198373186523
BOD1L1-P-S2203	0.04456716720565781	0.9564113584577724	1.2502367036334592
MDC1-P-S376	-0.04456716720565781	0.9564113584577724	1.2451022613187428
CHEK1-P-S301	0.04456716720565781	0.9564113584577724	1.2425508222586634
MDC1-P-T1302	-0.04456716720565781	0.9564113584577724	1.2299488869416384
TP53BP1-P-S500	-0.04456716720565781	0.9564113584577724	1.2274591118668579
ATRX-P-S92	-0.04456716720565781	0.9564113584577724	1.224979396489349
TP53BP1-P-S993	-0.04456716720565781	0.9564113584577724	1.220049901936072
CDK7-P-S164	0.04456716720565781	0.9564113584577724	1.2176000025345939
BARD1-P-T299	0.04456716720565781	0.9564113584577724	1.2151599223691938
CDK1-P-T161	0.04456716720565781	0.9564113584577724	1.2103089845553447
DDB2-P-S24-S26	-0.04456716720565781	0.9564113584577724	1.2078980104825254
CDC5L-P-T404	0.04456716720565781	0.9564113584577724	1.203104764409182
TOP2B-P-S1473	-0.04456716720565781	0.9564113584577724	1.195985801306169
HERC2-P-S1588	-0.04456716720565781	0.9564113584577724	1.1912864464876773
ATRX-P-S1995-S1996	-0.04456716720565781	0.9564113584577724	1.1889505907102504
ABL1-P-S718	0.04456716720565781	0.9564113584577724	1.1866238772254947
RCHY1-P-S257	0.04456716720565781	0.9564113584577724	1.1819976632791964
MDC1-P-S1814	-0.04456716720565781	0.9564113584577724	1.179698056930404
HERC2-P-S2928	0.04456716720565781	0.9564113584577724	1.1774073810917043
MTOR-P-S2481	0.04456716720565781	0.9564113584577724	1.1683329504089166
UIMC1-P-S677	0.04456716720565781	0.9564113584577724	1.1638479870676155
XPC-P-S883-S884	-0.04456716720565781	0.9564113584577724	1.1593973255491925
SMARCC1-P-S573	-0.04456716720565781	0.9564113584577724	1.1484181842087646
YY1-P-S118	-0.04456716720565781	0.9564113584577724	1.139783461019225
XPC-P-S903	0.04456716720565781	0.9564113584577724	1.127072121305256
ALKBH5-P-S64-S69	0.04456716720565781	0.9564113584577724	1.1228977801152364
SMARCA4-P-S1382	-0.04456716720565781	0.9564113584577724	1.118754245871269
TP53BP1-P-S63	0.04456716720565781	0.9564113584577724	1.2765574763415322
USP10-P-S211	-0.04456716720565781	0.9564113584577724	1.2658972886476572
BOD1L1-P-S2753	0.04456716720565781	0.9564113584577724	1.263260002629641
RIF1-P-S1422	-0.04456716720565781	0.9564113584577724	1.260633682457854
BAP1-P-S395	0.04456716720565781	0.9564113584577724	1.2580182598801406
SLX4-P-S1044	0.04456716720565781	0.9564113584577724	1.2554136672095813
ELL-P-S442	-0.04456716720565781	0.9564113584577724	1.2476642001280407
VCP-P-S702	-0.04456716720565781	0.9564113584577724	1.240009818532163
TP53BP1-P-S1705	0.04456716720565781	0.9564113584577724	1.2374791862494443
TP53BP1-P-S1701	0.04456716720565781	0.9564113584577724	1.234958862041197
POLA1-P-S192	0.04456716720565781	0.9564113584577724	1.2324487830533084
TOP2A-P-S1106	-0.04456716720565781	0.9564113584577724	1.2225096799641688
ABL1-P-T781	-0.04456716720565781	0.9564113584577724	1.2127296025244554
PARP4-P-S1507	0.04456716720565781	0.9564113584577724	1.205496622787729
BAZ1B-P-S345	-0.04456716720565781	0.9564113584577724	1.2007223787370847
RMI1-P-S292	-0.04456716720565781	0.9564113584577724	1.1983494096091456
ACTB-P-S239	0.04456716720565781	0.9564113584577724	1.1936314985476923
RFC1-P-S108	-0.04456716720565781	0.9564113584577724	1.1843062524652885
ALKBH5-P-S384	-0.04456716720565781	0.9564113584577724	1.1751255838415267
CDC5L-P-T355	-0.04456716720565781	0.9564113584577724	1.172852613660015
ABL1-P-Y185	0.04456716720565781	0.9564113584577724	1.1705884194251501
SIRT6-P-S303	-0.04456716720565781	0.9564113584577724	1.166086156273515
NBN-P-S397	0.04456716720565781	0.9564113584577724	1.1616183932226585
CDC5L-P-T385	-0.04456716720565781	0.9564113584577724	1.157184735233259
ATRIP-P-S518	0.04456716720565781	0.9564113584577724	1.1549805738328147
RFC1-P-S190	-0.04456716720565781	0.9564113584577724	1.1527847932741973
RPA1-P-S384	0.04456716720565781	0.9564113584577724	1.1505973458486294
PPP4R2-P-S226	-0.04456716720565781	0.9564113584577724	1.1462472613652699
PARG-P-S137	0.04456716720565781	0.9564113584577724	1.1440845306834486
RAD23A-P-S205	-0.04456716720565781	0.9564113584577724	1.1419299458799015
TICRR-P-S923	0.04456716720565781	0.9564113584577724	1.1376450305107462
ATRX-P-S213	0.04456716720565781	0.9564113584577724	1.1355146091052954
RIF1-P-S2176	0.04456716720565781	0.9564113584577724	1.1333921518920145
BOD1L1-P-S266	0.04456716720565781	0.9564113584577724	1.131277614295201
MSH6-P-S137	0.04456716720565781	0.9564113584577724	1.1291709520711877
MCM4-P-S326	0.04456716720565781	0.9564113584577724	1.1249810784085859
POLR2A-P-S1889	-0.04456716720565781	0.9564113584577724	1.120822183479164
SUMO1-P-S2	-0.04456716720565781	0.9564113584577724	1.1166939249764782
REV3L-P-S1724	0.04456716720565781	0.9564113584577724	1.1146411787908599
XRCC1-P-S241	0.0434212397339137	0.9575079647033278	1.1138716506824033
TOP2B-P-S1236	0.039131860178382	0.9616239008869633	1.1166109032277194
GPS1-P-S240	0.03701761289813393	0.9636591623689196	1.1169285355427698
MDC1-P-S168	0.03500627848981449	0.9655993537328275	1.1171350187346947
MBD4-P-S422	-0.03400727867397359	0.9665644693042562	1.116214705899633
XPC-P-S61	-0.03315728868104857	0.9673863886928241	1.1151326735113645
TOP2B-P-S1449	0.03261574725186314	0.9679104103772508	1.1116942032231467
TOP2A-P-S1213	0.03261574725186314	0.9679104103772508	1.1096839062914592
SAMHD1-P-T592	0.03261574725186314	0.9679104103772508	1.1017149015784147
BOD1L1-P-S1017	0.03261574725186314	0.9679104103772508	1.0977731666890465
NSD2-P-T110	0.03261574725186314	0.9679104103772508	1.095812857462816
TOPBP1-P-S817	-0.03261574725186314	0.9679104103772508	1.1137117970583974
COPS5-P-S284	0.03261574725186314	0.9679104103772508	1.107680866749417
GPS1-P-T479	0.03261574725186314	0.9679104103772508	1.1056850453678864
ATRX-P-S1061	0.03261574725186314	0.9679104103772508	1.1036964031999585
UNG-P-T60	0.03261574725186314	0.9679104103772508	1.0997405021132203
MRE11-P-S667	0.03252653402670262	0.9679967646385408	1.0920105850192792
ACTB-P-S323	0.03252653402670262	0.9679967646385408	1.0900709569819447
TOP2B-P-S1466-S1476	0.03252653402670262	0.9679967646385408	1.088138207058218
TCEA1-P-S57	0.03252653402670262	0.9679967646385408	1.0862122987271414
TP53BP1-P-S484	-0.03252653402670262	0.9679967646385408	1.0939571279515774
RPA1-P-S135	0.03252653402670262	0.9679967646385408	1.0842931957258568
DNPH1-P-S128	0.03252653402670262	0.9679967646385408	1.0823808620473279
PIAS1-P-S485	-0.029653257577518563	0.970782086528923	1.0797821804549774
TOP1-P-S112	0.029653257577518563	0.970782086528923	1.077891143361361
MSH6-P-S65	0.029653257577518563	0.970782086528923	1.083584230386157
NBN-P-S604	0.029653257577518563	0.970782086528923	1.0816798644276575
TICRR-P-S1750	0.029653257577518563	0.970782086528923	1.0760067182855544
RFC1-P-S368	-0.029653257577518563	0.970782086528923	1.0741288706096634
USP1-P-S327	0.029331749416187228	0.9710942510716514	1.0726023609397681
TOP2B-P-S1452	0.026878437111612138	0.973479573320533	1.0733670425829878
MSH6-P-S309	0.026878437111612138	0.973479573320533	1.0715035581340588
MEN1-P-S548	0.026878437111612138	0.973479573320533	1.069646532903324
POLD2-P-S15	-0.025731977908531548	0.9745962679364747	1.0690208198472748
SLX4-P-S1469	-0.021322226112822956	0.978903485479434	1.0718908632020054
UBXN1-P-S132	0.015470486308402238	0.984648566937031	1.0763227438587544
TP53BP1-P-S103	0.015470486308402238	0.984648566937031	1.0744702090156242
TP53BP1-P-S598	0.015470486308402238	0.984648566937031	1.072624040271611
TP53BP1-P-T1638	0.015470486308402238	0.984648566937031	1.0707842048680576
POLR2A-P-S1875-S1882	0.015470486308402238	0.984648566937031	1.0634875492982583
POLR2A-P-S1920	-0.015470486308402238	0.984648566937031	1.0616788970035334
RIF1-P-S2205	-0.015470486308402238	0.984648566937031	1.0598763861427463
TP53BP1-P-S999	0.015470486308402238	0.984648566937031	1.0580799854882672
HMGN1-P-S99	-0.015470486308402238	0.984648566937031	1.0545053909426987
CHAF1A-P-S199	0.015470486308402238	0.984648566937031	1.0509548677408713
PPP4R2-P-S364	-0.015470486308402238	0.984648566937031	1.0421822895460393
SMARCC1-P-S330	0.015470486308402238	0.984648566937031	1.0404453190634626
NSD2-P-T544	0.015470486308402238	0.984648566937031	1.0387141288487147
XRCC6-P-S6	0.015470486308402238	0.984648566937031	1.0369886900964744
CHAF1A-P-S141	-0.015470486308402238	0.984648566937031	1.0352689741925
LRWD1-P-S259	-0.015470486308402238	0.984648566937031	1.033554952712049
ATRX-P-S598	-0.015470486308402238	0.984648566937031	1.03184659741831
SMARCC1-P-S328-S330	-0.015470486308402238	0.984648566937031	1.0689506702706808
MDC1-P-S498	-0.015470486308402238	0.984648566937031	1.067123404167654
TOP2A-P-S4	0.015470486308402238	0.984648566937031	1.0653023744677093
DDB1-P-T833-Y837	0.015470486308402238	0.984648566937031	1.05628966402382
TICRR-P-S599	0.015470486308402238	0.984648566937031	1.0527271356459993
BABAM1-P-S66	-0.015470486308402238	0.984648566937031	1.0491885570387858
NBN-P-T497	0.015470486308402238	0.984648566937031	1.0474281735538216
SAMHD1-P-S583	0.015470486308402238	0.984648566937031	1.0456736875009676
TICRR-P-T1105	0.015470486308402238	0.984648566937031	1.0439250692944442
NHEJ1-P-S287	-0.015103949603793517	0.9850095429293877	1.0220884618939963
BOD1L1-P-S2780	0.015103949603793517	0.9850095429293877	1.0305215350119337
CCNH-P-T315	-0.015103949603793517	0.9850095429293877	1.0288238059591956
XRCC1-P-S447	-0.015103949603793517	0.9850095429293877	1.0271316615414996
RIF1-P-S2144	-0.015103949603793517	0.9850095429293877	1.025445074248328
MCM4-P-S131	0.015103949603793517	0.9850095429293877	1.0237640167495603
SMARCAL1-P-S198	-0.015103949603793517	0.9850095429293877	1.020418382707895
TP53BP1-P-S1114	0.014940665890464501	0.9851703920768874	1.0189201118707123
PARP4-P-S1349	-0.013474814563358346	0.9866155643486126	1.0187528791482419
POLR2C-P-S124	-0.010322844269399355	0.9897302534240364	1.0203072856436408
MCM4-P-T110	-0.010322844269399355	0.9897302534240364	1.0104492442364559
PPP4R2-P-S159	0.010322844269399355	0.9897302534240364	1.007205426437944
LIG3-P-S913	0.010322844269399355	0.9897302534240364	1.018650942647466
PARP4-P-S1713	0.010322844269399355	0.9897302534240364	1.0169999686723485
RIF1-P-S1616	0.010322844269399355	0.9897302534240364	1.0153543376550793
NBN-P-S432	0.010322844269399355	0.9897302534240364	1.0137140237008708
MCM2-P-S381	-0.010322844269399355	0.9897302534240364	1.0120790010819984
WEE1-P-S150	0.010322844269399355	0.9897302534240364	1.0088247277666222
MDC1-P-S998	0.008241616277420087	0.9917922527330144	1.0076863593473255
TINF2-P-S295	-0.0073620951701968305	0.9926649386698683	1.0053507525825822
ALKBH5-P-S64	0.0073620951701968305	0.9926649386698683	1.0069593137867143
PARG-P-S286	0.006680693322865477	0.9933415728965844	1.0028320974783989
ATRX-P-S875	-0.006680693322865477	0.9933415728965844	1.0044315107120168
SMARCAL1-P-S151	0.006538083297721193	0.9934832434648536	1.0013805665448605
MCM3-P-S672	-0.006538083297721193	0.9934832434648536	0.9997910735820909
RIF1-P-S2465	-0.0030169736969925093	0.996987572794787	1.0017276087985658
ACTB-P-S365	-0.0026836626114043376	0.9973199351919518	1.0004760109362303
USP10-P-T74	0.0026836626114043376	0.9973199351919518	0.9988954801132662
MRE11-P-S689	-0.0016832656479297446	0.998318150249136	0.998318150249136

Data type: org.panda.causalpath.data.ProteinData
Row ID	Change amount	P-value	Q-value
SMUG1-G	-2.4782277648684516	0.08389176986743202	24.412505031422718
SOD1-G	-2.3630249091369455	0.09413504214128521	9.131099087704666
CDK6-G	2.3630249091369455	0.09413504214128521	13.696648631556998
YY1-G	-1.4503084410617801	0.23449794814195524	17.059725727327244
BARD1-G	1.2881259071337223	0.2757871498090951	10.031757574305834
GINS4-G	1.2881259071337223	0.2757871498090951	8.917117843827407
RPS27A-G	-1.2881259071337223	0.2757871498090951	16.050812118889333
UIMC1-G	-1.2881259071337223	0.2757871498090951	13.375676765741112
XPA-G	-1.2881259071337223	0.2757871498090951	11.464865799206667
ASCC1-G	1.2881259071337223	0.2757871498090951	8.025406059444666
GTF2H1-G	0.856734804067439	0.4245460476571495	11.231172715293683
TIPIN-G	-0.8227056893949405	0.43924159394234125	10.651608653101775
TTK-G	0.7791239338155461	0.45880778127332367	10.27023571927209
BAP1-G	-0.7791239338155461	0.45880778127332367	8.900870956702478
DNPH1-G	-0.7791239338155461	0.45880778127332367	7.8537096676786575
TYMS-G	0.7791239338155461	0.45880778127332367	6.068775652297145
RNF168-G	-0.7791239338155461	0.45880778127332367	7.027003386870378
RAD23B-G	-0.7791239338155461	0.45880778127332367	5.340522574021487
POLL-G	-0.7791239338155461	0.45880778127332367	7.417392463918732
GINS2-G	0.7791239338155461	0.45880778127332367	6.675653217526859
PTEN-G	-0.7791239338155461	0.45880778127332367	6.357764969073199
RAD1-G	-0.7791239338155461	0.45880778127332367	9.536647453609799
RAD23A-G	-0.7791239338155461	0.45880778127332367	8.344566521908574
POLR2G-G	0.7791239338155461	0.45880778127332367	5.804915841327704
RAD17-G	-0.7791239338155461	0.45880778127332367	5.563044347939049
UNG-G	-0.7791239338155461	0.45880778127332367	5.135117859636045
USP1-G	-0.6417004038920211	0.5263965758207271	5.282117364270054
TIMELESS-G	-0.6417004038920211	0.5263965758207271	5.673385317178947
POLR2H-G	-0.6417004038920211	0.5263965758207271	5.470764412993985
CUL5-G	-0.6417004038920211	0.5263965758207271	5.106046785461052
UBE2B-G	-0.6417004038920211	0.5263965758207271	4.941335598833276
UBE2N-G	-0.6068164489762635	0.5450834106439585	4.806644621133088
CHEK1-G	0.6068164489762635	0.5450834106439585	4.665272720511528
MBD4-G	0.6068164489762635	0.5450834106439585	4.956852265543498
RNF4-G	-0.6068164489762635	0.5450834106439585	4.531979214211198
TERF1-G	-0.5077055842058975	0.6018749471697318	4.865155822955332
MCM8-G	0.500727621706337	0.6060894953589114	4.766811977011979
BLM-G	0.500727621706337	0.6060894953589114	4.522360080754955
KDM4B-G	-0.500727621706337	0.6060894953589114	4.641369556564295
POLG2-G	-0.43704210182034947	0.6459442354099729	4.6992443126075525
CHAF1A-G	-0.43704210182034947	0.6459442354099729	4.4754707739119555
CCNH-G	0.43704210182034947	0.6459442354099729	4.584628597665906
CETN2-G	-0.3942462772967415	0.6741879985953799	4.562528083517571
RECQL4-G	-0.3437483097624432	0.7091073809963127	4.585561063776155
XRCC1-G	-0.3437483097624432	0.7091073809963127	4.689778360680159
POLE2-G	-0.3437483097624432	0.7091073809963127	4.485874953694065
BABAM1-G	-0.3293229260864422	0.7194106627626424	4.454223465189978
SMARCC1-G	0.3293229260864422	0.7194106627626424	4.36142714299852
APBB1-G	-0.3290094002229153	0.7196362519740938	4.1882829864892255
KPNA2-G	0.3290094002229153	0.7196362519740938	3.549392361431547
BRCA1-G	-0.3290094002229153	0.7196362519740938	3.433018841384611
HMGN1-G	-0.3290094002229153	0.7196362519740938	3.3776475697493753
DDB1-G	-0.3290094002229153	0.7196362519740938	3.32403411626129
BRCC3-G	-0.3290094002229153	0.7196362519740938	3.2720960831947075
PIAS1-G	-0.3290094002229153	0.7196362519740938	2.9085298517286287
HRAS-G	-0.3290094002229153	0.7196362519740938	4.273758149478802
CHEK2-G	0.3290094002229153	0.7196362519740938	3.7395383807939515
LIG1-G	0.3290094002229153	0.7196362519740938	3.6739324442887944
CHTF18-G	0.3290094002229153	0.7196362519740938	2.991630704635161
APTX-G	-0.3290094002229153	0.7196362519740938	3.9512103646124768
POLE4-G	-0.3290094002229153	0.7196362519740938	3.4902358220743546
POLR2L-G	0.3290094002229153	0.7196362519740938	3.2217561434532502
DDB2-G	-0.3290094002229153	0.7196362519740938	3.1729416564312314
NHEJ1-G	-0.3290094002229153	0.7196362519740938	3.1255843182755414
ATRX-G	-0.3290094002229153	0.7196362519740938	4.1061597906757115
CDK4-G	0.3290094002229153	0.7196362519740938	4.027195179316563
TICRR-G	0.3290094002229153	0.7196362519740938	3.8780398023048384
FTO-G	0.3290094002229153	0.7196362519740938	3.8075299877174777
DCTPP1-G	-0.3290094002229153	0.7196362519740938	3.610588781456229
BOD1L1-G	-0.3290094002229153	0.7196362519740938	3.0796198430067836
XPC-G	-0.3290094002229153	0.7196362519740938	3.034987671369004
NFRKB-G	-0.3290094002229153	0.7196362519740938	2.949495060907905
TP53-G	0.3059685732304584	0.7364097620723302	2.935551243329426
SETMAR-G	-0.3059685732304584	0.7364097620723302	2.8958816319330825
AURKB-G	0.30543960816830285	0.7367994001512769	2.858781672586954
MRE11-G	-0.2611590788540393	0.7701583939549776	2.948895955801296
PAXIP1-G	-0.24182114714554584	0.7851965996471635	2.9674313051600594
DNA2-G	0.23593861675313796	0.7898291547228166	2.8029302929797515
CDA-G	0.23593861675313796	0.7898291547228166	2.9093706838524
UBXN1-G	-0.23593861675313796	0.7898291547228166	2.873003550304245
POLR2B-G	0.23593861675313796	0.7898291547228166	2.8375343706708596
CDK7-G	0.23593861675313796	0.7898291547228166	2.7691600484860195
ERCC6L-G	0.23593861675313796	0.7898291547228166	2.7361938574326143
PCLAF-G	-0.23593861675313796	0.7898291547228166	2.946670308004354
GTF2H5-G	0.201983522285108	0.8171083919104264	2.7973946123051068
RMI1-G	0.201983522285108	0.8171083919104264	2.7648667679759775
LIG4-G	0.19679643490445167	0.8213578160781021	2.7473002813646863
UBE2I-G	0.19174818055576962	0.8255147229784278	2.7298270953036647
KAT5-G	0.19174818055576962	0.8255147229784278	2.699154880749691
SAMHD1-G	0.18889039090429105	0.8278772445979314	2.676803090866645
RNASEH2C-G	-0.1713412787990393	0.8425339854138659	2.694257030279505
YWHAG-G	0.15707484328385793	0.8546400923529565	2.703263770377286
GMNN-G	-0.15481404887643746	0.8565744436555055	2.680249065631743
POLB-G	-0.15481404887643746	0.8565744436555055	2.6517357776994905
PCNA-G	0.1547192481660176	0.8566556513705053	2.624071521566495
RRM2-G	0.1376800868672503	0.8713774122380047	2.641362780846452
TOP2A-G	0.13315672732692435	0.8753278935567314	2.5729335053031193
NBN-G	-0.13315672732692435	0.8753278935567314	2.497258990441263
PLRG1-G	-0.13315672732692435	0.8753278935567314	2.3156401547728076
USP7-G	-0.13315672732692435	0.8753278935567314	2.2149601480435552
LRWD1-G	-0.13315672732692435	0.8753278935567314	2.195865664008697
GTF2H3-G	0.13315672732692435	0.8753278935567314	2.1586476019068543
RRM1-G	-0.13315672732692435	0.8753278935567314	2.140507706092511
NUDT18-G	0.13315672732692435	0.8753278935567314	2.105127413429825
POLK-G	-0.13315672732692435	0.8753278935567314	2.087872270696794
TERF2IP-G	0.13315672732692435	0.8753278935567314	2.0056725750000695
MORF4L1-G	0.13315672732692435	0.8753278935567314	1.9593878232692987
DUT-G	-0.13315672732692435	0.8753278935567314	1.9444306643130445
WRN-G	0.13315672732692435	0.8753278935567314	1.9297001289773397
MGMT-G	-0.13315672732692435	0.8753278935567314	1.9008986345149912
PRIM1-G	0.13315672732692435	0.8753278935567314	1.8729442428309473
MMS22L-G	-0.13315672732692435	0.8753278935567314	1.7938057536972454
RFC2-G	0.13315672732692435	0.8753278935567314	1.7446603905822522
UBE2T-G	0.13315672732692435	0.8753278935567314	2.625983680670194
USP10-G	0.13315672732692435	0.8753278935567314	2.5991879288266206
ATRIP-G	-0.13315672732692435	0.8753278935567314	2.4259087335715126
POLA1-G	0.13315672732692435	0.8753278935567314	2.358522379861193
TDP2-G	-0.13315672732692435	0.8753278935567314	2.2343896230263933
KDM4A-G	0.13315672732692435	0.8753278935567314	2.1770975814103317
ABL1-G	-0.13315672732692435	0.8753278935567314	2.021590611309594
TREX1-G	-0.13315672732692435	0.8753278935567314	1.9900032580078815
TCEA1-G	-0.13315672732692435	0.8753278935567314	1.8868179038889543
CDK1-G	0.13315672732692435	0.8753278935567314	1.8592731169708674
SUMO2-G	-0.13315672732692435	0.8753278935567314	1.8194315501786344
TP53BP1-G	-0.13315672732692435	0.8753278935567314	1.7812616575175442
IDH1-G	-0.13315672732692435	0.8753278935567314	1.7566925312069575
XRCC6-G	0.13315672732692435	0.8753278935567314	1.7095330001678444
ATR-G	-0.13315672732692435	0.8753278935567314	1.6981361135000588
PPP5C-G	0.13315672732692435	0.8753278935567314	1.6868901789735684
GTF2H4-G	0.13315672732692435	0.8753278935567314	2.5472041702500885
CUL4B-G	0.13315672732692435	0.8753278935567314	2.3805646450935405
CCNA2-G	0.13315672732692435	0.8753278935567314	2.336884559862466
DTYMK-G	-0.13315672732692435	0.8753278935567314	2.2947785317568363
FANCD2-G	-0.13315672732692435	0.8753278935567314	2.274289437723293
GTF2H2-G	0.13315672732692435	0.8753278935567314	2.254162982522202
DGUOK-G	-0.13315672732692435	0.8753278935567314	2.1226701418750737
AURKA-G	0.13315672732692435	0.8753278935567314	2.070897699390316
PIAS4-G	-0.13315672732692435	0.8753278935567314	2.0377633362000704
MLH1-G	0.13315672732692435	0.8753278935567314	1.974576876162859
COPS6-G	0.13315672732692435	0.8753278935567314	1.915191105451194
RMI2-G	-0.13315672732692435	0.8753278935567314	1.8458001233696293
MNAT1-G	0.13315672732692435	0.8753278935567314	1.8065277803192115
PLK1-G	0.13315672732692435	0.8753278935567314	1.7327919525510804
PPP4C-G	0.13315672732692435	0.8753278935567314	2.5219843269802853
ERCC6-G	-0.13315672732692435	0.8753278935567314	2.4730137575243574
RIF1-G	0.13315672732692435	0.8753278935567314	2.4492347790866233
INO80E-G	0.13315672732692435	0.8753278935567314	2.4030228021227247
CDC25C-G	0.13315672732692435	0.8753278935567314	2.054196911492007
WEE1-G	-0.13315672732692435	0.8753278935567314	1.8325209857914304
RAD50-G	-0.13315672732692435	0.8753278935567314	1.7688917848958947
MAPK8-G	-0.13315672732692435	0.8753278935567314	1.7210838988176271
RBX1-G	-0.12740613599690512	0.8803760475761417	1.6854567752937977
DDX11-G	0.12531649132170297	0.8822176441672614	1.6146247449853655
TERF2-G	0.12531649132170297	0.8822176441672614	1.635193213074351
POLG-G	-0.12531649132170297	0.8822176441672614	1.5945672947371001
MCM7-G	0.12531649132170297	0.8822176441672614	1.6670476263160592
PRKDC-G	0.12531649132170297	0.8822176441672614	1.6456752208504686
RNMT-G	-0.12531649132170297	0.8822176441672614	1.624843888940969
ORC2-G	-0.12531649132170297	0.8822176441672614	1.604533340329207
ABRAXAS1-G	-0.12531649132170297	0.8822176441672614	1.677943362435772
RBBP8-G	-0.12531649132170297	0.8822176441672614	1.6562924803398265
UBA7-G	-0.11656280367311428	0.8899742015726418	1.59865736208419
PKMYT1-G	-0.1102996344377521	0.8955657527494143	1.5988321107366843
NUDT16-G	-0.08003763011913503	0.9230816100621159	1.637907003219974
POLD1-G	0.08003763011913503	0.9230816100621159	1.6181731839040707
NUDT1-G	0.08003763011913503	0.9230816100621159	1.6279802941095498
RECQL5-G	-0.07661444878741078	0.9262469003877642	1.6139990898972418
ACTB-G	0.07657666820836483	0.9262818951930583	1.6044525684594044
SIRT6-G	-0.07657666820836483	0.9262818951930583	1.5855766558892936
FANCL-G	0.07657666820836483	0.9262818951930583	1.594958766279171
WDHD1-G	0.0703587327613538	0.9320593996835954	1.5861361713913817
APEX1-G	-0.0703587327613538	0.9320593996835954	1.5769144494646876
MCM5-G	0.06656839838783828	0.9355989202099506	1.5737530970005527
NSD2-G	0.03590610684400657	0.9647308708569078	1.5950947921554557
FANCI-G	0.03590610684400657	0.9647308708569078	1.5683613598846937
PARP2-G	-0.03590610684400657	0.9647308708569078	1.5510314001069623
MCM6-G	0.03590610684400657	0.9647308708569078	1.5425092495569241
VCP-G	0.03590610684400657	0.9647308708569078	1.5174955860505956
MTOR-G	-0.03590610684400657	0.9647308708569078	1.477561491680843
PIAS3-G	-0.03590610684400657	0.9647308708569078	1.447096306285362
ALKBH5-G	-0.03590610684400657	0.9647308708569078	1.4396752995864626
SMARCA4-G	-0.03590610684400657	0.9647308708569078	1.362799434074564
UBE2V2-G	0.03590610684400657	0.9647308708569078	1.3562158619292763
APLF-G	0.03590610684400657	0.9647308708569078	1.613429215053794
RFC4-G	0.03590610684400657	0.9647308708569078	1.604209619539201
DHFR-G	0.03590610684400657	0.9647308708569078	1.5771723787604506
POLE-G	-0.03590610684400657	0.9647308708569078	1.5596482412186676
NPLOC4-G	0.03590610684400657	0.9647308708569078	1.5340802372642632
MSH2-G	0.03590610684400657	0.9647308708569078	1.5257428446704357
XRCC4-G	0.03590610684400657	0.9647308708569078	1.4698255676406293
LIG3-G	-0.03590610684400657	0.9647308708569078	1.462170226142501
TK2-G	0.03590610684400657	0.9647308708569078	1.454594214608084
MCM3-G	0.03590610684400657	0.9647308708569078	1.4323300174457152
CLK2-G	-0.03590610684400657	0.9647308708569078	1.3966999175092547
RTEL1-G	-0.03590610684400657	0.9647308708569078	1.3897855614819812
RPA3-G	0.03590610684400657	0.9647308708569078	1.5093370076309687
POLD3-G	0.03590610684400657	0.9647308708569078	1.5012656867345464
SMARCA5-G	0.03590610684400657	0.9647308708569078	1.417862037471516
HLTF-G	-0.03590610684400657	0.9647308708569078	1.4107371026098503
ERCC3-G	0.03590610684400657	0.9647308708569078	1.403683417096801
CDC5L-G	-0.03590610684400657	0.9647308708569078	1.3829393271889665
TRIP13-G	0.03590610684400657	0.9647308708569078	1.369447236192001
RFC5-G	0.03590610684400657	0.9647308708569078	1.5860829571715265
ELL-G	0.03590610684400657	0.9647308708569078	1.4932802309540436
POLR2E-G	-0.03590610684400657	0.9647308708569078	1.485379277351112
XRCC5-G	0.03590610684400657	0.9647308708569078	1.4250593066972599
MCM2-G	0.03590610684400657	0.9647308708569078	1.376160212840001
FANCG-G	0.035482008050485125	0.9651400988257214	1.350268119030216
MCM4-G	0.035482008050485125	0.9651400988257214	1.343807506020502
FEN1-G	0.03459418306705721	0.9659973548082964	1.3385963345200678
MSH6-G	0.0321631367311451	0.9683485959683239	1.3291954784282183
BABAM2-G	-0.0321631367311451	0.9683485959683239	1.3354949830653189
RAD18-G	0.029450507458364736	0.9709789326672538	1.326548682658079
POLR2I-G	0.027350299156245168	0.9730203336160714	1.304833719273165
PNKP-G	-0.027350299156245168	0.9730203336160714	1.2988482434966826
PPP4R2-G	-0.027350299156245168	0.9730203336160714	1.2754455724426883
POLM-G	0.027350299156245168	0.9730203336160714	1.269726085570748
REV3L-G	-0.027350299156245168	0.9730203336160714	1.2528713145233485
RPA2-G	0.027350299156245168	0.9730203336160714	1.2418812152731438
RAD9A-G	0.027350299156245168	0.9730203336160714	1.2204694701822276
PARP4-G	0.027350299156245168	0.9730203336160714	1.155709865641946
GPS1-G	0.027350299156245168	0.9730203336160714	1.1417295043640194
POLE3-G	0.027350299156245168	0.9730203336160714	1.114759516071956
BAZ1B-G	0.027350299156245168	0.9730203336160714	1.1060504573526437
COPS5-G	-0.027350299156245168	0.9730203336160714	1.0974764227995224
POLQ-G	-0.027350299156245168	0.9730203336160714	1.093239062093733
ORC1-G	-0.027350299156245168	0.9730203336160714	1.0766118520238661
HERC2-G	0.027350299156245168	0.9730203336160714	1.072533776826806
ERCC2-G	-0.027350299156245168	0.9730203336160714	1.0525982047668283
ERCC4-G	-0.027350299156245168	0.9730203336160714	1.0333902083294773
RAD51C-G	0.027350299156245168	0.9730203336160714	1.014870670545795
ERCC5-G	-0.027350299156245168	0.9730203336160714	1.3231257807583028
EYA3-G	0.027350299156245168	0.9730203336160714	1.2364581531977152
POLD4-G	0.027350299156245168	0.9730203336160714	1.2310822481838122
UBA52-G	-0.027350299156245168	0.9730203336160714	1.2152314037865957
TRIM25-G	-0.027350299156245168	0.9730203336160714	1.210038107189217
ETAA1-G	-0.027350299156245168	0.9730203336160714	1.1510118580580357
PMS2-G	-0.027350299156245168	0.9730203336160714	1.1463518910213635
UBE2A-G	-0.027350299156245168	0.9730203336160714	1.1371442453103486
RUVBL2-G	0.027350299156245168	0.9730203336160714	1.1280833349891506
RCHY1-G	0.027350299156245168	0.9730203336160714	1.1236068138185586
TOP1-G	0.027350299156245168	0.9730203336160714	1.0890342964702953
BRIP1-G	0.027350299156245168	0.9730203336160714	1.0684864795557616
TOPBP1-G	-0.027350299156245168	0.9730203336160714	1.0604828355141453
CUL4A-G	-0.027350299156245168	0.9730203336160714	1.0565258100084955
MCRS1-G	0.027350299156245168	0.9730203336160714	1.0371755204479003
MPG-G	-0.027350299156245168	0.9730203336160714	1.0221982566147176
PARG-G	-0.027350299156245168	0.9730203336160714	1.3108746161216518
DYNLL1-G	-0.027350299156245168	0.9730203336160714	1.2929174295994375
YWHAE-G	-0.027350299156245168	0.9730203336160714	1.2870405321921672
TOP2B-G	0.027350299156245168	0.9730203336160714	1.281216819376818
HUS1-G	-0.027350299156245168	0.9730203336160714	1.2473520576311754
STK19-G	0.027350299156245168	0.9730203336160714	1.2048890088607522
PARP1-G	0.027350299156245168	0.9730203336160714	1.1997835469588
PPIE-G	-0.027350299156245168	0.9730203336160714	1.1947211691235309
POLR2J-G	-0.027350299156245168	0.9730203336160714	1.189701332278474
WDR48-G	0.027350299156245168	0.9730203336160714	1.1700368474474248
PRIM2-G	-0.027350299156245168	0.9730203336160714	1.1652218809970238
RFC1-G	0.027350299156245168	0.9730203336160714	1.119165680167102
ERCC1-G	0.027350299156245168	0.9730203336160714	1.1103879101265757
RPA1-G	-0.027350299156245168	0.9730203336160714	1.101746759075007
RRM2B-G	0.027350299156245168	0.9730203336160714	1.0848617512730911
PRPF19-G	0.027350299156245168	0.9730203336160714	1.0409886657436647
RFC3-G	0.027350299156245168	0.9730203336160714	1.0259018734865102
CIB1-G	-0.027350299156245168	0.9730203336160714	1.0112461324367028
UFD1-G	0.027350299156245168	0.9730203336160714	1.0076473917518747
ATM-G	0.027350299156245168	0.9730203336160714	1.316971707359427
SLX4-G	-0.027350299156245168	0.9730203336160714	1.2640576655458786
POLR2C-G	-0.027350299156245168	0.9730203336160714	1.2584396314767858
ACTL6A-G	-0.027350299156245168	0.9730203336160714	1.225752887802064
BRCA2-G	0.027350299156245168	0.9730203336160714	1.1847235024363045
TDP1-G	-0.027350299156245168	0.9730203336160714	1.1797871545094867
EYA2-G	0.027350299156245168	0.9730203336160714	1.1748917721256298
CDK2-G	0.027350299156245168	0.9730203336160714	1.160446381484741
SMARCAL1-G	-0.027350299156245168	0.9730203336160714	1.1325956683291072
RUVBL1-G	0.027350299156245168	0.9730203336160714	1.080721057565942
NUDT5-G	0.027350299156245168	0.9730203336160714	1.064469613091266
SUMO1-G	0.027350299156245168	0.9730203336160714	1.0486996928973216
JMJD6-G	-0.027350299156245168	0.9730203336160714	1.0448299523331248
TINF2-G	-0.027350299156245168	0.9730203336160714	1.0296324257537337
MDC1-G	0.027350299156245168	0.9730203336160714	1.0185212844686216
POLR2K-G	0.024711839024153165	0.9755909987815073	1.0067268817213426
POLD2-G	0.024711839024153165	0.9755909987815073	1.0031695429166736
MEN1-G	-0.024711839024153165	0.9755909987815073	0.9996372557937276
POLR2F-G	0.020533215502163776	0.9796761554986256	1.0003009166670178
YWHAB-G	0.018415652439372644	0.9817528795600736	0.9989163914404945
NUDT15-G	-0.013658303677938416	0.9864345477400759	1.0001827644333174
ALKBH3-G	0.013560661044891835	0.9865308705091732	0.9899327010971358
POLR2D-G	-0.013560661044891835	0.9865308705091732	0.9933580737652921
POLR2A-G	-0.013560661044891835	0.9865308705091732	0.9968072337436438
NABP2-G	0.003727851485414759	0.996279088326726	0.996279088326726

Data type: org.panda.causalpath.data.RNAData
Row ID	Change amount	P-value	Q-value
NUDT16-R	-0.8375525373511978	0.4327684128546254	164.01922847190303
PAXIP1-R	-0.8375525373511978	0.4327684128546254	82.00961423595152
NABP2-R	-0.8375525373511978	0.4327684128546254	54.67307615730101
RBBP8-R	-0.8375525373511978	0.4327684128546254	41.00480711797576
XPA-R	-0.8375525373511978	0.4327684128546254	32.803845694380605
KDM4B-R	-0.8375525373511978	0.4327684128546254	27.336538078650506
GADD45G-R	-0.6449156501755164	0.524706799166444	28.40912526915461
PTEN-R	-0.62461281250113	0.5354687151795523	22.549182561450035
RAD51D-R	-0.62461281250113	0.5354687151795523	20.29426430530503
ORC6-R	0.62461281250113	0.5354687151795523	25.36783038163129
APBB1-R	-0.5961732754399849	0.5509158105409446	17.399757682918167
ALKBH5-R	-0.5961732754399849	0.5509158105409446	16.061314784232156
CDK6-R	0.5961732754399849	0.5509158105409446	18.98155383591073
RAD50-R	-0.5961732754399849	0.5509158105409446	14.914078013929858
DGUOK-R	0.45476350120987574	0.6345980318693132	16.034176938564645
SMUG1-R	-0.42694820397751865	0.6524973481199587	15.456030933591522
MDM2-R	-0.42694820397751865	0.6524973481199587	14.546852643380257
BAP1-R	-0.3979488596350064	0.671696377581583	12.122520338258093
ACTB-R	0.3979488596350064	0.671696377581583	10.607205295975831
ERCC4-R	-0.3979488596350064	0.671696377581583	8.778376796669653
H2BC21-R	-0.3979488596350064	0.671696377581583	8.485764236780664
APLF-R	0.3979488596350064	0.671696377581583	14.142940394634442
ATRIP-R	-0.3979488596350064	0.671696377581583	12.728646355170998
POLK-R	-0.3979488596350064	0.671696377581583	11.068388134931302
TERF2-R	0.3979488596350064	0.671696377581583	10.182917084136797
PMS2-R	-0.3979488596350064	0.671696377581583	9.791266427054612
H2BC5-R	-0.3979488596350064	0.671696377581583	8.212029906561934
XRCC3-R	-0.3979488596350064	0.671696377581583	11.571496686519088
RNMT-R	-0.3979488596350064	0.671696377581583	9.091890253693569
NEIL1-R	-0.3979488596350064	0.671696377581583	13.398575110706313
RBX1-R	0.3979488596350064	0.671696377581583	9.428626929756295
POLL-R	-0.35755821609053007	0.6993819824727571	8.283305354911716
RFC3-R	0.35755821609053007	0.6993819824727571	8.032296101732573
PPP4R2-R	-0.21089166871375103	0.8098617954993038	9.027577073359888
RNF111-R	-0.1752591237677859	0.8392395256833813	8.155686672666706
TOPBP1-R	-0.1752591237677859	0.8392395256833813	7.5731376246190845
UFD1-R	0.1752591237677859	0.8392395256833813	9.087765149542902
CCNA2-R	0.1752591237677859	0.8392395256833813	8.596534600918961
EXO1-R	0.1752591237677859	0.8392395256833813	8.370310006157936
PRIM2-R	0.1752591237677859	0.8392395256833813	7.951794505850039
RFC5-R	-0.1752591237677859	0.8392395256833813	8.835327228722266
LIG4-R	0.1752591237677859	0.8392395256833813	7.7578482983902814
XPC-R	-0.1752591237677859	0.8392395256833813	7.39701814497678
ATRX-R	-0.17310509608292546	0.8410492192212	7.244492138291701
VCP-R	0.1391162104474705	0.8701269047455928	7.169089063012602
YY1-R	-0.1391162104474705	0.8701269047455928	6.8703770187204105
ERCC6-R	-0.1391162104474705	0.8701269047455928	7.328402153301771
CUL5-R	-0.1391162104474705	0.8701269047455928	7.01655525316127
TICRR-R	0.09685893005219022	0.9076840440426306	7.020658218207286
CETN2-R	-0.09612464338701382	0.9083507890934066	6.885298981328023
KPNA2-R	0.06766759374238383	0.9345710792256446	6.811585365894602
MCM10-R	0.06766759374238383	0.9345710792256446	6.325043554044988
CDC45-R	0.06766759374238383	0.9345710792256446	6.683064887292817
LIG3-R	-0.06766759374238383	0.9345710792256446	6.440044345936714
SLX1A-R	0.06766759374238383	0.9345710792256446	6.945145863265084
POLR2L-R	-0.06766759374238383	0.9345710792256446	6.559304426417024
DNTT-R	0.0654447283318577	0.9366508155819842	6.227906300097754
H2AZ1-R	0.055125802744809806	0.946366085013329	5.6932181939690745
FAAP100-R	-0.055125802744809806	0.946366085013329	5.9778791036675285
RRM2-R	0.055125802744809806	0.946366085013329	6.079199088475453
SMARCA5-R	0.055125802744809806	0.946366085013329	5.879881085574618
GINS4-R	0.055125802744809806	0.946366085013329	5.785044293871802
TERF1-R	-0.055125802744809806	0.946366085013329	6.18401286586296
CHEK2-R	0.049216091428962966	0.9519753937472452	5.637479284846967
TTK-R	0.045339170147126386	0.9556732910075669	5.174288247026684
PLK4-R	0.045339170147126386	0.9556732910075669	5.030558017942609
CCNA1-R	0.045339170147126386	0.9556732910075669	4.765791806471945
USP7-R	-0.045339170147126386	0.9556732910075669	4.703898406387895
POLM-R	-0.045339170147126386	0.9556732910075669	4.261178556374916
MCM6-R	0.045339170147126386	0.9556732910075669	4.069664913391774
PLRG1-R	0.045339170147126386	0.9556732910075669	3.936958448824651
H4C1-R	0.045339170147126386	0.9556732910075669	3.8946255622781494
PARP2-R	0.045339170147126386	0.9556732910075669	3.8126334451775565
DNPH1-R	-0.045339170147126386	0.9556732910075669	3.7340224463079164
AURKB-R	0.045339170147126386	0.9556732910075669	3.5165065756492027
GMNN-R	0.045339170147126386	0.9556732910075669	3.449525498017789
YWHAB-R	-0.045339170147126386	0.9556732910075669	3.3537053452950727
USP37-R	-0.045339170147126386	0.9556732910075669	3.3229374063474117
EYA4-R	0.045339170147126386	0.9556732910075669	3.205311303467857
MTOR-R	0.045339170147126386	0.9556732910075669	3.0957280110416057
WRN-R	-0.045339170147126386	0.9556732910075669	3.0694930278971855
FANCE-R	0.045339170147126386	0.9556732910075669	2.897601418334943
PRIM1-R	-0.045339170147126386	0.9556732910075669	2.874604581681491
GPS1-R	-0.045339170147126386	0.9556732910075669	2.8519698999359675
BRCA1-R	-0.045339170147126386	0.9556732910075669	2.807753312340061
ORC1-R	0.045339170147126386	0.9556732910075669	2.6246389658831006
CENPX-R	-0.045339170147126386	0.9556732910075669	2.6057566711645173
KAT5-R	-0.045339170147126386	0.9556732910075669	2.587144123513342
BLM-R	0.045339170147126386	0.9556732910075669	2.5507054738863935
BRCC3-R	-0.045339170147126386	0.9556732910075669	2.532868372670405
PLK2-R	0.045339170147126386	0.9556732910075669	2.463946784298421
EME2-R	-0.045339170147126386	0.9556732910075669	2.4308736730997844
MSH6-R	0.045339170147126386	0.9556732910075669	2.277988536426842
RMI1-R	-0.045339170147126386	0.9556732910075669	2.2358035635300486
PIAS1-R	-0.045339170147126386	0.9556732910075669	2.222086977250723
RAD51C-R	-0.045339170147126386	0.9556732910075669	2.168863337077053
ERCC5-R	0.045339170147126386	0.9556732910075669	5.48788147411921
ACD-R	0.045339170147126386	0.9556732910075669	5.326473195468645
POLE-R	-0.045339170147126386	0.9556732910075669	4.363857557733348
POLA1-R	-0.045339170147126386	0.9556732910075669	4.16322042864216
RAD54L-R	0.045339170147126386	0.9556732910075669	4.024446414354087
TREX1-R	-0.045339170147126386	0.9556732910075669	3.292728884471526
CDC6-R	0.045339170147126386	0.9556732910075669	3.263064660287098
ABL1-R	-0.045339170147126386	0.9556732910075669	3.0436989688392257
SETMAR-R	-0.045339170147126386	0.9556732910075669	3.0183348107655656
CENPS-R	-0.045339170147126386	0.9556732910075669	2.9933898949741145
ETAA1-R	-0.045339170147126386	0.9556732910075669	2.968853912228425
DTL-R	-0.045339170147126386	0.9556732910075669	2.786155209937445
FANCM-R	-0.045339170147126386	0.9556732910075669	2.7648868495562433
XRCC6-R	0.045339170147126386	0.9556732910075669	2.7029863977005064
TP53BP1-R	-0.045339170147126386	0.9556732910075669	2.6437969145391818
RTEL1-R	-0.045339170147126386	0.9556732910075669	2.398676670807072
MPG-R	-0.045339170147126386	0.9556732910075669	2.3828959032359727
TOP1-R	-0.045339170147126386	0.9556732910075669	2.367321420208287
PPP5C-R	0.045339170147126386	0.9556732910075669	2.3519492031939473
DBF4-R	0.045339170147126386	0.9556732910075669	2.307007498674318
MCRS1-R	-0.045339170147126386	0.9556732910075669	2.263751108074174
CDC25B-R	0.045339170147126386	0.9556732910075669	2.1951525896476842
POLG-R	0.045339170147126386	0.9556732910075669	2.155953436261118
TOP2B-R	-0.045339170147126386	0.9556732910075669	5.405972795401013
PARG-R	-0.045339170147126386	0.9556732910075669	5.249277931766201
TIMELESS-R	-0.045339170147126386	0.9556732910075669	4.961646264272162
AEN-R	0.045339170147126386	0.9556732910075669	4.643592016562408
MCM7-R	0.045339170147126386	0.9556732910075669	4.584812370783138
POLG2-R	-0.045339170147126386	0.9556732910075669	4.471607127060097
CUL4B-R	-0.045339170147126386	0.9556732910075669	4.417075332827657
UBE2N-R	-0.045339170147126386	0.9556732910075669	4.115911105589408
RAD9B-R	-0.045339170147126386	0.9556732910075669	3.9802217284820647
PRKDC-R	0.045339170147126386	0.9556732910075669	3.853193375445403
YWHAG-R	0.045339170147126386	0.9556732910075669	3.6959201764476313
DCLRE1A-R	-0.045339170147126386	0.9556732910075669	3.5861403692264147
POLR2J-R	-0.045339170147126386	0.9556732910075669	3.55098213031243
PPIE-R	0.045339170147126386	0.9556732910075669	3.385048385905307
WDR48-R	-0.045339170147126386	0.9556732910075669	3.2339301543916776
BRCA2-R	0.045339170147126386	0.9556732910075669	3.1495667590597205
RFC1-R	-0.045339170147126386	0.9556732910075669	3.1224153214816197
POLE4-R	0.045339170147126386	0.9556732910075669	2.9447168885517714
PLK1-R	0.045339170147126386	0.9556732910075669	2.9209691717086117
PARP3-R	-0.045339170147126386	0.9556732910075669	2.743940737059605
ERCC3-R	-0.045339170147126386	0.9556732910075669	2.682964276236058
POLD1-R	0.045339170147126386	0.9556732910075669	2.5152790089713046
DDB2-R	-0.045339170147126386	0.9556732910075669	2.4979322571852958
RRM2B-R	-0.045339170147126386	0.9556732910075669	2.4146678486124524
MNAT1-R	-0.045339170147126386	0.9556732910075669	2.3367753373668894
TRIP13-R	0.045339170147126386	0.9556732910075669	2.292406185391569
PLK3-R	0.045339170147126386	0.9556732910075669	2.2085376664138283
RAD1-R	-0.045339170147126386	0.9556732910075669	5.57231041987489
INO80E-R	-0.045339170147126386	0.9556732910075669	5.101410947772787
RPS27A-R	0.045339170147126386	0.9556732910075669	4.894596990430647
MRE11-R	-0.045339170147126386	0.9556732910075669	4.829335697224905
FANCA-R	0.045339170147126386	0.9556732910075669	4.527502216148348
SLX4-R	-0.045339170147126386	0.9556732910075669	4.311906872522236
EYA2-R	-0.045339170147126386	0.9556732910075669	4.211629968510092
POLR2C-R	0.045339170147126386	0.9556732910075669	3.772918513456957
FTO-R	-0.045339170147126386	0.9556732910075669	3.658587649412807
FAN1-R	-0.045339170147126386	0.9556732910075669	3.622001772918679
BABAM1-R	-0.045339170147126386	0.9556732910075669	3.4826940124218067
CLSPN-R	0.045339170147126386	0.9556732910075669	3.416982804640263
RNASEH2C-R	-0.045339170147126386	0.9556732910075669	3.177194537647964
GTF2H2-R	0.045339170147126386	0.9556732910075669	2.8296888850927178
CCNH-R	-0.045339170147126386	0.9556732910075669	2.7233096036982545
ASCC1-R	0.045339170147126386	0.9556732910075669	2.6632365977343224
RFWD3-R	0.045339170147126386	0.9556732910075669	2.5687955836302687
UBE2B-R	-0.045339170147126386	0.9556732910075669	2.480823132136081
RAD17-R	-0.045339170147126386	0.9556732910075669	2.4472984952153234
H2BC4-R	-0.045339170147126386	0.9556732910075669	2.321796008281204
UNG-R	-0.045339170147126386	0.9556732910075669	2.249690542185515
PER1-R	0.045339170147126386	0.9556732910075669	2.181928778866674
DCLRE1B-R	-0.04475505076463694	0.9562316813676114	2.1070453909204927
POLR2I-R	0.04475505076463694	0.9562316813676114	2.0828264783811767
RRM1-R	-0.04475505076463694	0.9562316813676114	2.070924612790427
GTF2H5-R	0.04475505076463694	0.9562316813676114	2.0591579956722996
MCM8-R	-0.04475505076463694	0.9562316813676114	2.047524334679801
FANCI-R	0.04475505076463694	0.9562316813676114	1.9696293871648083
FEN1-R	0.04475505076463694	0.9562316813676114	1.9175227896207658
NUDT18-R	-0.04475505076463694	0.9562316813676114	1.8974440169545799
GTF2H3-R	-0.04475505076463694	0.9562316813676114	1.8777813846545324
RPA2-R	0.04475505076463694	0.9562316813676114	1.8585220884016653
FANCG-R	-0.04475505076463694	0.9562316813676114	1.794117857615469
H2BC9-R	0.04475505076463694	0.9562316813676114	1.734027785829305
TERF2IP-R	0.04475505076463694	0.9562316813676114	1.6778324409181702
SAMHD1-R	0.04475505076463694	0.9562316813676114	1.662439482744609
MGMT-R	-0.04475505076463694	0.9562316813676114	1.654848434878195
ERCC2-R	0.04475505076463694	0.9562316813676114	1.6179098537425212
DDB1-R	0.04475505076463694	0.9562316813676114	1.6035920674262156
DNA2-R	0.04475505076463694	0.9562316813676114	1.596527785190858
SOD1-R	-0.04475505076463694	0.9562316813676114	1.5825843110843876
POLD2-R	-0.04475505076463694	0.9562316813676114	1.5554154817095482
POLQ-R	0.04475505076463694	0.9562316813676114	1.522738685875314
MMS22L-R	0.04475505076463694	0.9562316813676114	1.516367394302614
POLE3-R	-0.04475505076463694	0.9562316813676114	1.5100491968263532
RECQL4-R	-0.04475505076463694	0.9562316813676114	1.4975694513980362
DDX11-R	0.04475505076463694	0.9562316813676114	1.4914066141494846
HMGN1-R	0.04475505076463694	0.9562316813676114	1.4672542803171043
MORF4L1-R	0.04475505076463694	0.9562316813676114	1.426818138733562
ALKBH3-R	0.04475505076463694	0.9562316813676114	1.415671122024706
UBE2V2-R	0.04475505076463694	0.9562316813676114	1.4101626740790847
USP10-R	0.04475505076463694	0.9562316813676114	2.1318341602254396
MPLKIP-R	-0.04475505076463694	0.9562316813676114	2.02464696781187
EYA1-R	-0.04475505076463694	0.9562316813676114	1.9912736661446415
RAD51-R	0.04475505076463694	0.9562316813676114	1.9589827418287824
TP53-R	0.04475505076463694	0.9562316813676114	1.9074305644122356
UBXN1-R	-0.04475505076463694	0.9562316813676114	1.8681020991666224
NPLOC4-R	-0.04475505076463694	0.9562316813676114	1.8396538438493641
UBA52-R	0.04475505076463694	0.9562316813676114	1.8211648604940942
MSH2-R	0.04475505076463694	0.9562316813676114	1.8120590361916238
WDHD1-R	-0.04475505076463694	0.9562316813676114	1.8030438171060932
SMARCC1-R	-0.04475505076463694	0.9562316813676114	1.6473263965378397
XRCC4-R	-0.04475505076463694	0.9562316813676114	1.632485618190652
OGG1-R	-0.04475505076463694	0.9562316813676114	1.62516505488038
CDK1-R	0.04475505076463694	0.9562316813676114	1.5757035097318468
POLR2D-R	0.04475505076463694	0.9562316813676114	1.5621198587858824
PCNA-R	0.04475505076463694	0.9562316813676114	1.5487684070013878
H2BC3-R	0.04475505076463694	0.9562316813676114	1.5356432510098506
CLK2-R	-0.04475505076463694	0.9562316813676114	1.503783432524169
BRIP1-R	-0.04475505076463694	0.9562316813676114	1.4732187286110763
CUL4A-R	0.04475505076463694	0.9562316813676114	1.4613379324125997
CHTF18-R	-0.04475505076463694	0.9562316813676114	1.4554691053747981
TIPIN-R	0.04475505076463694	0.9562316813676114	2.144448563540383
DYNLL1-R	-0.04475505076463694	0.9562316813676114	2.013398929101804
POLN-R	-0.04475505076463694	0.9562316813676114	2.002275178112291
POLR2H-R	-0.04475505076463694	0.9562316813676114	1.9803923892804631
XRCC1-R	-0.04475505076463694	0.9562316813676114	1.9380310547503996
APTX-R	-0.04475505076463694	0.9562316813676114	1.9277223789272593
H2BC15-R	0.04475505076463694	0.9562316813676114	1.8490398328485955
STK19-R	-0.04475505076463694	0.9562316813676114	1.830362662819822
H3-4-R	0.04475505076463694	0.9562316813676114	1.7765284668545331
MCM5-R	0.04475505076463694	0.9562316813676114	1.7678624743332914
FAAP20-R	-0.04475505076463694	0.9562316813676114	1.7592806176617706
GTF2H4-R	0.04475505076463694	0.9562316813676114	1.7507816774798297
PARP1-R	0.04475505076463694	0.9562316813676114	1.7423644578765614
ERCC1-R	-0.04475505076463694	0.9562316813676114	1.7094896567845506
AURKA-R	0.04475505076463694	0.9562316813676114	1.6856363127363942
MLH1-R	-0.04475505076463694	0.9562316813676114	1.6398724309426458
RECQL5-R	-0.04475505076463694	0.9562316813676114	1.5895254703435295
RPA1-R	-0.04475505076463694	0.9562316813676114	1.5688822824169901
NHEJ1-R	0.04475505076463694	0.9562316813676114	1.5291637436216234
FAAP24-R	-0.04475505076463694	0.9562316813676114	1.449647228953299
CDK7-R	-0.04475505076463694	0.9562316813676114	1.4381420922155743
ATM-R	-0.04475505076463694	0.9562316813676114	2.1193672937913726
PPP4C-R	0.04475505076463694	0.9562316813676114	2.094865937793785
POLR2A-R	-0.04475505076463694	0.9562316813676114	2.0360213889793526
MBD4-R	0.04475505076463694	0.9562316813676114	1.948450576550133
CDK4-R	0.04475505076463694	0.9562316813676114	1.8875614960329414
DCTPP1-R	-0.04475505076463694	0.9562316813676114	1.785279838612437
ACTL6A-R	0.04475505076463694	0.9562316813676114	1.7257705106586891
ELL-R	0.04475505076463694	0.9562316813676114	1.7175915034991693
UIMC1-R	-0.04475505076463694	0.9562316813676114	1.7014638837480034
UBB-R	0.04475505076463694	0.9562316813676114	1.693513117936097
POLR2E-R	-0.04475505076463694	0.9562316813676114	1.6701004941858284
TREX2-R	0.04475505076463694	0.9562316813676114	1.6107191432814434
RNF4-R	0.04475505076463694	0.9562316813676114	1.5421779031418075
BOD1L1-R	-0.04475505076463694	0.9562316813676114	1.4852942919603473
CDC25A-R	0.04475505076463694	0.9562316813676114	1.4792318662788766
POLH-R	0.04475505076463694	0.9562316813676114	1.4438717419853575
NFRKB-R	-0.04475505076463694	0.9562316813676114	1.4324577361198607
TINF2-R	-0.04475505076463694	0.9562316813676114	1.4212227734836265
H2AX-R	-0.04002052684499403	0.9607697173788474	1.4113632670022604
PIAS3-R	-0.03908356850116184	0.961670340439305	1.3858291217737513
EYA3-R	0.03908356850116184	0.961670340439305	1.3964485020172281
TDG-R	0.03908356850116184	0.961670340439305	1.3805797690397597
FANCF-R	-0.03908356850116184	0.961670340439305	1.4018194577942176
CHEK1-R	0.03908356850116184	0.961670340439305	1.3911185459026587
TOP3A-R	-0.03908356850116184	0.961670340439305	1.3753700340622512
MUS81-R	-0.03908356850116184	0.961670340439305	1.4072318881331913
POLD4-R	0.0320832809916703	0.9684259272491565	1.379824911381317
UBE2I-R	-0.021815372002880345	0.9784208622604162	1.3785186126271292
BARD1-R	-0.021815372002880345	0.9784208622604162	1.3734129881359176
YWHAE-R	-0.021815372002880345	0.9784208622604162	1.3888445947441863
PCLAF-R	0.021815372002880345	0.9784208622604162	1.3836623387936484
ORC2-R	-0.01886956270042298	0.981307352976419	1.372381870029752
PNKP-R	-0.01798564511540512	0.9821751312677677	1.3685454954061909
NBN-R	-0.01798564511540512	0.9821751312677677	1.353615908183578
UBA7-R	-0.01798564511540512	0.9821751312677677	1.3107196294031125
XRCC2-R	-0.01798564511540512	0.9821751312677677	1.2970187273536025
RAD9A-R	0.01798564511540512	0.9821751312677677	1.283601292243048
DUT-R	-0.01798564511540512	0.9821751312677677	1.2575823471300134
POLB-R	0.01798564511540512	0.9821751312677677	1.2125223933240519
RFC2-R	0.01798564511540512	0.9821751312677677	1.18172817381106
COPS5-R	0.01798564511540512	0.9821751312677677	1.1779885276914048
TYMS-R	-0.01798564511540512	0.9821751312677677	1.1705797948128425
SMARCA4-R	-0.01798564511540512	0.9821751312677677	1.156038430902124
TERT-R	-0.01798564511540512	0.9821751312677677	1.3635325082435308
DHFR-R	-0.01798564511540512	0.9821751312677677	1.3585561122280436
CDKN2D-R	-0.01798564511540512	0.9821751312677677	1.3247130774038574
TDP2-R	-0.01798564511540512	0.9821751312677677	1.301553757868825
USP1-R	-0.01798564511540512	0.9821751312677677	1.292515190105847
LIG1-R	0.01798564511540512	0.9821751312677677	1.2880428192058266
TRIM25-R	-0.01798564511540512	0.9821751312677677	1.2791902912387765
HELB-R	-0.01798564511540512	0.9821751312677677	1.2704586168958496
HRAS-R	-0.01798564511540512	0.9821751312677677	1.2661373290832787
H2BC17-R	0.01798564511540512	0.9821751312677677	1.2366922749185512
LRWD1-R	-0.01798564511540512	0.9821751312677677	1.216484884805503
RUVBL2-R	0.01798564511540512	0.9821751312677677	1.208585632306766
RCHY1-R	0.01798564511540512	0.9821751312677677	1.2046743519433136
UBC-R	0.01798564511540512	0.9821751312677677	1.196927250001556
SUMO2-R	0.01798564511540512	0.9821751312677677	1.1930909447130895
TK2-R	0.01798564511540512	0.9821751312677677	1.1892791525574566
TFPT-R	-0.01798564511540512	0.9821751312677677	1.1854916393327513
APEX1-R	0.01798564511540512	0.9821751312677677	1.1524593645525818
RAD18-R	-0.01798564511540512	0.9821751312677677	1.1383620022950578
POLR2F-R	-0.01798564511540512	0.9821751312677677	1.1314418685425043
DCLRE1C-R	-0.01798564511540512	0.9821751312677677	1.3390085422679279
HUS1-R	0.01798564511540512	0.9821751312677677	1.3153511475282118
RPA3-R	0.01798564511540512	0.9821751312677677	1.2748095025701505
RMI2-R	-0.01798564511540512	0.9821751312677677	1.2618453381372337
PIAS4-R	-0.01798564511540512	0.9821751312677677	1.2533480631329426
BABAM2-R	-0.01798564511540512	0.9821751312677677	1.2491421971492749
POLD3-R	-0.01798564511540512	0.9821751312677677	1.224488074837118
COPS6-R	-0.01798564511540512	0.9821751312677677	1.2204733598376523
HLTF-R	-0.01798564511540512	0.9821751312677677	1.1742724755535772
FANCB-R	0.01798564511540512	0.9821751312677677	1.1669102656754982
H2BC11-R	0.01798564511540512	0.9821751312677677	1.1596397967304795
EME1-R	0.01798564511540512	0.9821751312677677	1.1348913864344021
ABRAXAS1-R	-0.01798564511540512	0.9821751312677677	1.3487115027191448
GADD45A-R	0.01798564511540512	0.9821751312677677	1.3438425081244907
RAD23A-R	-0.01798564511540512	0.9821751312677677	1.3342092284963583
RNF8-R	0.01798564511540512	0.9821751312677677	1.3294441955374425
RIF1-R	-0.01798564511540512	0.9821751312677677	1.3200155132995883
NUDT1-R	0.01798564511540512	0.9821751312677677	1.3061206131595928
MEN1-R	-0.01798564511540512	0.9821751312677677	1.2449644640484412
MCM4-R	-0.01798564511540512	0.9821751312677677	1.240814582501613
CDC25C-R	0.01798564511540512	0.9821751312677677	1.2325972673857084
FANCL-R	0.01798564511540512	0.9821751312677677	1.2285292896055575
SMARCAL1-R	0.01798564511540512	0.9821751312677677	1.2007883056467223
SUMO1-R	0.01798564511540512	0.9821751312677677	1.1632636710952622
JMJD6-R	-0.01798564511540512	0.9821751312677677	1.1489023912051972
NUDT5-R	-0.01798564511540512	0.9821751312677677	1.145367306924566
SOX4-R	0.01798564511540512	0.9821751312677677	1.141853910277558
PRPF19-R	-0.017969725484168638	0.9821907672581264	1.1280312145176663
UBE2A-R	0.015994815038363835	0.9841324227309133	1.1268464900755775
TOP2A-R	0.014017097250114673	0.9860806848506354	1.1155957598757935
PKMYT1-R	0.014017097250114673	0.9860806848506354	1.1256764444529843
RHNO1-R	-0.014017097250114673	0.9860806848506354	1.1222960347098823
POLR2G-R	0.014017097250114673	0.9860806848506354	1.1189358669412899
UBE2T-R	-0.010482023057191413	0.9895727219002264	1.1162144690481721
POLR2K-R	-0.009442907137013498	0.9906015371062835	1.1042293604802396
RAD23B-R	-0.009442907137013498	0.9906015371062835	1.0913894841955858
ATAD5-R	-0.009442907137013498	0.9906015371062835	1.1107632620215429
IDH1-R	-0.009442907137013498	0.9906015371062835	1.107486674227969
POLE2-R	-0.009442907137013498	0.9906015371062835	1.0882260364153087
ERCC6L-R	0.009442907137013498	0.9906015371062835	1.085080874460351
RAD52-R	-0.009442907137013498	0.9906015371062835	1.1140592954400044
CDC7-R	-0.009442907137013498	0.9906015371062835	1.1009911512119692
RUVBL1-R	0.009442907137013498	0.9906015371062835	1.0977718788400044
MCM2-R	-0.009442907137013498	0.9906015371062835	1.0945713777355146
MDC1-R	-0.009442907137013498	0.9906015371062835	1.0819538402400042
EP300-R	-0.00412382395165275	0.99588466733414	1.0845985313782733
H2BC12-R	-0.0028910394257518424	0.9971131356043674	1.0797310811258722
BAZ1B-R	0.0028910394257518424	0.9971131356043674	1.0585598834567373
HERC2-R	-0.0028910394257518424	0.9971131356043674	1.038202962621031
RFC4-R	-0.0028910394257518424	0.9971131356043674	1.0353585709426172
CDA-R	-0.0028910394257518424	0.9971131356043674	1.082824866458611
RNF168-R	-0.0028910394257518424	0.9971131356043674	1.0766549241995877
POLR2B-R	0.0028910394257518424	0.9971131356043674	1.0705548963004399
CDT1-R	0.0028910394257518424	0.9971131356043674	1.0675307299267098
ATR-R	-0.0028910394257518424	0.9971131356043674	1.0645236011100148
TCEA1-R	0.0028910394257518424	0.9971131356043674	1.061533366275436
NUDT15-R	0.0028910394257518424	0.9971131356043674	1.043938890591313
SIRT6-R	-0.0028910394257518424	0.9971131356043674	1.0526626139110173
CHAF1A-R	0.0028910394257518424	0.9971131356043674	1.049738551094598
CIB1-R	-0.0028910394257518424	0.9971131356043674	1.0410630258789402
TDP1-R	0.0028910394257518424	0.9971131356043674	1.073596245437657
WEE1-R	0.0028910394257518424	0.9971131356043674	1.0556030122738973
MAPK8-R	-0.0028910394257518424	0.9971131356043674	1.0468306880721752
CDC5L-R	-0.0024812965061682475	0.9975217793654317	1.0329528808183022
ALKBH1-R	-0.0016875043817277749	0.9983139186532196	1.030956335611908
NSD2-R	-0.0016626745846298938	0.998338706893002	1.0281803530229559
PARP4-R	0.0016626745846298938	0.998338706893002	1.0116854810493257
REV3L-R	0.0016626745846298938	0.998338706893002	1.0036349334547685
KDM4A-R	-0.0016626745846298938	0.998338706893002	1.0198662261791045
GTF2H1-R	0.0016626745846298938	0.998338706893002	1.0171246503022788
FANCD2-R	0.0016626745846298938	0.998338706893002	1.0253939564022974
DTYMK-R	-0.0016626745846298938	0.998338706893002	1.022622621384994
GINS2-R	-0.0016626745846298938	0.998338706893002	1.0089876530998607
CDK2-R	-0.0016626745846298938	0.998338706893002	1.014397774564203
XRCC5-R	0.0016626745846298938	0.998338706893002	1.0063041752990631
MCM3-R	-4.701475803938736E-5	0.999952986347137	1.0025983646178966
FANCC-R	-3.725450519254146E-5	0.9999627461887479	0.999962746188748