Overall graph size pval = 0.5795
Gene	Downstream crowded pval	Downstream suggests activation pval	Downstream suggests inhibition pval
MED1	1.0E-4	1.0E-4	0.4159
MED8	1.0E-4	1.0E-4	0.1036
MED9	1.0E-4	1.0E-4	0.1036
MED4	1.0E-4	1.0E-4	0.1036
MED6	1.0E-4	1.0E-4	0.1036
MED7	1.0E-4	1.0E-4	0.1036
PPARGC1A	2.0E-4	1.0E-4	0.2927
CDK19	1.0E-4	1.0E-4	0.1036
MED19	1.0E-4	1.0E-4	0.1036
MED16	1.0E-4	1.0E-4	0.1036
MED15	1.0E-4	1.0E-4	0.1036
MED18	1.0E-4	1.0E-4	0.1036
MED17	1.0E-4	1.0E-4	0.1036
MED12	1.0E-4	1.0E-4	0.1206
MED11	1.0E-4	1.0E-4	0.1036
MED14	1.0E-4	1.0E-4	0.1036
MED13	1.0E-4	1.0E-4	0.1036
MED10	1.0E-4	1.0E-4	0.1036
MED27	1.0E-4	1.0E-4	0.1036
MED26	1.0E-4	1.0E-4	0.1036
MED29	1.0E-4	1.0E-4	0.1036
MED28	1.0E-4	1.0E-4	0.1036
MED23	1.0E-4	1.0E-4	0.1121
MED22	1.0E-4	1.0E-4	0.1036
MED25	1.0E-4	1.0E-4	0.1036
MED24	1.0E-4	1.0E-4	0.1036
MED21	1.0E-4	1.0E-4	0.1036
MED20	1.0E-4	1.0E-4	0.1036
MED30	1.0E-4	1.0E-4	0.1036
MED31	1.0E-4	1.0E-4	0.1036
CDK8	1.0E-4	1.0E-4	0.1036
KLF8	1.0E-4	0.0075	0.0046
CCNC	1.0E-4	1.0E-4	0.1036
HELZ2	1.0E-4	1.0E-4	0.4038
MED13L	1.0E-4	1.0E-4	0.1036
NCOA1	1.0E-4	1.0E-4	0.4389
NCOA2	1.0E-4	1.0E-4	0.4339
NCOA3	1.0E-4	1.0E-4	0.2265
RXRA	1.0E-4	1.0E-4	0.4958
THRAP3	1.0E-4	1.0E-4	0.1131
FAM120B	1.0E-4	1.0E-4	0.1036
CTNNB1	0.0043	2.0E-4	1.0
MITF	0.0017	3.0E-4	1.0
PPARG	0.0021	4.0E-4	0.5707
NFKB1	0.0019	5.0E-4	0.6225
CREBBP	0.0034	9.0E-4	0.6415
RELA	0.0045	0.0013	0.665
TWIST1	0.0033	0.0015	0.3802
ETV4	0.0051	0.0016	1.0
ESR1	0.0799	1.0	0.0019
SRF	0.0117	0.0028	1.0
TWIST2	0.0046	0.0038	0.2982
CREB3L3	0.0088	0.0039	1.0
EGR1	0.0082	0.004	0.5246
CEBPB	0.0205	0.0042	1.0
IL4	0.0266	0.0047	1.0
HIPK2	0.0189	1.0	0.0054
SPDEF	0.0361	1.0	0.0056
EP300	0.0064	0.0371	0.0849
CBFB	0.0065	0.1853	0.0077
ERBB4	0.0471	1.0	0.0085
NCOR1	0.0102	0.1628	0.0386
IL13	0.0505	0.011	1.0
MSC	0.0372	0.0123	1.0
FOS	0.0258	0.0125	0.5825
ARNT	0.0168	0.0125	0.5236
ELF1	0.0309	0.0126	1.0
FOXA2	0.0437	0.5623	0.0135
NR4A1	0.0521	0.017	1.0
ATF4	0.0536	0.0176	1.0
WT1	0.1112	0.0204	1.0
HIF1A	0.0212	0.0326	0.2689
IL2RG	0.0474	0.0227	1.0
REL	0.0636	0.0235	1.0
CEBPA	0.0814	0.028	1.0
LEF1	0.0913	0.0286	1.0
NFKB2	0.0306	0.1595	0.1004
MTA1	0.0845	0.0308	1.0
TCF4	0.0893	0.0328	1.0
HOXB7	0.0372	0.17	0.1263
ATF3	0.0383	0.1363	0.1567
RUNX1	0.041	0.1812	0.0994
STAT6	0.0422	0.2134	0.0768
TP53	0.2071	0.0428	0.9217
AR	0.235	1.0	0.043
TFAP2C	0.0438	0.2032	0.1126
PARP1	0.0475	0.154	0.1704
BCL6	0.1282	1.0	0.0552
SMARCD3	0.1377	0.0554	1.0
CHD9	0.1377	0.0554	1.0
TGS1	0.1377	0.0554	1.0
VHL	0.0555	0.1652	0.1873
FOSL1	0.1411	0.0558	1.0
TBL1X	0.1385	0.0559	1.0
TBL1XR1	0.1385	0.0559	1.0
GATA3	0.2253	1.0	0.0581
FOXO1	0.1768	0.0583	1.0
NR5A2	0.1794	1.0	0.0601
STAT3	0.1648	0.061	0.8246
ZFHX3	0.1538	0.0613	1.0
TFAP2B	0.1507	1.0	0.0619
MSX1	0.1474	1.0	0.0628
PIK3CA	0.1561	1.0	0.0629
NKX3-1	0.1518	0.0643	1.0
NCOA6	0.1585	0.0653	1.0
RUNX2	0.1415	0.0663	1.0
JUN	0.067	0.1346	0.2163
CDC25A	0.1699	1.0	0.069
CARM1	0.1673	0.069	1.0
FOXP2	0.1448	0.0702	1.0
ATF2	0.0704	0.0784	0.4386
IRF4	0.1469	0.0711	1.0
CITED2	0.1461	0.0779	1.0
TAL1	0.1703	1.0	0.0783
FOXA3	0.2241	1.0	0.0788
GATA6	0.1749	1.0	0.0817
EGR2	0.179	0.0839	1.0
ZEB2	0.1705	0.0872	1.0
MAML2	0.088	0.2955	0.1509
SOX2	0.2115	0.0886	1.0
PPARA	0.0902	0.2774	0.1488
IRF2	0.1776	1.0	0.0926
EPAS1	0.1838	0.0928	1.0
CCNT1	0.2538	1.0	0.0934
GTF2F1	0.2538	1.0	0.0934
GTF2F2	0.2538	1.0	0.0934
CDK9	0.2538	1.0	0.0934
POLR2A	0.2538	1.0	0.0934
POLR2B	0.2538	1.0	0.0934
POLR2C	0.2538	1.0	0.0934
POLR2D	0.2538	1.0	0.0934
POLR2E	0.2538	1.0	0.0934
POLR2G	0.2538	1.0	0.0934
POLR2H	0.2538	1.0	0.0934
POLR2I	0.2538	1.0	0.0934
POLR2J	0.2538	1.0	0.0934
POLR2K	0.2538	1.0	0.0934
POLR2L	0.2538	1.0	0.0934
MAZ	0.1456	0.0939	1.0
RUNX3	0.3113	1.0	0.0953
PRDM1	0.1445	1.0	0.0978
HDGF	0.1718	0.0981	1.0
HDAC2	0.1972	1.0	0.1002
NOTCH2	0.1493	0.1028	1.0
POLR2F	0.2765	1.0	0.1033
CCND3	0.1804	0.1035	1.0
SERPINB5	0.1486	0.1043	1.0
JAK3	0.1532	0.1049	1.0
WWTR1	0.2755	1.0	0.1074
ILF3	0.1717	0.1082	1.0
MAML1	0.1091	0.3093	0.1858
SOX17	0.1724	1.0	0.11
INS	0.202	0.1108	1.0
CREB1	0.4567	1.0	0.1132
TFAP2A	0.1156	0.1476	0.4031
ETS1	0.474	1.0	0.1181
JAK1	0.1818	0.124	1.0
SATB1	0.3007	1.0	0.1259
TCF3	0.2201	1.0	0.1266
LMO2	0.2514	1.0	0.1291
NOTCH1	0.363	1.0	0.1297
KLK3	0.1957	0.1298	1.0
FOXO4	0.1325	0.3423	0.2029
CDX2	0.1325	0.3352	0.2056
VEGFA	0.2064	0.1329	1.0
ASCL1	0.1972	1.0	0.1365
ESRRA	0.2753	1.0	0.1388
SIRT1	0.4321	0.1398	1.0
FOXP3	0.2419	0.14	1.0
RBPJ	0.1401	0.3593	0.2005
NRF1	0.3922	1.0	0.1452
HDAC7	0.3172	0.1459	1.0
KLF6	0.3346	1.0	0.1504
CD3D	0.2268	0.1527	1.0
HDAC9	0.3785	0.1599	1.0
IL10	0.342	1.0	0.1606
RAD51	0.2287	0.1616	1.0
FOSL2	0.3957	1.0	0.1628
STAT4	0.2036	0.5572	0.166
FOXO3	0.3167	0.1663	1.0
MYB	0.5798	1.0	0.1688
PGR	0.3208	1.0	0.1753
HSF1	0.3526	1.0	0.1754
NFE2L2	0.2731	0.1831	1.0
PPARD	0.3073	0.1884	1.0
ABCB1	0.2678	0.1901	1.0
E2F2	0.3872	1.0	0.193
E2F1	0.7892	1.0	0.1942
IL2RB	0.2991	0.2015	1.0
CCND1	0.3334	0.2073	1.0
KLF5	0.298	0.2104	1.0
MAPK3	0.2939	0.2124	1.0
PAX5	0.4266	1.0	0.2185
GLI1	0.3453	0.2205	1.0
ERG	0.368	0.2218	1.0
DDIT3	0.4008	1.0	0.2226
MAPK1	0.3169	0.23	1.0
HES1	0.3768	1.0	0.2381
GATA2	0.3999	0.2474	1.0
NR3C1	0.267	0.5717	0.2478
EZH2	0.2538	0.3286	0.435
IL2	0.3858	0.2627	1.0
E2F3	0.5273	1.0	0.2668
MAML3	0.386	0.2787	1.0
MAMLD1	0.386	0.2787	1.0
GLI2	0.4236	0.2843	1.0
NFATC3	0.4027	0.2847	1.0
NFATC1	0.4184	0.2903	1.0
FOXM1	0.2912	0.51	0.3109
RARA	0.4583	0.2918	1.0
VDR	0.5134	1.0	0.2949
CEBPD	0.4204	0.3001	1.0
TCF7L2	0.4439	0.3139	1.0
HDAC3	0.4807	1.0	0.3391
POU5F1	0.6105	1.0	0.3484
MECP2	0.6294	0.3534	1.0
JUNB	0.5199	0.3647	1.0
JUND	0.5375	0.3825	1.0
SP1	0.3979	0.4045	0.5533
HNF4A	0.5715	0.4008	1.0
FOXA1	0.7641	1.0	0.4178
XBP1	0.4908	0.6666	0.4228
GATA1	0.6089	0.4232	1.0
NFATC2	0.5866	0.4368	1.0
TP73	0.8143	1.0	0.443
STAT5B	0.6137	0.4545	1.0
SREBF2	0.6354	0.4563	1.0
KLF4	0.6685	0.4571	1.0
STAT5A	0.6507	0.4708	1.0
SP3	0.4869	0.6232	0.4789
TFDP1	0.8073	1.0	0.4802
BRCA1	0.7903	1.0	0.5022
HDAC1	0.5704	0.5177	0.6988
IRF1	0.7239	0.52	1.0
STAT1	0.8736	0.6928	1.0
MAX	0.959	1.0	0.7654
MYC	0.9609	0.9443	0.8855
ATF1	1.0	1.0	1.0
RB1	1.0	1.0	1.0
MDC1	1.0	1.0	1.0
SPI1	1.0	1.0	1.0
TRRAP	1.0	1.0	1.0
EHMT2	1.0	1.0	1.0
GABPB1	1.0	1.0	1.0
ELK1	1.0	1.0	1.0
HOXA9	1.0	1.0	1.0
AKT1	1.0	1.0	1.0
HIST3H2BB	1.0	1.0	1.0
MEF2A	1.0	1.0	1.0
MEF2C	1.0	1.0	1.0
DAPK2	1.0	1.0	1.0
PRKCQ	1.0	1.0	1.0
ATF5	1.0	1.0	1.0
CLOCK	1.0	1.0	1.0
ATF6	1.0	1.0	1.0
SF1	1.0	1.0	1.0
ASF1B	1.0	1.0	1.0
GATA4	1.0	1.0	1.0
TERT	1.0	1.0	1.0
NKX2-5	1.0	1.0	1.0
ZBTB7A	1.0	1.0	1.0
BTF3	1.0	1.0	1.0
ZNF382	1.0	1.0	1.0
H3F3B	1.0	1.0	1.0
ABCA3	1.0	1.0	1.0
NR2F1	1.0	1.0	1.0
NR0B1	1.0	1.0	1.0
NR2F2	1.0	1.0	1.0
NR1D1	1.0	1.0	1.0
CDC6	1.0	1.0	1.0
PBX1	1.0	1.0	1.0
FLI1	1.0	1.0	1.0
MOV10	1.0	1.0	1.0
MLLT10	1.0	1.0	1.0
AGO3	1.0	1.0	1.0
AGO4	1.0	1.0	1.0
AGO1	1.0	1.0	1.0
AGO2	1.0	1.0	1.0
SNAI1	1.0	1.0	1.0
SNAI2	1.0	1.0	1.0
NANOG	1.0	1.0	1.0
HBP1	1.0	1.0	1.0
CDK12	1.0	1.0	1.0
HIST2H2AA3	1.0	1.0	1.0
LIN54	1.0	1.0	1.0
CDKN1A	1.0	1.0	1.0
ELL	1.0	1.0	1.0
CTCF	1.0	1.0	1.0
HIF3A	1.0	1.0	1.0
ING1	1.0	1.0	1.0
GLI3	1.0	1.0	1.0
HIST2H2AC	1.0	1.0	1.0
ING4	1.0	1.0	1.0
HEY1	1.0	1.0	1.0
HEY2	1.0	1.0	1.0
TIMP3	1.0	1.0	1.0
ELOA	1.0	1.0	1.0
ELOB	1.0	1.0	1.0
NELFB	1.0	1.0	1.0
ELOC	1.0	1.0	1.0
NELFCD	1.0	1.0	1.0
NELFA	1.0	1.0	1.0
JAK2	1.0	1.0	1.0
LIN52	1.0	1.0	1.0
NELFE	1.0	1.0	1.0
ACTL6A	1.0	1.0	1.0
PAX3	1.0	1.0	1.0
PAX6	1.0	1.0	1.0
F2	1.0	1.0	1.0
HIST2H2BE	1.0	1.0	1.0
KAT2B	1.0	1.0	1.0
KAT2A	1.0	1.0	1.0
MMP13	1.0	1.0	1.0
ZEB1	1.0	1.0	1.0
PAX8	1.0	1.0	1.0
MTF1	1.0	1.0	1.0
CTDP1	1.0	1.0	1.0
LIN37	1.0	1.0	1.0
NR1I2	1.0	1.0	1.0
PTGS2	1.0	1.0	1.0
EGFR	1.0	1.0	1.0
SPP1	1.0	1.0	1.0
IL12RB1	1.0	1.0	1.0
MEF2D	1.0	1.0	1.0
IL12RB2	1.0	1.0	1.0
CDKN2A	1.0	1.0	1.0
NR1H2	1.0	1.0	1.0
NR1H4	1.0	1.0	1.0
NR1H3	1.0	1.0	1.0
GTF2H1	1.0	1.0	1.0
GTF2H2	1.0	1.0	1.0
GTF2H3	1.0	1.0	1.0
POU4F1	1.0	1.0	1.0
GTF2H4	1.0	1.0	1.0
GTF2H5	1.0	1.0	1.0
APEX1	1.0	1.0	1.0
NFIC	1.0	1.0	1.0
FOSB	1.0	1.0	1.0
CCNT2	1.0	1.0	1.0
RORA	1.0	1.0	1.0
AHR	1.0	1.0	1.0
TNF	1.0	1.0	1.0
YY1	1.0	1.0	1.0
FOXQ1	1.0	1.0	1.0
ZFP36	1.0	1.0	1.0
SALL4	1.0	1.0	1.0
RUVBL2	1.0	1.0	1.0
RUVBL1	1.0	1.0	1.0
PITX2	1.0	1.0	1.0
PITX1	1.0	1.0	1.0
MEN1	1.0	1.0	1.0
SUPT16H	1.0	1.0	1.0
AIP	1.0	1.0	1.0
HIC1	1.0	1.0	1.0
PIAS1	1.0	1.0	1.0
MAF	1.0	1.0	1.0
IL6ST	1.0	1.0	1.0
NOTCH3	1.0	1.0	1.0
DNMT1	1.0	1.0	1.0
DLX5	1.0	1.0	1.0
NOTCH4	1.0	1.0	1.0
CREM	1.0	1.0	1.0
TNFRSF11B	1.0	1.0	1.0
NPAS2	1.0	1.0	1.0
ABL1	1.0	1.0	1.0
ZNF300	1.0	1.0	1.0
FANCI	1.0	1.0	1.0
ZBTB17	1.0	1.0	1.0
ZBTB16	1.0	1.0	1.0
ELOA2	1.0	1.0	1.0
ELOA3	1.0	1.0	1.0
MLXIPL	1.0	1.0	1.0
CDK7	1.0	1.0	1.0
SP2	1.0	1.0	1.0
LHX2	1.0	1.0	1.0
SP4	1.0	1.0	1.0
BCL2	1.0	1.0	1.0
NF1	1.0	1.0	1.0
CDK1	1.0	1.0	1.0
MNAT1	1.0	1.0	1.0
CIITA	1.0	1.0	1.0
PPP1R13B	1.0	1.0	1.0
ONECUT1	1.0	1.0	1.0
SIN3A	1.0	1.0	1.0
FOXL2	1.0	1.0	1.0
TFDP2	1.0	1.0	1.0
MCM5	1.0	1.0	1.0
MCM6	1.0	1.0	1.0
MET	1.0	1.0	1.0
HDAC4	1.0	1.0	1.0
HDAC5	1.0	1.0	1.0
RBBP4	1.0	1.0	1.0
E2F4	1.0	1.0	1.0
E2F5	1.0	1.0	1.0
E2F6	1.0	1.0	1.0
E2F7	1.0	1.0	1.0
MTOR	1.0	1.0	1.0
PML	1.0	1.0	1.0
KLF2	1.0	1.0	1.0
TNRC6C	1.0	1.0	1.0
APC	1.0	1.0	1.0
IL2RA	1.0	1.0	1.0
CD247	1.0	1.0	1.0
TNRC6A	1.0	1.0	1.0
TNRC6B	1.0	1.0	1.0
CCNK	1.0	1.0	1.0
CCNH	1.0	1.0	1.0
IL23R	1.0	1.0	1.0
EDNRA	1.0	1.0	1.0
TRIM28	1.0	1.0	1.0
KAT5	1.0	1.0	1.0
CHEK1	1.0	1.0	1.0
IL12B	1.0	1.0	1.0
IL12A	1.0	1.0	1.0
SOX9	1.0	1.0	1.0
SOX6	1.0	1.0	1.0
TP63	1.0	1.0	1.0
PTGDR	1.0	1.0	1.0
HNF1A	1.0	1.0	1.0
IL23A	1.0	1.0	1.0
HIST2H3C	1.0	1.0	1.0
SUPT4H1	1.0	1.0	1.0
TP53BP2	1.0	1.0	1.0
HIST1H3E	1.0	1.0	1.0
FOXF2	1.0	1.0	1.0
TRERF1	1.0	1.0	1.0
SMARCA4	1.0	1.0	1.0
SNW1	1.0	1.0	1.0
ATM	1.0	1.0	1.0
HIST1H4C	1.0	1.0	1.0
ATR	1.0	1.0	1.0
MLX	1.0	1.0	1.0
ANKRD1	1.0	1.0	1.0
GABPA	1.0	1.0	1.0
SREBF1	1.0	1.0	1.0
FOXD3	1.0	1.0	1.0
EDN1	1.0	1.0	1.0
TSC22D3	1.0	1.0	1.0
TFE3	1.0	1.0	1.0
IL18	1.0	1.0	1.0
TYK2	1.0	1.0	1.0
PROX1	1.0	1.0	1.0
SUPT3H	1.0	1.0	1.0
NR5A1	1.0	1.0	1.0
RAD51D	1.0	1.0	1.0
PCNA	1.0	1.0	1.0
ARNTL	1.0	1.0	1.0
RXRB	1.0	1.0	1.0
PURA	1.0	1.0	1.0
HSF2	1.0	1.0	1.0
RXRG	1.0	1.0	1.0
NPM1	1.0	1.0	1.0
NFYA	1.0	1.0	1.0
IL37	1.0	1.0	1.0
NFYB	1.0	1.0	1.0
NFYC	1.0	1.0	1.0
PER1	1.0	1.0	1.0
ELOA3D	1.0	1.0	1.0
TCEA1	1.0	1.0	1.0
ELOA3B	1.0	1.0	1.0
IL18R1	1.0	1.0	1.0
NEUROG3	1.0	1.0	1.0
IHH	1.0	1.0	1.0
ETS2	1.0	1.0	1.0
NR3C2	1.0	1.0	1.0
HOXA10	1.0	1.0	1.0
IL18RAP	1.0	1.0	1.0
PTTG1	1.0	1.0	1.0
HIST1H2AD	1.0	1.0	1.0
HIST1H2AC	1.0	1.0	1.0
HIST1H2AB	1.0	1.0	1.0
MSX2	1.0	1.0	1.0
HIST1H2AJ	1.0	1.0	1.0
SUPT7L	1.0	1.0	1.0
MYCN	1.0	1.0	1.0
FANCD2	1.0	1.0	1.0
HIST1H2BH	1.0	1.0	1.0
HIST1H2BG	1.0	1.0	1.0
HIST1H2BB	1.0	1.0	1.0
HIST1H2BA	1.0	1.0	1.0
HIST1H2BD	1.0	1.0	1.0
H2AFB1	1.0	1.0	1.0
TCF7	1.0	1.0	1.0
OTX2	1.0	1.0	1.0
SMAD2	1.0	1.0	1.0
SMAD4	1.0	1.0	1.0
POU2F1	1.0	1.0	1.0
SMAD3	1.0	1.0	1.0
TGFB1	1.0	1.0	1.0
PTCH1	1.0	1.0	1.0
HMGA1	1.0	1.0	1.0
H2BFS	1.0	1.0	1.0
SUPT5H	1.0	1.0	1.0
ESR2	1.0	1.0	1.0
SMAD7	1.0	1.0	1.0
NFKBIA	1.0	1.0	1.0
IL8	1.0	1.0	1.0
YBX1	1.0	1.0	1.0
H2AFJ	1.0	1.0	1.0
MYBL2	1.0	1.0	1.0
KLF10	1.0	1.0	1.0
POU1F1	1.0	1.0	1.0
TBP	1.0	1.0	1.0
MMP7	1.0	1.0	1.0
H2AFZ	1.0	1.0	1.0
H2AFX	1.0	1.0	1.0
H2AFV	1.0	1.0	1.0
ETV6	1.0	1.0	1.0
RBL2	1.0	1.0	1.0
RBL1	1.0	1.0	1.0
ELF3	1.0	1.0	1.0
DCT	1.0	1.0	1.0
IRF3	1.0	1.0	1.0
IRF7	1.0	1.0	1.0
IRF8	1.0	1.0	1.0
IRF9	1.0	1.0	1.0
CREB5	1.0	1.0	1.0
HIST1H2BN	1.0	1.0	1.0
HIST1H2BM	1.0	1.0	1.0
HIST1H2BO	1.0	1.0	1.0
HIST1H2BJ	1.0	1.0	1.0
HIST1H2BL	1.0	1.0	1.0
HIST1H2BK	1.0	1.0	1.0
TAF9	1.0	1.0	1.0
LIN9	1.0	1.0	1.0
TBX21	1.0	1.0	1.0
TAF12	1.0	1.0	1.0
TAF10	1.0	1.0	1.0
PDX1	1.0	1.0	1.0
SSRP1	1.0	1.0	1.0
MAPK14	1.0	1.0	1.0
USF2	1.0	1.0	1.0
USF1	1.0	1.0	1.0
REST	1.0	1.0	1.0
ERCC3	1.0	1.0	1.0
ERCC2	1.0	1.0	1.0
POLE3	1.0	1.0	1.0
RBMX	1.0	1.0	1.0