Overall graph size pval = 0.8081
Gene	Downstream crowded pval	Downstream suggests activation pval	Downstream suggests inhibition pval
IL13	0.001	1.0	2.0E-4
IL4	0.002	1.0	4.0E-4
MITF	0.0065	1.0	0.003
NCOA3	0.0031	0.0281	0.0427
RELA	0.0223	0.7616	0.0044
VHL	0.0343	1.0	0.0044
ERBB4	0.0045	0.0289	0.0567
FOXA1	0.0046	0.015	0.1119
TWIST2	0.0584	1.0	0.0049
CCNC	0.0124	1.0	0.0055
MED8	0.0124	1.0	0.0055
MED9	0.0124	1.0	0.0055
MED4	0.0124	1.0	0.0055
MED6	0.0124	1.0	0.0055
MED7	0.0124	1.0	0.0055
CDK19	0.0124	1.0	0.0055
MED13L	0.0124	1.0	0.0055
MED19	0.0124	1.0	0.0055
MED16	0.0124	1.0	0.0055
MED15	0.0124	1.0	0.0055
MED18	0.0124	1.0	0.0055
MED17	0.0124	1.0	0.0055
MED12	0.0124	1.0	0.0055
MED11	0.0124	1.0	0.0055
MED14	0.0124	1.0	0.0055
MED13	0.0124	1.0	0.0055
MED10	0.0124	1.0	0.0055
MED27	0.0124	1.0	0.0055
MED26	0.0124	1.0	0.0055
MED29	0.0124	1.0	0.0055
MED28	0.0124	1.0	0.0055
MED23	0.0124	1.0	0.0055
MED22	0.0124	1.0	0.0055
MED25	0.0124	1.0	0.0055
MED24	0.0124	1.0	0.0055
MED21	0.0124	1.0	0.0055
MED20	0.0124	1.0	0.0055
MED30	0.0124	1.0	0.0055
MED31	0.0124	1.0	0.0055
CDK8	0.0124	1.0	0.0055
THRAP3	0.0124	1.0	0.0055
FAM120B	0.0124	1.0	0.0055
RXRA	0.0063	0.1745	0.0166
PPARG	0.007	0.2777	0.0108
HELZ2	0.0083	0.4649	0.0081
NCOA2	0.0096	0.4945	0.0085
MED1	0.0109	0.4747	0.0095
MTF1	0.088	0.0113	1.0
NFIC	0.0129	0.0114	0.3052
KLF8	0.012	0.0231	0.2543
NCOA1	0.0145	0.4918	0.0133
FOS	0.0767	1.0	0.0166
NFKB1	0.0994	0.9305	0.0168
KLF4	0.0283	0.5354	0.0172
PPARA	0.0511	0.0173	0.528
NR4A1	0.0729	1.0	0.0176
NFE2L2	0.018	0.1752	0.0576
NR3C1	0.019	0.1007	0.0718
TWIST1	0.1555	1.0	0.0217
ESR1	0.2342	0.0224	0.8969
GATA3	0.1171	0.0235	1.0
ATF4	0.072	1.0	0.0246
SMAD4	0.0774	1.0	0.0302
RAD51	0.05	1.0	0.0302
NANOG	0.1499	0.0307	1.0
ETV4	0.065	1.0	0.0322
AR	0.1191	0.0343	0.7543
STAT3	0.0649	0.5931	0.0388
ARNT	0.0647	0.6449	0.0418
PPARGC1A	0.1016	1.0	0.042
BCL6	0.2493	1.0	0.0448
TBL1X	0.0453	0.3993	0.0595
TBL1XR1	0.0453	0.3993	0.0595
ATF2	0.1398	1.0	0.0454
HIF1A	0.0488	0.4435	0.0468
SP1	0.048	0.2354	0.0925
CHD9	0.054	0.4109	0.0661
SMARCD3	0.054	0.4109	0.0661
TGS1	0.054	0.4109	0.0661
CARM1	0.054	0.4109	0.0661
ERG	0.056	0.313	0.0945
NCOA6	0.0612	0.4228	0.0736
GATA1	0.1136	0.0635	0.5505
WT1	0.2882	1.0	0.0648
GLI1	0.1445	1.0	0.0649
HDAC5	0.0689	0.2326	0.1779
CREBBP	0.094	0.6466	0.0697
ZNF382	0.119	0.0712	1.0
FOXM1	0.0776	0.3896	0.1091
GLI2	0.2001	1.0	0.0883
CDC6	0.3275	0.0891	1.0
NFATC2	0.1699	1.0	0.0893
CTNNB1	0.2309	1.0	0.0931
PARP1	0.0933	0.254	0.2226
SP4	0.3706	0.1025	1.0
TP73	0.1096	0.5038	0.1159
SPI1	0.3085	1.0	0.1127
SRF	0.2281	1.0	0.1204
STAT4	0.1297	0.1597	0.3863
SMAD3	0.1378	0.4633	0.1626
VDR	0.1404	0.2494	0.3221
WWTR1	0.3719	0.1411	1.0
CEBPD	0.4661	0.1412	1.0
FOXO1	0.2953	1.0	0.1424
ING4	0.1443	0.2512	0.3327
PPARD	0.146	0.2467	0.3337
CDX2	0.4222	0.1567	1.0
RUNX2	0.285	1.0	0.1584
TP53	0.4528	0.9047	0.1635
JUNB	0.2868	1.0	0.173
STAT1	0.4221	1.0	0.1775
ESRRA	0.3756	0.1779	1.0
IL37	0.5759	0.1849	1.0
HDGF	0.3235	1.0	0.1869
JUN	0.3597	0.858	0.1872
GATA2	0.4211	0.1894	1.0
USF1	0.1895	0.3493	0.2972
GATA6	0.3273	1.0	0.1929
MSX2	0.3315	0.196	1.0
DDIT3	0.1974	0.3619	0.3245
BTF3	0.3708	0.1998	1.0
YBX1	0.2015	0.2048	0.5261
RBMX	0.3204	0.2191	1.0
CD3D	0.3242	1.0	0.2222
VEGFA	0.3299	1.0	0.224
HDAC2	0.6127	1.0	0.2314
RUNX3	0.3301	0.2377	0.6716
STAT6	0.6395	0.2448	1.0
REST	0.317	0.2459	1.0
SOX17	0.327	0.2497	1.0
MYB	0.3532	0.2517	0.6137
FOXA3	0.3261	1.0	0.2557
FOXA2	0.4198	1.0	0.2594
HDAC4	0.5379	1.0	0.2613
CREB5	0.4644	1.0	0.2627
PTTG1	0.6667	0.2633	1.0
SATB1	0.3807	1.0	0.2669
NR1I2	0.4263	1.0	0.2777
CBFB	0.4258	1.0	0.2807
TCF4	0.4614	1.0	0.2872
NFKB2	0.3716	1.0	0.2876
PITX1	0.3709	0.2879	1.0
USF2	0.4238	1.0	0.2885
EP300	0.2894	0.2968	0.4642
FOSL1	0.2914	0.35	0.4868
HOXB7	0.4624	1.0	0.2936
AHR	0.4177	1.0	0.3047
SNAI1	0.4252	0.3113	1.0
RBPJ	0.4279	1.0	0.3126
RARA	0.5829	0.3134	1.0
TP63	0.4009	0.7164	0.3319
NCOR1	0.4719	0.3464	1.0
CDKN2A	0.5053	0.3567	1.0
SOX2	0.5091	1.0	0.3604
PML	0.5349	1.0	0.3696
MECP2	0.6215	0.377	1.0
HDAC3	0.5151	0.3911	1.0
SNAI2	0.6495	0.3912	1.0
SREBF2	0.4976	0.3938	0.6967
AGO2	0.4959	0.3999	1.0
STAT5B	0.5761	1.0	0.4089
JUND	0.5806	1.0	0.4103
HNF4A	0.5426	1.0	0.4128
CEBPB	0.607	1.0	0.4334
MOV10	0.5363	0.4341	1.0
AGO3	0.5363	0.4341	1.0
AGO4	0.5363	0.4341	1.0
AGO1	0.5363	0.4341	1.0
TNRC6C	0.5363	0.4341	1.0
TNRC6A	0.5363	0.4341	1.0
TNRC6B	0.5363	0.4341	1.0
CREB1	0.8062	0.4495	1.0
EGR1	0.4519	0.5611	0.4969
EZH2	0.4526	0.6149	0.4571
STAT5A	0.6661	1.0	0.4619
ETS1	0.5924	0.4779	0.7424
MYCN	0.8524	0.5005	1.0
LEF1	0.672	1.0	0.508
SP3	0.8878	0.5141	1.0
SREBF1	0.6852	0.5494	0.7995
EPAS1	0.6707	1.0	0.5662
CEBPA	0.729	1.0	0.6114
RUNX1	0.8098	1.0	0.6437
XBP1	0.8181	1.0	0.6587
NFYB	0.7744	1.0	0.6642
NFYC	0.7744	1.0	0.6642
TFDP1	0.9495	0.6879	1.0
NFYA	0.8075	1.0	0.7028
TFAP2A	0.8703	1.0	0.7095
FOXO3	0.8174	1.0	0.714
MYC	0.9852	0.7187	0.9963
SIRT1	0.9009	0.7541	1.0
E2F1	0.9611	0.891	0.9358
RB1	1.0	1.0	1.0
MDC1	1.0	1.0	1.0
CCNK	1.0	1.0	1.0
CCNH	1.0	1.0	1.0
TRRAP	1.0	1.0	1.0
IL23R	1.0	1.0	1.0
GABPB1	1.0	1.0	1.0
ELK1	1.0	1.0	1.0
KAT5	1.0	1.0	1.0
CHEK1	1.0	1.0	1.0
IL12B	1.0	1.0	1.0
SOX9	1.0	1.0	1.0
SOX6	1.0	1.0	1.0
PTGDR	1.0	1.0	1.0
MEF2A	1.0	1.0	1.0
IL23A	1.0	1.0	1.0
CLOCK	1.0	1.0	1.0
ATF6	1.0	1.0	1.0
ABCB1	1.0	1.0	1.0
SUPT4H1	1.0	1.0	1.0
KLK3	1.0	1.0	1.0
TP53BP2	1.0	1.0	1.0
FOXF2	1.0	1.0	1.0
FLI1	1.0	1.0	1.0
SMARCA4	1.0	1.0	1.0
FOSL2	1.0	1.0	1.0
REL	1.0	1.0	1.0
HBP1	1.0	1.0	1.0
ATM	1.0	1.0	1.0
CDK12	1.0	1.0	1.0
ATR	1.0	1.0	1.0
LIN54	1.0	1.0	1.0
CDKN1A	1.0	1.0	1.0
ELL	1.0	1.0	1.0
BRCA1	1.0	1.0	1.0
HEY1	1.0	1.0	1.0
MLX	1.0	1.0	1.0
ELOA	1.0	1.0	1.0
NELFB	1.0	1.0	1.0
ELOB	1.0	1.0	1.0
NELFCD	1.0	1.0	1.0
NELFA	1.0	1.0	1.0
ELOC	1.0	1.0	1.0
JAK2	1.0	1.0	1.0
GABPA	1.0	1.0	1.0
LIN52	1.0	1.0	1.0
NELFE	1.0	1.0	1.0
IL10	1.0	1.0	1.0
EDN1	1.0	1.0	1.0
ACTL6A	1.0	1.0	1.0
TFE3	1.0	1.0	1.0
PAX3	1.0	1.0	1.0
PAX5	1.0	1.0	1.0
TYK2	1.0	1.0	1.0
POU5F1	1.0	1.0	1.0
SERPINB5	1.0	1.0	1.0
KAT2B	1.0	1.0	1.0
KAT2A	1.0	1.0	1.0
RAD51D	1.0	1.0	1.0
ZEB1	1.0	1.0	1.0
CTDP1	1.0	1.0	1.0
LIN37	1.0	1.0	1.0
PTGS2	1.0	1.0	1.0
ARNTL	1.0	1.0	1.0
PURA	1.0	1.0	1.0
HSF1	1.0	1.0	1.0
SPP1	1.0	1.0	1.0
IL12RB1	1.0	1.0	1.0
SPDEF	1.0	1.0	1.0
NPM1	1.0	1.0	1.0
NR1H4	1.0	1.0	1.0
GTF2H1	1.0	1.0	1.0
GTF2H2	1.0	1.0	1.0
GTF2H3	1.0	1.0	1.0
GTF2H4	1.0	1.0	1.0
GTF2H5	1.0	1.0	1.0
ELOA3D	1.0	1.0	1.0
TCEA1	1.0	1.0	1.0
ELOA3B	1.0	1.0	1.0
CCNT2	1.0	1.0	1.0
CCNT1	1.0	1.0	1.0
ETS2	1.0	1.0	1.0
YY1	1.0	1.0	1.0
CCND1	1.0	1.0	1.0
RUVBL2	1.0	1.0	1.0
RUVBL1	1.0	1.0	1.0
SUPT16H	1.0	1.0	1.0
LMO2	1.0	1.0	1.0
GTF2F1	1.0	1.0	1.0
GTF2F2	1.0	1.0	1.0
CDC25A	1.0	1.0	1.0
HIC1	1.0	1.0	1.0
FANCD2	1.0	1.0	1.0
PGR	1.0	1.0	1.0
NOTCH3	1.0	1.0	1.0
DNMT1	1.0	1.0	1.0
MAX	1.0	1.0	1.0
TNFRSF11B	1.0	1.0	1.0
FOXO4	1.0	1.0	1.0
NRF1	1.0	1.0	1.0
NPAS2	1.0	1.0	1.0
ABL1	1.0	1.0	1.0
FANCI	1.0	1.0	1.0
ZBTB17	1.0	1.0	1.0
TFAP2B	1.0	1.0	1.0
TFAP2C	1.0	1.0	1.0
ZBTB16	1.0	1.0	1.0
HMGA1	1.0	1.0	1.0
ELOA2	1.0	1.0	1.0
ELOA3	1.0	1.0	1.0
SUPT5H	1.0	1.0	1.0
SMAD7	1.0	1.0	1.0
CDK9	1.0	1.0	1.0
NFKBIA	1.0	1.0	1.0
MLXIPL	1.0	1.0	1.0
CDK7	1.0	1.0	1.0
IL8	1.0	1.0	1.0
BCL2	1.0	1.0	1.0
MNAT1	1.0	1.0	1.0
CIITA	1.0	1.0	1.0
PPP1R13B	1.0	1.0	1.0
MYBL2	1.0	1.0	1.0
KLF10	1.0	1.0	1.0
TBP	1.0	1.0	1.0
RBL2	1.0	1.0	1.0
RBL1	1.0	1.0	1.0
ELF3	1.0	1.0	1.0
TFDP2	1.0	1.0	1.0
DCT	1.0	1.0	1.0
IRF1	1.0	1.0	1.0
IRF8	1.0	1.0	1.0
MET	1.0	1.0	1.0
IRF9	1.0	1.0	1.0
HDAC1	1.0	1.0	1.0
TAF9	1.0	1.0	1.0
LIN9	1.0	1.0	1.0
HDAC9	1.0	1.0	1.0
HDAC7	1.0	1.0	1.0
MTA1	1.0	1.0	1.0
RBBP4	1.0	1.0	1.0
POLR2A	1.0	1.0	1.0
POLR2B	1.0	1.0	1.0
POLR2C	1.0	1.0	1.0
POLR2D	1.0	1.0	1.0
POLR2E	1.0	1.0	1.0
E2F2	1.0	1.0	1.0
POLR2F	1.0	1.0	1.0
E2F3	1.0	1.0	1.0
POLR2G	1.0	1.0	1.0
HES1	1.0	1.0	1.0
E2F4	1.0	1.0	1.0
POLR2H	1.0	1.0	1.0
E2F5	1.0	1.0	1.0
POLR2I	1.0	1.0	1.0
E2F6	1.0	1.0	1.0
POLR2J	1.0	1.0	1.0
POLR2K	1.0	1.0	1.0
POLR2L	1.0	1.0	1.0
TCF7L2	1.0	1.0	1.0
SSRP1	1.0	1.0	1.0
KLF2	1.0	1.0	1.0
KLF6	1.0	1.0	1.0
KLF5	1.0	1.0	1.0
ERCC3	1.0	1.0	1.0
ERCC2	1.0	1.0	1.0