Overall graph size pval = 0.7724
Gene	Downstream crowded pval	Downstream suggests activation pval	Downstream suggests inhibition pval
MED8	1.0E-4	1.0E-4	0.3117
MED9	1.0E-4	1.0E-4	0.3117
MED4	1.0E-4	1.0E-4	0.3117
MED6	1.0E-4	1.0E-4	0.3117
MED7	1.0E-4	1.0E-4	0.3117
CDK19	1.0E-4	1.0E-4	0.3117
MED19	1.0E-4	1.0E-4	0.3117
MED16	1.0E-4	1.0E-4	0.3117
MED15	1.0E-4	1.0E-4	0.3117
MED18	1.0E-4	1.0E-4	0.3117
MED17	1.0E-4	1.0E-4	0.3117
MED11	1.0E-4	1.0E-4	0.3117
MED14	1.0E-4	1.0E-4	0.3117
MED13	1.0E-4	1.0E-4	0.3117
MED10	1.0E-4	1.0E-4	0.3117
MED27	1.0E-4	1.0E-4	0.3117
MED26	1.0E-4	1.0E-4	0.3117
MED29	1.0E-4	1.0E-4	0.3117
MED28	1.0E-4	1.0E-4	0.3117
MED23	1.0E-4	1.0E-4	0.335
MED22	1.0E-4	1.0E-4	0.3117
MED25	1.0E-4	1.0E-4	0.3117
MED24	1.0E-4	1.0E-4	0.3117
MED21	1.0E-4	1.0E-4	0.3117
MED20	1.0E-4	1.0E-4	0.3117
MED30	1.0E-4	1.0E-4	0.3117
MED31	1.0E-4	1.0E-4	0.3117
CDK8	1.0E-4	1.0E-4	0.3117
CCNC	1.0E-4	1.0E-4	0.3117
MED13L	1.0E-4	1.0E-4	0.3117
SMAD4	0.0011	1.0E-4	1.0
THRAP3	1.0E-4	3.0E-4	0.3333
FAM120B	1.0E-4	1.0E-4	0.3117
PARP1	2.0E-4	0.0048	0.0537
MED12	6.0E-4	3.0E-4	0.3478
SRF	7.0E-4	4.0E-4	0.4816
HELZ2	7.0E-4	0.0019	0.1939
ETS1	0.0069	7.0E-4	0.8923
MED1	0.0012	0.0022	0.2071
NCOA1	0.0013	0.002	0.2411
CBFB	0.0016	0.0308	0.0154
RUNX2	0.002	0.0016	0.5694
RXRA	0.0023	0.0018	0.3519
NCOA2	0.0019	0.0026	0.2492
VEGFA	0.0134	0.0032	1.0
RELA	0.0571	0.005	0.9342
IL4	0.0812	0.0051	1.0
PPARGC1A	0.0054	0.0304	0.0733
E2F3	0.2832	1.0	0.006
IL13	0.0978	0.006	1.0
NCOA3	0.0061	0.0527	0.0391
SMAD3	0.0144	0.0063	0.6273
FOXP3	0.0385	0.0064	1.0
PPARA	0.0068	0.0235	0.1215
TFE3	0.0068	0.1712	0.0126
EPAS1	0.03	0.0086	1.0
MSC	0.0554	0.0087	1.0
EDNRA	0.0293	0.0092	1.0
NKX2-5	0.0476	1.0	0.011
SP3	0.0433	0.4546	0.0111
NFKB1	0.0799	0.0112	0.9011
TWIST2	0.0114	0.0202	0.2413
CREBBP	0.0117	0.0132	0.3652
ELF1	0.0423	0.0142	1.0
CREB1	0.3254	0.9203	0.0152
ATF5	0.1731	1.0	0.0169
SMARCD3	0.0192	0.0293	0.3393
CHD9	0.0192	0.0293	0.3393
TGS1	0.0192	0.0293	0.3393
ESRRA	0.1925	1.0	0.0196
HIPK2	0.0782	1.0	0.0215
STAT3	0.0235	0.1057	0.0853
GABPA	0.4154	1.0	0.0252
HEY1	0.0506	0.488	0.0259
CITED2	0.0274	0.0609	0.2918
ZNF382	0.0538	1.0	0.0288
NCOA6	0.0312	0.0429	0.3702
EGR1	0.1744	0.0342	0.9543
POU5F1	0.0717	0.4951	0.0354
LMO2	0.0355	0.1675	0.1287
TFDP1	0.141	0.6172	0.0359
E2F6	0.5313	0.0362	1.0
MITF	0.0873	0.0364	1.0
NCOR1	0.0905	1.0	0.0368
CARM1	0.038	0.0503	0.378
NFKB2	0.039	0.0753	0.3112
FOXP2	0.1759	0.0393	1.0
F2	0.2401	1.0	0.0426
TBL1X	0.0444	0.0651	0.3397
TBL1XR1	0.0444	0.0651	0.3397
RUNX1	0.0449	0.1328	0.1417
E2F1	0.8333	0.9951	0.0451
SOX2	0.0483	0.1308	0.179
ZEB2	0.0494	0.0709	0.3825
NFYA	0.6812	0.9809	0.0494
CTNNB1	0.1131	0.0497	0.837
CD3D	0.1122	0.051	1.0
TP53	0.1672	0.0513	0.7653
ARNT	0.2355	0.0515	1.0
CREB5	0.2484	1.0	0.0523
JUN	0.208	0.0539	0.9307
E2F2	0.4189	1.0	0.055
SALL4	0.2308	0.0648	1.0
STAT5B	0.0657	0.1081	0.3155
NR4A1	0.2826	0.0729	1.0
CEBPB	0.1433	0.0758	0.8202
PPARG	0.134	0.0805	0.5622
KLF8	0.1049	0.5246	0.0855
NOTCH1	0.1563	0.0861	1.0
TWIST1	0.0895	0.0996	0.3994
SNW1	0.149	0.0901	1.0
PITX2	0.1785	0.0916	1.0
IL12RB2	0.1588	0.5134	0.0932
IL12A	0.1588	0.5134	0.0932
FOS	0.329	0.0944	0.9629
ELK1	0.5766	1.0	0.0967
FOSL1	0.1	0.1879	0.2642
EDN1	0.2014	0.1004	1.0
NOTCH3	0.1033	0.1364	0.4377
HIC1	0.1901	0.1069	0.6476
ESR1	0.3471	0.7124	0.108
MAML3	0.1951	0.1093	1.0
MAMLD1	0.1951	0.1093	1.0
HOXB7	0.1951	0.6383	0.1121
NR3C1	0.4031	0.9126	0.1143
HDAC7	0.2896	1.0	0.1182
STAT6	0.3307	0.1191	1.0
ERG	0.3767	0.125	1.0
ETV4	0.2374	0.1282	1.0
NANOG	0.1309	0.2513	0.2634
MAML2	0.228	0.1324	1.0
MTOR	0.5652	1.0	0.1362
MAML1	0.1379	0.1432	0.5321
NR2F1	0.5745	0.1388	1.0
ZBTB17	0.4687	1.0	0.1456
HDAC5	0.3012	1.0	0.1479
HEY2	0.1482	0.1981	0.436
TFDP2	0.192	0.4563	0.1493
MAPK3	0.2368	0.1499	1.0
TCF3	0.356	1.0	0.1538
HIST3H2BB	0.6332	1.0	0.1615
H3F3B	0.6332	1.0	0.1615
HIST2H3C	0.6332	1.0	0.1615
HIST1H3E	0.6332	1.0	0.1615
HIST1H4C	0.6332	1.0	0.1615
HIST1H2AC	0.6332	1.0	0.1615
HIST1H2BH	0.6332	1.0	0.1615
HIST1H2BG	0.6332	1.0	0.1615
HIST1H2BB	0.6332	1.0	0.1615
HIST1H2BA	0.6332	1.0	0.1615
HIST1H2BD	0.6332	1.0	0.1615
H2BFS	0.6332	1.0	0.1615
HIST1H2BN	0.6332	1.0	0.1615
HIST1H2BM	0.6332	1.0	0.1615
HIST1H2BO	0.6332	1.0	0.1615
HIST1H2BJ	0.6332	1.0	0.1615
HIST1H2BL	0.6332	1.0	0.1615
HIST1H2BK	0.6332	1.0	0.1615
IL18	0.2345	0.5563	0.163
IL18R1	0.2345	0.5563	0.163
IL18RAP	0.2345	0.5563	0.163
POU1F1	0.2352	0.163	1.0
TRIM28	0.6359	0.1716	1.0
MSX1	0.1718	0.4239	0.2238
TSC22D3	0.1719	0.2227	0.4333
SP4	0.6424	1.0	0.1721
KLF2	0.435	0.1727	1.0
CEBPA	0.2417	0.1836	0.7246
MAPK1	0.2828	0.184	1.0
SREBF2	0.7424	0.972	0.1851
FLI1	0.3797	0.7692	0.1866
ATF3	0.1869	0.51	0.2083
GATA2	0.2389	0.1944	0.6366
ASCL1	0.6915	0.1958	1.0
CDC6	0.6867	1.0	0.1977
VHL	0.2826	0.2056	0.6604
PTGDR	0.2095	0.3864	0.2312
TP63	0.2379	0.2156	0.5718
STAT5A	0.2166	0.256	0.4531
TFAP2B	0.5639	1.0	0.2193
TFAP2A	0.2203	0.3157	0.3738
STAT4	0.6611	0.2272	0.9745
ZFHX3	0.5656	0.229	1.0
CCNT1	0.7767	1.0	0.2291
GTF2F1	0.7767	1.0	0.2291
GTF2F2	0.7767	1.0	0.2291
CDK9	0.7767	1.0	0.2291
POLR2A	0.7767	1.0	0.2291
POLR2B	0.7767	1.0	0.2291
POLR2C	0.7767	1.0	0.2291
POLR2D	0.7767	1.0	0.2291
POLR2E	0.7767	1.0	0.2291
POLR2G	0.7767	1.0	0.2291
POLR2H	0.7767	1.0	0.2291
POLR2I	0.7767	1.0	0.2291
POLR2J	0.7767	1.0	0.2291
POLR2K	0.7767	1.0	0.2291
POLR2L	0.7767	1.0	0.2291
MCM5	0.5661	1.0	0.2298
GABPB1	0.7839	1.0	0.2307
SNAI1	0.4167	1.0	0.2313
FOXD3	0.5763	1.0	0.2329
PIK3CA	0.5778	1.0	0.2337
GATA6	0.2347	0.4372	0.3224
FOSL2	0.2352	0.3031	0.4449
SATB1	0.2358	0.3376	0.4151
NKX3-1	0.5732	0.2368	1.0
SMAD7	0.279	0.6255	0.2383
TAL1	0.2387	0.4468	0.3274
IL12RB1	0.2582	0.4491	0.2394
IL12B	0.2582	0.4491	0.2394
SOX17	0.2399	0.2488	0.5056
ERBB4	0.2424	0.313	0.4761
PGR	0.2844	0.6239	0.2434
RBPJ	0.4179	0.2459	1.0
MEF2D	0.6408	1.0	0.2521
POLR2F	0.8108	1.0	0.254
PROX1	0.525	1.0	0.2629
EP300	0.4563	0.2629	0.8806
CDKN2A	0.2635	0.363	0.404
CEBPD	0.2655	0.337	0.4576
HIST2H2BE	0.6916	1.0	0.2661
FOXA2	0.7853	0.9555	0.2662
CIITA	0.4303	0.7534	0.2697
PTTG1	0.2714	0.3382	0.4596
MEF2A	0.6944	1.0	0.2734
HOXA10	0.2833	0.5894	0.2778
TYK2	0.2877	0.4564	0.2851
ATF1	0.4252	0.2858	1.0
PITX1	0.2865	0.3692	0.4262
CDKN1A	0.3048	0.2931	0.6242
JUND	0.3135	0.2949	0.6402
HIF1A	0.5136	0.2957	0.8872
PAX5	0.5093	0.8097	0.2963
POU4F1	0.564	1.0	0.2992
PER1	0.5769	1.0	0.3054
CDK1	0.574	1.0	0.3062
TIMP3	0.5784	1.0	0.3072
REST	0.5504	1.0	0.3183
JAK2	0.3195	0.4646	0.3352
HDAC4	0.3283	0.5557	0.3659
WWTR1	0.4787	0.3283	1.0
IL37	0.632	0.8282	0.3306
LEF1	0.6264	0.3306	1.0
CCND1	0.3336	0.3652	0.5566
MYCN	0.9165	1.0	0.3375
NF1	0.6986	1.0	0.3392
NR1I2	0.3885	0.3408	0.6751
EZH2	0.3426	0.4697	0.4027
SNAI2	0.4243	0.348	0.698
IRF1	0.6035	0.3511	0.913
TBX21	0.3606	0.4188	0.5336
NR5A1	0.8654	1.0	0.3619
DDIT3	0.473	0.7382	0.3626
MSX2	0.363	0.4194	0.5341
ETS2	0.5044	0.3632	1.0
ABCB1	0.4727	0.3642	1.0
NRF1	0.9233	1.0	0.3644
BCL2	0.4824	0.3655	1.0
KAT2A	0.5081	0.3687	1.0
MEF2C	0.7428	1.0	0.3714
ETV6	0.579	0.3724	1.0
LHX2	0.5748	0.3734	1.0
HDAC2	0.3761	0.583	0.3949
MMP13	0.5737	0.3762	1.0
KAT2B	0.3785	0.3954	0.5957
TFAP2C	0.5323	0.3791	1.0
SP1	0.393	0.4787	0.3821
ZBTB16	0.6385	0.3829	1.0
ING4	0.4207	0.6634	0.3836
TRRAP	0.8702	1.0	0.3843
MTA1	0.4638	0.39	0.708
GATA4	0.5818	0.3905	1.0
SPDEF	0.8074	1.0	0.395
NR0B1	0.8096	0.3952	1.0
IL2RG	0.5289	0.41	1.0
IL8	0.6975	1.0	0.4148
SIRT1	0.5896	0.7936	0.4198
AHR	0.5746	0.423	1.0
HES1	0.7147	1.0	0.424
MAZ	0.5629	0.4245	1.0
BTF3	0.4251	0.4898	0.5572
MAF	0.5676	0.4292	1.0
RUNX3	0.6546	0.829	0.4299
PRKCQ	0.5663	0.4301	1.0
NFATC2	0.4387	0.4318	0.6427
PAX8	0.7476	1.0	0.4326
NR2F2	0.5753	1.0	0.4332
FOXF2	0.7489	0.4345	1.0
DLX5	0.5689	0.4348	1.0
GATA3	0.4373	0.5098	0.507
CCND3	0.6295	0.4383	1.0
FOXL2	0.5751	1.0	0.4384
XBP1	0.6996	0.4522	1.0
ESR2	0.6888	1.0	0.4525
HDGF	0.6416	0.4561	1.0
DCT	0.6413	0.4561	1.0
NR3C2	0.6413	0.4565	1.0
NR1H4	0.7051	0.4575	1.0
AGO2	0.5793	1.0	0.4578
TCF7L2	0.5395	0.6482	0.4718
KLF10	0.6945	0.4726	1.0
PPARD	0.5309	0.689	0.4735
HDAC9	0.697	0.4752	0.8325
KAT5	0.8666	1.0	0.4877
CD247	0.5724	0.4889	1.0
JAK3	0.5724	0.489	1.0
PBX1	0.572	0.4891	1.0
FOXQ1	0.5666	0.49	1.0
NOTCH2	0.5697	0.4904	1.0
CREB3L3	0.5688	0.4912	1.0
HIF3A	0.5691	0.4919	1.0
PAX3	0.5764	0.492	1.0
SERPINB5	0.5761	0.4941	1.0
NFYC	0.8957	0.956	0.4943
NR1H2	0.5731	0.4966	1.0
JUNB	0.7194	0.497	1.0
HDAC1	0.921	0.4978	0.9705
REL	0.625	0.7692	0.5001
MOV10	0.6255	1.0	0.503
AGO3	0.6255	1.0	0.503
AGO4	0.6255	1.0	0.503
AGO1	0.6255	1.0	0.503
TNRC6C	0.6255	1.0	0.503
TNRC6A	0.6255	1.0	0.503
TNRC6B	0.6255	1.0	0.503
IL6ST	0.6384	0.5041	1.0
POU2F1	0.5042	0.5705	0.5508
GLI1	0.6262	0.7618	0.5048
FOXO4	0.8411	0.9276	0.5052
GLI2	0.5082	0.5729	0.5608
TNF	0.6443	0.5113	1.0
RXRG	0.6393	0.5114	1.0
NFYB	0.9087	0.961	0.5115
MET	0.6501	0.5183	1.0
ILF3	0.6475	0.519	1.0
VDR	0.689	0.5224	0.8397
ELF3	0.6975	0.5249	1.0
MAX	0.911	0.9754	0.5264
HNF1A	0.9761	1.0	0.5345
MECP2	0.5353	0.5965	0.5528
YY1	0.9826	1.0	0.5361
WT1	0.7279	0.5385	0.8418
ZFP36	0.7473	1.0	0.5405
NFIC	0.8671	1.0	0.5412
NOTCH4	0.6313	0.5521	1.0
JAK1	0.6387	0.5523	1.0
SREBF1	0.9905	1.0	0.5539
NR1H3	0.6384	0.5613	1.0
IL10	0.8631	1.0	0.5614
CDX2	0.8414	0.9184	0.5616
MYB	0.7471	0.8062	0.5629
NR5A2	0.6476	0.5656	1.0
KLK3	0.6981	0.5683	1.0
TP73	0.6999	0.7402	0.5691
IRF3	0.7389	0.5729	1.0
RARA	0.8163	0.5825	1.0
IL23R	0.7032	0.5829	1.0
ATF2	0.6792	0.7097	0.5849
NFATC3	0.7337	0.5881	1.0
FOXA1	0.9275	0.9644	0.5912
TCF4	0.7352	0.8151	0.5945
HSF1	0.6264	0.7075	0.5951
TBP	0.8045	0.5992	1.0
SPI1	0.8622	0.6033	1.0
USF2	0.7957	0.6195	1.0
IL23A	0.7402	0.6221	1.0
SMAD2	0.7468	0.6283	1.0
DNMT1	0.8656	1.0	0.6362
ABL1	0.7833	0.6367	1.0
APEX1	0.784	0.6372	1.0
KLF4	0.8164	0.8603	0.6491
HMGA1	0.8461	0.6527	1.0
RAD51	0.744	0.6594	1.0
ATF4	0.8079	0.8403	0.667
NFE2L2	0.8136	0.7073	1.0
OTX2	0.784	0.7086	1.0
FOXM1	0.7965	0.7944	0.7106
USF1	0.7624	0.7166	0.7799
HDAC3	0.844	1.0	0.718
PAX6	0.8447	0.7199	1.0
MYC	0.9803	0.9888	0.7346
HNF4A	0.9336	0.9499	0.7362
IL2RB	0.8494	0.7487	1.0
RB1	0.9299	0.7526	0.94
FOXO3	0.9364	0.9389	0.7536
KLF5	0.8433	0.772	1.0
IL2RA	0.8721	0.7775	1.0
ERCC2	0.8896	0.7913	1.0
GATA1	0.8657	0.8224	0.8213
BRCA1	0.9579	0.9481	0.8349
IL2	0.9216	0.8353	1.0
YBX1	0.9069	0.8401	0.8807
STAT1	0.9405	0.8994	0.8662
RBL2	0.9305	1.0	0.8708
NFATC1	0.9411	0.8726	1.0
FOXO1	0.9404	0.8877	0.9012
ATM	0.9749	0.8881	1.0
AR	0.9768	0.9623	0.8919
BCL6	0.9685	1.0	0.9007
NPAS2	0.9453	0.9023	1.0
ARNTL	0.9541	0.9156	1.0
CLOCK	0.9728	0.9387	1.0
MDC1	1.0	1.0	1.0
EHMT2	1.0	1.0	1.0
HOXA9	1.0	1.0	1.0
AKT1	1.0	1.0	1.0
DAPK2	1.0	1.0	1.0
ATF6	1.0	1.0	1.0
SF1	1.0	1.0	1.0
ASF1B	1.0	1.0	1.0
TERT	1.0	1.0	1.0
ZBTB7A	1.0	1.0	1.0
ABCA3	1.0	1.0	1.0
NR1D1	1.0	1.0	1.0
MLLT10	1.0	1.0	1.0
HBP1	1.0	1.0	1.0
CDK12	1.0	1.0	1.0
HIST2H2AA3	1.0	1.0	1.0
LIN54	1.0	1.0	1.0
ELL	1.0	1.0	1.0
CTCF	1.0	1.0	1.0
ING1	1.0	1.0	1.0
GLI3	1.0	1.0	1.0
HIST2H2AC	1.0	1.0	1.0
ELOA	1.0	1.0	1.0
ELOB	1.0	1.0	1.0
NELFB	1.0	1.0	1.0
ELOC	1.0	1.0	1.0
NELFCD	1.0	1.0	1.0
NELFA	1.0	1.0	1.0
LIN52	1.0	1.0	1.0
NELFE	1.0	1.0	1.0
ACTL6A	1.0	1.0	1.0
ZEB1	1.0	1.0	1.0
MTF1	1.0	1.0	1.0
CTDP1	1.0	1.0	1.0
LIN37	1.0	1.0	1.0
PTGS2	1.0	1.0	1.0
EGFR	1.0	1.0	1.0
SPP1	1.0	1.0	1.0
GTF2H1	1.0	1.0	1.0
GTF2H2	1.0	1.0	1.0
GTF2H3	1.0	1.0	1.0
GTF2H4	1.0	1.0	1.0
GTF2H5	1.0	1.0	1.0
FOSB	1.0	1.0	1.0
CCNT2	1.0	1.0	1.0
RORA	1.0	1.0	1.0
RUVBL2	1.0	1.0	1.0
RUVBL1	1.0	1.0	1.0
MEN1	1.0	1.0	1.0
SUPT16H	1.0	1.0	1.0
AIP	1.0	1.0	1.0
CDC25A	1.0	1.0	1.0
PIAS1	1.0	1.0	1.0
CREM	1.0	1.0	1.0
TNFRSF11B	1.0	1.0	1.0
ZNF300	1.0	1.0	1.0
FANCI	1.0	1.0	1.0
ELOA2	1.0	1.0	1.0
ELOA3	1.0	1.0	1.0
MLXIPL	1.0	1.0	1.0
CDK7	1.0	1.0	1.0
SP2	1.0	1.0	1.0
MNAT1	1.0	1.0	1.0
PPP1R13B	1.0	1.0	1.0
ONECUT1	1.0	1.0	1.0
SIN3A	1.0	1.0	1.0
MCM6	1.0	1.0	1.0
RBBP4	1.0	1.0	1.0
E2F4	1.0	1.0	1.0
E2F5	1.0	1.0	1.0
E2F7	1.0	1.0	1.0
PML	1.0	1.0	1.0
KLF6	1.0	1.0	1.0
APC	1.0	1.0	1.0
CCNK	1.0	1.0	1.0
CCNH	1.0	1.0	1.0
CHEK1	1.0	1.0	1.0
SOX9	1.0	1.0	1.0
SOX6	1.0	1.0	1.0
SUPT4H1	1.0	1.0	1.0
TP53BP2	1.0	1.0	1.0
EGR2	1.0	1.0	1.0
TRERF1	1.0	1.0	1.0
SMARCA4	1.0	1.0	1.0
ATR	1.0	1.0	1.0
MLX	1.0	1.0	1.0
ANKRD1	1.0	1.0	1.0
SUPT3H	1.0	1.0	1.0
RAD51D	1.0	1.0	1.0
PCNA	1.0	1.0	1.0
RXRB	1.0	1.0	1.0
PURA	1.0	1.0	1.0
HSF2	1.0	1.0	1.0
NPM1	1.0	1.0	1.0
ELOA3D	1.0	1.0	1.0
TCEA1	1.0	1.0	1.0
ELOA3B	1.0	1.0	1.0
FOXA3	1.0	1.0	1.0
NEUROG3	1.0	1.0	1.0
IHH	1.0	1.0	1.0
PRDM1	1.0	1.0	1.0
HIST1H2AD	1.0	1.0	1.0
HIST1H2AB	1.0	1.0	1.0
HIST1H2AJ	1.0	1.0	1.0
SUPT7L	1.0	1.0	1.0
FANCD2	1.0	1.0	1.0
H2AFB1	1.0	1.0	1.0
TCF7	1.0	1.0	1.0
TGFB1	1.0	1.0	1.0
PTCH1	1.0	1.0	1.0
SUPT5H	1.0	1.0	1.0
NFKBIA	1.0	1.0	1.0
H2AFJ	1.0	1.0	1.0
MYBL2	1.0	1.0	1.0
MMP7	1.0	1.0	1.0
H2AFZ	1.0	1.0	1.0
H2AFX	1.0	1.0	1.0
H2AFV	1.0	1.0	1.0
RBL1	1.0	1.0	1.0
IRF4	1.0	1.0	1.0
IRF2	1.0	1.0	1.0
IRF7	1.0	1.0	1.0
IRF8	1.0	1.0	1.0
IRF9	1.0	1.0	1.0
TAF9	1.0	1.0	1.0
LIN9	1.0	1.0	1.0
INS	1.0	1.0	1.0
TAF12	1.0	1.0	1.0
TAF10	1.0	1.0	1.0
PDX1	1.0	1.0	1.0
SSRP1	1.0	1.0	1.0
MAPK14	1.0	1.0	1.0
ERCC3	1.0	1.0	1.0
POLE3	1.0	1.0	1.0
RBMX	1.0	1.0	1.0