

Data type: org.panda.causalpath.data.SiteModProteinData
Row ID	Change amount	P-value	Q-value
MDC1-P-S376	-4.589550572827735	0.01015742236931399	9.690180940325547
MDC1-P-S793	-4.471811724633644	0.011426595242076277	5.450485930470384
PARP1-P-S782	-4.471811724633644	0.011426595242076277	3.633657286980256
MCM3-P-T713	-4.471811724633644	0.011426595242076277	2.725242965235192
MDC1-P-S372	-4.247277215105419	0.014303125272000351	2.729036301897667
DBF4-P-S508	-3.467817074850067	0.031185031002707395	4.958419929430476
MDC1-P-S329	-3.346003303411336	0.035224856204307355	4.800644688415602
UNG-P-S23	-3.308272880150339	0.036579296056464296	4.362081054733367
VCP-P-S284	3.152885804518889	0.042728642267587776	4.529236080364304
UNG-P-T60	-3.152885804518889	0.042728642267587776	4.076312472327873
MCM4-P-T19	-3.0586962884688305	0.046948863112896665	4.071746855427583
CDK1-P-Y19	-3.0586962884688305	0.046948863112896665	3.7324346174752847
CDK1-P-T14-Y15	-2.8824784910131864	0.05599580560218084	4.109230657267732
APBB1-P-T709	2.8617413128250444	0.05716912421268709	3.895667464207392
MCM3-P-S160	-2.8617413128250444	0.05716912421268709	3.635956299926899
XRCC1-P-T257-S266	-2.8617413128250444	0.05716912421268709	3.408709031181468
MSH6-P-S309	-2.8617413128250444	0.05716912421268709	3.208196735229617
MCM4-P-S120	-2.8617413128250444	0.05716912421268709	3.029963583272416
RUVBL1-A-K2	2.78177376542319	0.061928563154522456	3.1094657499691802
XPC-P-S397-S398-S399	2.779240676957067	0.062085632534903866	2.9614846719149144
TP53BP1-P-S1094-S1101-S1104	-2.779240676957067	0.062085632534903866	2.8204615922999188
MCM4-P-S131	-2.779240676957067	0.062085632534903866	2.6922587926499224
MSH6-P-S137	-2.779240676957067	0.062085632534903866	2.5752040625347083
FANCD2-P-S1412	-2.7415356833069118	0.06447126338923723	2.5627327197221796
MSH6-P-S227	-2.7415356833069118	0.06447126338923723	2.4602234109332928
TERF2-P-S365	-2.7415356833069118	0.06447126338923723	2.3655994335897046
SMARCC1-P-S310	-2.7415356833069118	0.06447126338923723	2.2779846397530488
XRCC6-P-S520	-2.7415356833069118	0.06447126338923723	2.196628045476154
WRN-P-S1133	-2.7415356833069118	0.06447126338923723	2.1208822508045624
MSH6-P-S41	-2.7211213568958477	0.06580092671760598	2.0924694696198705
BRCA2-P-S93	-2.703152879345386	0.06699395554913612	2.061684954641157
MCM6-P-S762	-2.703152879345386	0.06699395554913612	1.9972572998086207
MSH6-P-S935	-2.7025045407207258	0.06703740440140002	1.9379904181495642
MCM3-P-T722	-2.674028513983375	0.06897380294204863	1.9353237649033646
FANCD2-P-S1435	-2.6581629769196384	0.07007683634025169	1.9100943391028604
ATRX-P-S25-S26	2.647855278640639	0.07080290283414833	1.876276925104931
TP53BP1-P-S1758-S1759	-2.6472801047137233	0.070843638531741	1.8266170583589436
DTL-P-S557	-2.631032278810912	0.07200409555965119	1.8076817674712429
MDC1-P-T1567	-2.631032278810912	0.07200409555965119	1.7613309529206982
TP53BP1-P-T1609	-2.5532975789922703	0.07782460960448949	1.8561169390670742
CDC25C-P-S216	-2.4685770092266672	0.08470530815417916	1.9709479019289493
ACTL6A-P-S233	-2.4685770092266672	0.08470530815417916	1.924020570930641
MSH6-P-S252	-2.392663809166636	0.0913859246937705	2.0274923757641177
MDC1-P-T404	-2.349690439580214	0.09539868930341279	2.0684170362603593
FANCD2-P-S592	-2.342519185782781	0.09608527641916356	2.0370078600862676
PARP1-P-T368	-2.275867185289029	0.10270780310953152	2.130070525358545
RRM2-P-T33	-2.275867185289029	0.10270780310953152	2.0847498758828316
CDC25B-P-S321	-2.269001351453211	0.10341540417532187	2.055381157984522
MCM3-P-S711-T713	-2.260683652418389	0.10427916967364383	2.0302515891562494
UNG-P-S14	-2.232215163283111	0.10729050072900276	2.0471027539093725
ABL1-P-S180	2.1952672121005663	0.1113288091250518	2.082503605986263
MCM6-P-S13	-2.1952672121005663	0.1113288091250518	2.0424554597172966
CHEK1-P-S280	-2.150364394281021	0.11644171934520463	2.0959509482136833
DBF4-P-S359	-2.1268906449689418	0.11920737625054449	2.105996980426286
MDC1-P-T548	-2.1268906449689418	0.11920737625054449	2.0677061262367173
FEN1-P-S335	-2.0881959142098903	0.12391047942654133	2.1109035245164365
EXO1-P-S639	-2.0881959142098903	0.12391047942654133	2.0738701293494812
MCM2-P-S27	-2.068431197266411	0.12638389766611569	2.078797213335765
EP300-P-T1724	-2.0502860053316962	0.1286980899836972	2.0809826753296123
CDK1-P-T161	-2.0141159542185174	0.13343831681889645	2.1216692374204538
PMS2-P-S445	-2.0075588687148667	0.13431615816687262	2.100616637560598
SMARCA4-P-S1663	-2.0075588687148667	0.13431615816687262	2.066735724051556
MDC1-P-S1775	-1.9779004090942094	0.13835943076308224	2.0951570944123885
EXO1-P-S815	-1.9779004090942094	0.13835943076308224	2.0624202648121948
PMS2-P-S535	-1.9291526387757267	0.1452712435632441	2.13213486706669
MSH6-P-S830	-1.9265240287939138	0.1456536073265826	2.105356687720603
MAPK8-P-S377	1.8998107843925838	0.14959692261740926	2.130081554880723
SMARCA4-P-S1382	-1.8983695600910162	0.14981268077833113	2.1017837862136455
EP300-P-S2328	-1.889678264227151	0.15112042186139776	2.0894040935619342
WEE1-P-T190	-1.8791498520085883	0.1527198850868042	2.0813538624687316
MCM3-P-S672	-1.8598199872166497	0.1557006559538875	2.092090503943784
MDC1-P-S495	-1.8389143175247256	0.15898994503665673	2.1066167717357014
TTK-P-T33	-1.8279265964983644	0.16074651487587152	2.1007147286518006
ORC1-P-S201	-1.8279265964983644	0.16074651487587152	2.0723266917781276
CHEK2-P-S163	-1.8156127545574612	0.1627381592836843	2.070029386088464
TOP2B-P-S1441	-1.7977383773949704	0.16567315498933663	2.079634077102989
ATR-P-S1950	-1.7897971841465985	0.16699403527046033	2.068991034389859
BRCA1-P-S1460	-1.7846323470336296	0.16785876342925637	2.0530417988655203
TP53BP1-P-S1701	-1.782427010467513	0.16822935698975633	2.0315291970661713
EXO1-P-S746	-1.7684160711606676	0.17060299793986072	2.034440750432839
CDK1-P-Y15	-1.7639533770696851	0.17136604829443924	2.01831123546784
RBBP8-P-S539	-1.7639533770696851	0.17136604829443924	1.9936976838157934
DBF4-P-T553	-1.7535479718868807	0.17315849083431542	1.9902795211558664
TOP2B-P-S1550	-1.7535479718868807	0.17315849083431542	1.9665857173325823
MSH6-P-S14	-1.7535479718868807	0.17315849083431542	1.9434494147757284
MDC1-P-S882	-1.7535479718868807	0.17315849083431542	1.9208511657667082
CHEK1-P-S286	-1.7535479718868807	0.17315849083431542	1.8987724167349072
WEE1-P-S67	-1.7535479718868807	0.17315849083431542	1.8771954574538285
APBB1-P-S517	1.733618881836569	0.17664399812504653	1.8934648787785884
DTL-P-S679	-1.7334470906729433	0.176674346609758	1.8727480740634348
RBBP8-P-S327	-1.719298478391962	0.17919181075596805	1.8785603017713575
CLK2-P-S50	-1.719298478391962	0.17919181075596805	1.8581411680564515
SMARCA4-P-S1449	-1.719298478391962	0.17919181075596805	1.8381611554967046
CDK1-A-K6	-1.7118919117975206	0.18052393397546918	1.8321258831127405
MCM4-A-K858	-1.7118919117975206	0.18052393397546918	1.8128403475010275
MDC1-A-K1016	-1.7118919117975206	0.18052393397546918	1.793956593881225
CDC6-P-S54	-1.7077435766811893	0.1812743631898912	1.7828427060119199
CDK7-P-T170	1.6533718216531663	0.19140344107948867	1.863253906018696
TTK-P-S821	-1.645869363756971	0.19284483758470147	1.8583229803616688
CDA-A-K4	-1.6410984141173863	0.19376708885089175	1.8485380276375074
PRKDC-P-S2612	-1.635540761647905	0.19484697703277268	1.8404358028640113
CDK1-P-T14	-1.606868786277555	0.20051448583783593	1.8754001910715243
MCM2-P-S170	-1.606868786277555	0.20051448583783593	1.8571924222261695
SIRT6-P-S303	-1.5694614450792703	0.20815725628998813	1.9094425240446986
PCLAF-P-S72	-1.5600638781049607	0.2101226485354643	1.90911434955079
TP53BP1-P-S598	1.5541645233023063	0.21136590017684426	1.9022931015915983
PARG-P-S68	-1.5541645233023063	0.21136590017684426	1.8845146613898076
XRCC6-P-T455	-1.5541645233023063	0.21136590017684426	1.8670654515621241
TP53BP1-P-S1618	-1.5414713513116518	0.21406590345254026	1.8735676320525083
MRE11-P-S689	1.5414713513116518	0.21406590345254026	1.8565351990338492
XPC-P-S884	-1.5414713513116518	0.21406590345254026	1.839809656700211
WEE1-P-S150	-1.5414713513116518	0.21406590345254026	1.8233827847653876
MCM3-P-S711-T713-T722	-1.5353249230472383	0.21538569602215646	1.81838897349679
TOP2B-P-S1466	-1.5353249230472383	0.21538569602215646	1.80243819302752
WEE1-P-T173	-1.5353249230472383	0.21538569602215646	1.7867648174359763
TTK-P-S321	-1.5353249230472383	0.21538569602215646	1.7713616724580799
XPC-P-S398-S399	1.5353249230472383	0.21538569602215646	1.7562218291037373
DTL-P-S485	-1.5353249230472383	0.21538569602215646	1.7413385932638752
MDC1-P-S880	-1.5353249230472383	0.21538569602215646	1.7267054958414896
MCM2-P-S139	-1.5353249230472383	0.21538569602215646	1.7123162833761438
POLR2A-P-S1861	-1.5353249230472383	0.21538569602215646	1.6981649091333657
MDC1-P-S1086	-1.5353249230472383	0.21538569602215646	1.6842455246322727
SUMO1-P-S2	-1.5353249230472383	0.21538569602215646	1.670552471586482
MTOR-P-S2478	1.523401475958624	0.21796920754602303	1.6769566451524673
PTEN-P-S294	1.514629740093666	0.21988958607457024	1.67819732092112
TP53BP1-P-S566	1.4934166875300765	0.22460394157316294	1.7005727004825195
MDC1-P-S1820	-1.4934166875300765	0.22460394157316294	1.6871823642582475
TOP2B-P-T1292	-1.4856012956216347	0.22636618674921244	1.6871354856152239
WRN-P-S478	-1.484844867361137	0.22653748130794554	1.675323698975039
MDC1-P-S299-T301	-1.4672051569645383	0.23056898965578926	1.6920216625509459
MEN1-P-S492	-1.4672051569645383	0.23056898965578926	1.6791054666536103
TP53BP1-P-T591	-1.4672051569645383	0.23056898965578926	1.6663849706941134
MSH6-P-S200	-1.4640087028633693	0.231307172002852	1.6591506924114345
MDC1-P-T1800	-1.4640087028633693	0.231307172002852	1.6467689708262747
POLR2A-P-S1966	1.4497826401186473	0.23462127980536202	1.6579903772912248
MCM3-P-T674	-1.4497826401186473	0.23462127980536202	1.6457992715758483
PARP1-P-S179	-1.4496064658699845	0.23466261767427912	1.634073994607754
EP300-A-K1203	-1.4423197116303292	0.23637879157362096	1.6340968634872057
TP53BP1-P-S1426-S1430	-1.4249190091684454	0.24052794297760402	1.6508176805801025
TP53BP1-P-T855	-1.4169526615755534	0.24245172476033347	1.6521353244382724
TOP2B-P-S1236	-1.4169526615755534	0.24245172476033347	1.6404180526337455
MSH6-P-S65	-1.4169526615755534	0.24245172476033347	1.6288658128264657
TOP2B-P-S1522	-1.4169526615755534	0.24245172476033347	1.6174751428067002
MDC1-P-S453-T455	-1.4169526615755534	0.24245172476033347	1.6062426765372093
MCM7-P-S121	-1.4096930928070346	0.24421822398250256	1.6067874874434995
PARP1-A-K418	-1.380195878295166	0.25152927910768924	1.6435543306077776
CDK1-A-K33	-1.380195878295166	0.25152927910768924	1.6323736889029627
XRCC1-P-S475-S485-T488	1.374753229372393	0.2529019968895479	1.6301926015718156
ELL-P-T180	-1.3559474140157874	0.25770302729906064	1.6499911949215023
MSH6-P-S261	-1.3547201329428389	0.25801949550490344	1.6410039914111858
MDC1-P-S495-S498	-1.3516580604049255	0.25881078078452097	1.635135661380351
MDC1-P-S402-T404	-1.3516580604049255	0.25881078078452097	1.6243781899239014
MDC1-P-T1287-T1302	-1.3516580604049255	0.25881078078452097	1.6137613390093661
ATR-P-S435	-1.3478429884542993	0.2598000483984943	1.6094106894296336
NFRKB-P-S298	-1.3478429884542993	0.2598000483984943	1.5990273946591198
SMARCC1-P-S328-S330	-1.3478429884542993	0.2598000483984943	1.5887772190523306
MDC1-P-S780	-1.32955403391876	0.2645952354919117	1.607795252606903
PLK1-P-T210	-1.3240998740541632	0.2660423229415283	1.6063568106722657
CDT1-P-S318	-1.3240998740541632	0.2660423229415283	1.5962539376491698
SMARCC1-P-T398	-1.3183157947398796	0.2675855917303411	1.5954790906921585
TP53BP1-P-S1474	1.3126226918168449	0.2691133287003462	1.5946218359014301
MCM3-P-S711-T722	-1.3034389811284526	0.2715961710561293	1.599399673997206
MTOR-P-S2478-S2481	1.3033026651204893	0.2716331964854678	1.5898041070376459
MDC1-P-T1287	-1.3033026651204893	0.2716331964854678	1.580110179555709
MDC1-P-T1239	-1.3033026651204893	0.2716331964854678	1.5705337542250684
TTK-P-S281	-1.259364721961746	0.28383428292367935	1.6311922042722296
KDM4B-P-T448	-1.2519283285565483	0.28595285381361674	1.633527081067008
RRM2-P-S20	-1.247640451842199	0.287181616906555	1.630781324576509
MDC1-P-S108	-1.247640451842199	0.287181616906555	1.6211317309399615
RBBP8-P-T245	-1.247640451842199	0.287181616906555	1.6115956619344325
MNAT1-P-T51	-1.247640451842199	0.287181616906555	1.6021711258997282
SMARCA4-P-S1484	-1.247640451842199	0.287181616906555	1.5928561774933343
PRKDC-P-S511	-1.247640451842199	0.287181616906555	1.5836489163517544
DBF4-P-S381	-1.2461627349844466	0.2876063037292525	1.5768759411362463
MDC1-P-S513	-1.2461627349844466	0.2876063037292525	1.5678652214726108
POLA1-P-S192	-1.2439645199168479	0.2882392196274165	1.5623875882077007
ATM-P-S1891	-1.23290739673199	0.29144400136747345	1.5708337700823145
YY1-P-S247	-1.223123875775984	0.29430934357492644	1.5773658076993249
YY1-A-K339	-1.2064684723423906	0.29925223307217974	1.5948973762617846
NBN-P-S347	1.2023452455399646	0.30048866519358536	1.5925899255260023
SMARCA4-P-T1455	-1.1791336826203949	0.3075450548533074	1.6209833277903605
PRKDC-P-S3205	-1.1791336826203949	0.3075450548533074	1.6120768259893146
XRCC6-P-S477	-1.1756097913239418	0.30863072195833624	1.6089273702090316
MSH6-P-S252-S254-S256	-1.161385208857903	0.31305223766839624	1.6231077974763588
MCM4-A-K409	-1.1587806931803346	0.31386864984694957	1.6185442808323778
MDC1-P-T1302	-1.1465700053830152	0.3177246965190705	1.6296202176300711
SUMO2-P-T38	-1.1465700053830152	0.3177246965190705	1.6209056710117287
TIMELESS-P-S1149	-1.1465700053830152	0.3177246965190705	1.6122838323361344
MCM5-A-K396	-1.129315764897234	0.3232543627513873	1.6316648786498598
SMARCC1-A-K359	-1.0949358465304437	0.334561069513539	1.679848738504822
RECQL4-P-S323	-1.0876053069825182	0.33702259379247973	1.6833484527645324
PARP1-P-S177	-1.0876053069825182	0.33702259379247973	1.6745810129063836
ATRX-P-S213	1.0876053069825182	0.33702259379247973	1.6659044273472832
MCM2-P-S41	-1.0783387614886235	0.3401601436631811	1.672746273477705
ELL-P-T431	-1.0783387614886235	0.3401601436631811	1.6641680874598705
USP7-P-S49-T54	1.0783387614886235	0.3401601436631811	1.6556774339524223
XRCC1-P-S241	-1.0671725971605928	0.34397971300838637	1.665769777715739
MSH6-P-S91	-1.0671725971605928	0.34397971300838637	1.657356799040407
RBBP8-P-T315	-1.0510304521664546	0.3495773407231527	1.675863231406471
MSH6-P-S256-S261	-1.0510304521664546	0.3495773407231527	1.6674839152494385
KPNA2-P-S490	-1.0465009560991676	0.35116434135644914	1.6667203067365797
CDC25C-P-S168	-1.0458281359048214	0.3514006913184457	1.6595854431574117
TP53BP1-P-S1631	1.041493060556598	0.35292734648446367	1.6585846726412725
TP53BP1-P-S532	1.041493060556598	0.35292734648446367	1.6504543556185212
MDC1-P-T1526	-1.041493060556598	0.35292734648446367	1.6424033587618454
MDC1-P-S955	-1.041493060556598	0.35292734648446367	1.6344305269231958
TP53BP1-P-T321	-1.041493060556598	0.35292734648446367	1.6265347272762238
TOP2B-P-S1400-T1403-S1413	-1.041493060556598	0.35292734648446367	1.6187148487797034
MCM3-P-S668	-1.041493060556598	0.35292734648446367	1.6109698016563556
SMARCA4-P-S695	-1.041493060556598	0.35292734648446367	1.6032985168865634
XRCC1-P-S461	-1.0385992613669677	0.35395012649997265	1.600324268630208
XRCC6-P-S2	-1.0343029174890137	0.3554740893491098	1.599633402070994
PIAS3-P-S431	1.0318690199086717	0.35634033061869175	1.5960031709400562
KAT5-P-S138	-1.0318690199086717	0.35634033061869175	1.5885452121973456
RBBP8-P-S163	-1.0318690199086717	0.35634033061869175	1.5811566298150324
ATRX-P-T662	-1.0318690199086717	0.35634033061869175	1.5738364602325552
MDC1-P-S376-T378	-1.0318690199086717	0.35634033061869175	1.5665837576508383
NFRKB-P-S240	-1.0318690199086717	0.35634033061869175	1.5593975936249171
TOP2A-P-S1106	-1.0318690199086717	0.35634033061869175	1.5522770566677258
POLR2A-P-S1917	-1.0299712811135686	0.3570172135587297	1.548156462431946
ATR-P-S464	1.0133884857145545	0.36298691735374883	1.566920901156002
MDC1-P-S299	-1.0092726851690987	0.36448397779394837	1.5662960126821024
RRM2B-P-S329	1.0077937527274115	0.3650234237769406	1.5615800281757906
XRCC1-P-S461-S475	1.0077937527274115	0.3650234237769406	1.5546086887642916
PRKDC-A-K309	-0.9859599184635289	0.3730809277242459	1.5818631335508024
NFRKB-P-S494	0.9855481331465881	0.3732345886077899	1.5755123784594316
POLR2E-P-Y26-T36	0.9833299576624808	0.37406340731489246	1.572055024574482
MCM4-P-T23	-0.9778535924375397	0.37611753459252767	1.5737549473739973
TP53BP1-P-S523-S525	-0.965765334782023	0.38069173159479175	1.5859384800935865
PIAS1-P-S483-S485	0.9531255174065213	0.3855341446966465	1.5991285827852206
TTK-P-S436	-0.9526427962078858	0.385720295126854	1.5929747253290856
PMS2-P-T573	-0.9507752143515693	0.3864413324401748	1.5890734101203738
CDK1-A-K20	-0.9491703921828738	0.38706199995465995	1.5847946264238009
NFRKB-A-K1191	-0.9491703921828738	0.38706199995465995	1.5780219998151521
POLR2A-P-S1861-S1868	-0.9464515004812813	0.3881158115649791	1.5755850392893194
PARP1-A-K134	-0.9422160531333993	0.3897631417773099	1.575567954472685
APEX1-A-K35	-0.9422160531333993	0.3897631417773099	1.5689199884200575
PRKDC-A-K4048	0.9422160531333993	0.3897631417773099	1.5623278876283766
SMARCC1-P-S330	0.9297335483210892	0.3946588538773599	1.5753328309581647
KAT5-P-S90	-0.9245845506353372	0.3966961920261554	1.5768673633039678
BRCA1-P-S1239	0.9214779716820967	0.397930476275214	1.5752102670811376
ABL1-P-T781	0.9200445834128326	0.39850127414164227	1.570951303847631
SIRT6-P-T294	-0.9200445834128326	0.39850127414164227	1.5644864836671881
EP300-P-S2309	-0.9199263311575878	0.3985484006023777	1.5582589105519191
TP53BP1-P-S1548	-0.9199263311575878	0.3985484006023777	1.551898670100687
TOP2B-P-S1400	-0.9085998726199077	0.40308820395058415	1.5631957177595825
DTL-P-S478	-0.9085998726199077	0.40308820395058415	1.5568669901573169
TOPBP1-P-S888	-0.9085998726199077	0.40308820395058415	1.5505893006808762
PIAS1-P-S503	-0.9085998726199077	0.40308820395058415	1.5443620344130815
ABL1-P-Y185	0.9085998726199077	0.40308820395058415	1.538184586275429
TERF1-P-T371	-0.8990119372278198	0.4069715746115495	1.5468162636630207
BLM-P-S28	-0.8924226203890968	0.4096620938679537	1.550863641071539
RBBP8-P-S593	-0.8851613270238694	0.4126475967002109	1.5559913330118624
TOP2A-P-S1374-S1377	-0.872660640549195	0.4178383513340115	1.5693613668214448
RECQL4-P-S89	-0.8612403118059283	0.4226375547473412	1.5811616754077
ATRX-P-S849-S850	0.8559364324727847	0.42488512850046767	1.583360986677524
CDC25C-P-S125	-0.8525802161811332	0.4263135305631428	1.5825023663705768
MRE11-P-S676	-0.8512093813636334	0.42689833673876343	1.5785310591037998
RECQL4-P-S27	-0.8471448349293651	0.4286370159286419	1.5788405914900554
ATM-P-S1981	-0.839512310284679	0.4319211155589859	1.5848182470895096
PARG-P-S197-T199	-0.8297776541284332	0.43614625085958175	1.5941897445212299
TP53BP1-P-S1002	0.8204366747156094	0.44023937112422346	1.6030090078340045
MTOR-P-S2481	0.8081368216347539	0.44568768877492976	1.6166770155562091
ATRX-P-S316	-0.8077338265364363	0.44586733492471414	1.6112024148415807
SUMO1-A-K7	-0.8075970570905816	0.44592832012339734	1.6053419524442305
WRN-A-K493	-0.8075970570905816	0.44592832012339734	1.5993068323222597
PARG-P-S261-S264	-0.80240857750529	0.4482480227698476	1.6016052948405792
MDC1-P-T1157	-0.7987306377548079	0.44989968749066167	1.601508589052579
SMARCC1-P-S328-S330-T335	-0.7987306377548079	0.44989968749066167	1.5955550255245026
XRCC5-P-S175	-0.7987306377548079	0.44989968749066167	1.5896455624670045
TCEA1-P-S57	-0.7987117359738471	0.4499081914763789	1.5838096482231196
TOP2A-P-S1354	-0.7958734221434938	0.45118698607032665	1.5824720026143075
SMARCA4-P-T353	-0.7934579208004143	0.45227814615994605	1.5804884668006907
PRKDC-P-S2624	-0.7854199939658297	0.45592817448616363	1.58742875350292
TIMELESS-P-S1087	-0.7854199939658297	0.45592817448616363	1.581656285308364
MEN1-P-S548	-0.7854199939658297	0.45592817448616363	1.5759256465934786
TP53BP1-P-S1701-S1705	-0.7854199939658297	0.45592817448616363	1.5702363843314082
TIMELESS-P-S1173	-0.7854199939658297	0.45592817448616363	1.5645880520136692
MCM2-P-S381	-0.7843796689128419	0.4564027347941329	1.560602899618648
POLD1-A-K1033	-0.7839893911740667	0.45658089338484376	1.5556363296040747
ATRX-P-T674-S675-S677	0.7836060396246736	0.45675595793123475	1.5506946045067542
TOP2B-P-S1413	-0.7808706972524928	0.45800705216217347	1.5494281126337357
KAT5-P-S180-S183	0.7680475408384422	0.46391796551833153	1.5638789367649761
KAT5-P-S136	-0.763649181557025	0.46596293737149036	1.5652416980718373
PARG-P-S133-S137	-0.7635754500559458	0.4659972947849063	1.5598646288589495
TOP2A-P-S4	-0.7620958178243774	0.4666873097604046	1.556712215074916
PRKDC-P-S4026	-0.7620958178243774	0.4666873097604046	1.5512881307018327
XRCC1-P-S447	-0.7620958178243774	0.4666873097604046	1.5459017135813402
DTL-P-S512	-0.7615047903524761	0.46696321630740373	1.5414633507171736
SMARCC1-A-K354	-0.7589252714705265	0.4681693116451216	1.5401155976187793
MDC1-A-K812	-0.7589252714705265	0.4681693116451216	1.5348231041561717
TP53BP1-P-T548-S552	0.7551898625715145	0.4699213857774734	1.5352911028483205
POLR2A-P-S1910	-0.7517148335790151	0.4715572168512824	1.535377422785404
PARG-P-S137	-0.7517148335790151	0.4715572168512824	1.530155050599059
MDC1-P-T1343	-0.7507027329314473	0.4720347218166043	1.526512286823866
TOP2B-P-S1524	-0.7493864966692009	0.4726564401088198	1.5233589319723448
TP53BP1-P-S1678	-0.7409757442201066	0.47664860142631943	1.5310530833693896
FEN1-P-Y152-S157-S162	-0.7409757442201066	0.47664860142631943	1.5259153213446601
CDK2-A-K6	-0.7405291254077432	0.47686152920383934	1.5214913005366646
TCEA1-P-S100	-0.7374571249124946	0.47832870047933035	1.5210852675242705
NBN-P-S343	-0.7362354831320845	0.4789134038809394	1.5178850076492232
MDC1-P-S168	-0.7326286199581608	0.48064389795249973	1.5183254259824
TP53BP1-P-S1086	-0.7326286199581608	0.48064389795249973	1.5133144509791576
RBBP8-P-S349	-0.7326286199581608	0.48064389795249973	1.508336442916726
XPC-P-S94	0.7256812416811801	0.48399473923140424	1.5138720695959333
MCM4-P-S26	-0.724844378175681	0.4843999462933731	1.5101880678558102
DDX11-P-S204	-0.7246796220332683	0.4844797607346885	1.5055169112081201
XRCC1-P-S266	-0.7246796220332683	0.4844797607346885	1.5006288692886132
EP300-P-S2320	-0.7246796220332683	0.4844797607346885	1.495772465180883
PRKDC-P-S893	-0.7246796220332683	0.4844797607346885	1.4909473927125576
CDC25C-P-S173	-0.7246796220332683	0.4844797607346885	1.4861533496491732
TOP2B-P-S1552	-0.7243895202225031	0.48462032957920903	1.4818198539056584
SIRT6-P-T294-S303	0.7228781315266244	0.4853533330541781	1.479319743558102
TP53BP1-P-S523	-0.720099638662589	0.4867037590323003	1.4787114207541863
TOP2A-P-S1525	-0.720099638662589	0.4867037590323003	1.474017098783538
ATRX-P-S962	0.7162111937109829	0.4885999640622567	1.4750771066942814
BARD1-P-T299	-0.7114097766189512	0.49095157730110867	1.4775009613415069
TP53BP1-P-S1635-T1638	-0.6899795772297199	0.5015863127434939	1.5047589382304816
TP53BP1-P-S63	0.6872589183134771	0.5029528160693506	1.5041284844205658
TFPT-P-S249-S252	-0.6872589183134771	0.5029528160693506	1.4994280829067514
MRE11-P-S688-S689	0.6872589183134771	0.5029528160693506	1.4947569673836776
TFPT-P-S145	-0.6872589183134771	0.5029528160693506	1.4901148650004983
TOPBP1-P-S817	0.6872589183134771	0.5029528160693506	1.4855015062853265
MCM6-P-S271	-0.6872589183134771	0.5029528160693506	1.4809166250930879
MGMT-P-S201	-0.6872589183134771	0.5029528160693506	1.4763599585543399
TOP2B-P-S1342	-0.6872589183134771	0.5029528160693506	1.471831247025032
NBN-P-S432	-0.6872589183134771	0.5029528160693506	1.467330234037188
TOP2B-P-S1550-S1552	0.6845067892232669	0.5043389136302846	1.4668881817173522
VCP-A-K754	0.6825488319259579	0.5053273550337996	1.465295734657279
TOP2A-P-S1247	-0.6815538612008801	0.5058303911702549	1.4623096762921912
CDT1-P-S31	-0.6773805525743426	0.5079457885380976	1.463988768173248
ORC1-P-T230	-0.6765373532870587	0.5083742686866628	1.460810398575531
PRKDC-A-K1612	-0.6759286785260896	0.5086837974647597	1.457310338682825
TERF2-A-K335	-0.6759286785260896	0.5086837974647597	1.45294713407599
ATRX-P-S60	0.6732206641814299	0.5100631873460215	1.4525381514271776
PTEN-P-S370	0.6732206641814299	0.5100631873460215	1.4482151212145968
PARG-P-S286-S291	0.6732206641814299	0.5100631873460215	1.4439177469676692
MSH6-P-S219-S227	-0.6719697071309026	0.5107016537502104	1.441447862951777
TTK-P-S455	-0.6697107150544791	0.5118566287880205	1.4404460880937215
PARP1-P-S468-S479	-0.6674922108465651	0.5129934454228178	1.439399255686377
NBN-P-T497	0.6674922108465651	0.5129934454228178	1.4351781434996134
YWHAE-P-T208	-0.664424798413299	0.514569423747545	1.4353778662431518
MCM2-P-S40-S41	-0.6641588667953325	0.5147062822236497	1.4315737412284602
TP53BP1-P-S287	0.6636791645546588	0.5149532472106142	1.4280970867410638
TP53BP1-P-S208	-0.6590260561904663	0.5173549638629203	1.4305989435513797
TP53BP1-P-S398	-0.6562355931528202	0.5188006398815848	1.430450319211075
MSH6-P-S9	-0.6562355931528202	0.5188006398815848	1.42632798399721
XRCC1-P-S446-S447	-0.6560018755201701	0.5189219069095246	1.4225617792864553
MPG-P-T67	-0.6472244512161522	0.5234967529779683	1.4309911241861941
XRCC1-P-S447-T453	-0.6310234228819012	0.5320470131927418	1.4502081445310735
TP53BP1-P-S999	-0.63035706033532	0.5324016675464196	1.4470404297415507
TOP2B-P-S1522-S1524	-0.6288028703283896	0.5332297642409076	1.4451738496756417
XRCC6-P-S6	-0.6287394770621927	0.5332635684887658	1.441171230420064
ATRX-P-S1061	0.6245739672142606	0.5354895160194078	1.4430988652048446
ATRX-P-S729-S731	0.6169892201988818	0.5395665104683174	1.4499900027796473
NBN-P-S615	-0.6118582402911468	0.5423421301273028	1.453355034105188
MDC1-P-S1814	-0.610931612304516	0.5428449124335101	1.450627581124842
SMARCC1-P-S822	-0.610931612304516	0.5428449124335101	1.4465755487753313
CLK2-P-S57	-0.6089798593774011	0.5439054461935958	1.4453643333389705
ATRX-P-S1244-S1245	0.6063762479480089	0.5453234097418578	1.445107035815923
SIRT6-P-S330	-0.6063762479480089	0.5453234097418578	1.4411039692347156
TP53BP1-P-S1114	0.6063762479480089	0.5453234097418578	1.4371230190434594
XRCC1-P-T453	-0.6049966637747629	0.5460762484700319	1.4351425373014062
POLR2A-P-S1882	-0.6049966637747629	0.5460762484700319	1.4311998380231055
TOP2B-P-S1400-S1413	-0.6049966637747629	0.5460762484700319	1.4272787425764668
PARG-P-T322-S323	-0.6009071914412288	0.5483139846416147	1.429211861606832
MDC1-P-S299-T301-S307	-0.600438187430894	0.5485712064136407	1.4259861877891369
TOP2B-P-S1476	-0.5919271273001309	0.5532600541657618	1.4342665534623285
SMARCA4-P-S1454-T1455	-0.5919271273001309	0.5532600541657618	1.430379652233433
VCP-P-S775	0.5919271273001309	0.5532600541657618	1.426513761281451
VCP-P-S352	0.5919271273001309	0.5532600541657618	1.422668710711959
PTEN-P-S385	0.5860380420411893	0.5565278625518869	1.4272246797701615
ABL1-P-S659	-0.5793541216188902	0.5602601096244206	1.432944087350395
EXO1-P-S610	-0.5793541216188902	0.5602601096244206	1.429112686047319
TP53BP1-P-S1426	-0.5646552116401127	0.568556144507296	1.4464068316265608
KAT5-P-S155	0.5643363076964725	0.5687374882180356	1.4430201163829945
ATRX-P-S875-S876	0.559713585971994	0.5713726895688576	1.445860864320133
YWHAE-P-S210	-0.559713585971994	0.5713726895688576	1.4420358355785454
CHEK1-P-S301	-0.5587998227969866	0.5718950275020303	1.439545794820414
TOP2A-P-S1213	-0.5587998227969866	0.5718950275020303	1.4357575164129919
FEN1-A-K375	-0.5558542826546822	0.5735820506401623	1.4362133236501702
SMARCC1-P-S350	-0.5542047069450714	0.5745289984747118	1.4348184935729715
USP7-P-S49	0.5542047069450714	0.5745289984747118	1.4310722311876636
TFPT-P-S180	-0.5519595316534407	0.575820365917088	1.4305537215752653
SUMO1-P-T76	-0.5450871191471767	0.5797912702185464	1.4366775890610213
POLR2L-A-K67	0.5448713871990875	0.5799163632115482	1.4332647940513392
SMARCC1-A-K608	-0.5448713871990875	0.5799163632115482	1.4295612674517233
POLR2H-A-K20	-0.5419901975333729	0.5815896215740514	1.429990976756817
XRCC5-A-K469	-0.5419901975333729	0.5815896215740514	1.4263149074078278
MSH2-A-K555	-0.5419901975333729	0.5815896215740514	1.4226576896965257
USP7-A-K1096	-0.5419901975333729	0.5815896215740514	1.4190191789811895
NFRKB-A-K1095	-0.5419901975333729	0.5815896215740514	1.4153992320960334
EP300-A-K1340	-0.5419901975333729	0.5815896215740514	1.4117977073324302
MEN1-A-K507	-0.5419901975333729	0.5815896215740514	1.4082144644204189
SOX4-P-S347-S348	-0.5405059190503201	0.5824535034973957	1.4067358033835835
PER1-P-S830	0.532017442936557	0.5874186897682221	1.4151450253507167
PER1-P-S704	-0.532017442936557	0.5874186897682221	1.411580428309531
NFRKB-P-S228	-0.531671953972322	0.5876216715048783	1.40852028797903
PARG-P-S302	0.5285578579344681	0.589454434042031	1.4093722558298185
ATRX-P-S974	0.5285578579344681	0.589454434042031	1.4058488251902441
RCHY1-P-S257	0.5285578579344681	0.589454434042031	1.402342967770817
TP53BP1-P-S1028	-0.5285578579344681	0.589454434042031	1.3988545524281035
ABL1-P-S718	0.5282903415655165	0.5896121438459249	1.395756787168765
MRE11-P-S649	0.525960981116472	0.5909871638910017	1.3955488969109295
ATRX-P-S1011-S1012-S1013	0.525960981116472	0.5909871638910017	1.3921030971654704
TIMELESS-P-S1121	-0.525960981116472	0.5909871638910017	1.388674271802994
TP53BP1-P-S640	-0.5241341594810297	0.5920677787730636	1.387795235748164
XRCC6-P-S27	-0.5216055061430449	0.5935668074013003	1.387898858482452
KPNA2-P-S62	-0.5204100188301475	0.5942768333178297	1.386161611210781
POLE3-P-S122	-0.51938441175237	0.5948866405020685	1.3841996464365205
CHEK1-P-S331	-0.5138068448552753	0.5982139310025442	1.3885549639329127
ATRX-P-S819	-0.5100927438007192	0.6004398891524471	1.3903389666296952
POLA1-P-T225	-0.5094802485683897	0.6008077683724867	1.3878223027296668
POLR2A-P-S1875-S1882	0.5085920809375625	0.6013416234259998	1.3857002626773038
USP7-P-S963	0.5085920809375625	0.6013416234259998	1.3823612258997682
BRCA1-P-S1189-S1191	-0.5085920809375625	0.6013416234259998	1.379038242183663
SMARCA4-P-S1602-S1607	-0.5085920809375625	0.6013416234259998	1.3757311960393377
MCM2-P-S108	0.5085920809375625	0.6013416234259998	1.3724399730823058
VCP-P-S3	0.5046334762161383	0.603726815116455	1.3745951828665823
ELL-P-S442	-0.5046334762161383	0.603726815116455	1.3713223371930905
TP53BP1-P-T1372	0.5046334762161383	0.603726815116455	1.3680650394800429
WEE1-P-S139	-0.5034727024234732	0.6044280122682775	1.3664083500093287
POLA1-P-S215	-0.4964718559823587	0.6086743666609347	1.3727549545970017
TFPT-P-S252	-0.4924280489376869	0.611140711703596	1.375066601333091
TOP2B-P-S1449	-0.4924280489376869	0.611140711703596	1.371831150506425
ABL1-P-Y393	0.4924280489376869	0.611140711703596	1.368610889589743
EP300-P-S1726	0.4836422488521727	0.6165337281120934	1.3774547461801805
ELL-P-S319	-0.4787591814659808	0.6195516662532522	1.380963293471034
RAD9A-P-S328	-0.4787591814659808	0.6195516662532522	1.3777442648149245
SMARCA4-P-S657-S660-S662	-0.4787591814659808	0.6195516662532522	1.3745402083851224
ATRX-P-S731	-0.4749435295728325	0.6219201755713939	1.3765936136777488
CDC25B-P-S323	-0.4710653377749817	0.624336784302402	1.3787437320011378
EP300-A-K1180	-0.47011213429902576	0.6249321880207314	1.376871379611496
MDC1-A-K1740	-0.46168111268258133	0.6302232781124245	1.3853295099521958
PARP1-A-K700	-0.46168111268258133	0.6302232781124245	1.3821448444120759
VCP-P-S702	0.4597295043263989	0.6314544280987855	1.3816686339592692
POLR2A-P-S1821-S1822	-0.45952865724867537	0.6315812666125308	1.378783817730788
EP300-A-K977	-0.45754371636031244	0.6328361631286334	1.3783691772253797
TP53BP1-P-T302	-0.4447220606923774	0.6410024110421209	1.392975626729347
BRCA2-P-S2095	-0.4441172992785021	0.6413901818091003	1.3906505305588222
MCM7-P-T651	0.44289244235198605	0.6421762743430516	1.3891976547012954
COPS5-A-K194	-0.44150568594959033	0.6430674341709466	1.3879781271472467
EP300-P-S2315	0.4390782007700366	0.6446303670675827	1.3882107679062616
XRCC6-P-S324	-0.4390782007700366	0.6446303670675827	1.385084167077644
SMARCA4-P-S1659	-0.4371478328907604	0.6458759426449344	1.3846419085017245
TOP3A-P-S971	-0.4368433269654888	0.6460726456435546	1.3819580805918186
TOP2B-P-T1431	0.43589060027200877	0.64668846960837	1.3801807606406822
PARP1-P-S75	0.43416279662421337	0.6478067861426305	1.3794814151340837
XRCC6-A-K461	-0.43368653884209846	0.6481153826457479	1.3770647551092283
PARP1-A-K633	-0.43368653884209846	0.6481153826457479	1.3740046112089854
PRKDC-A-K2702	-0.43368653884209846	0.6481153826457479	1.3709580377916706
MLH1-P-S388	-0.4333088577114393	0.6483602098266561	1.3684416818022784
SMARCC1-P-S328	-0.43313013385436544	0.6484760976197778	1.3656648943250949
ATRX-P-S92	-0.4263925552348516	0.6528600081975124	1.371868827798297
MCM3-A-K435	-0.4262242096919379	0.652969923521657	1.3690841912959575
XRCC6-A-K526	-0.4262242096919379	0.652969923521657	1.3660818136834665
SUMO2-A-K33	-0.4262242096919379	0.652969923521657	1.3630925755791263
ATRX-P-S703	0.4241144460166691	0.6543489899879837	1.3629889442107783
PLK4-P-S665	-0.4241144460166691	0.6543489899879837	1.3600194693867897
TOP2B-P-S1424	-0.4241144460166691	0.6543489899879837	1.3570629053229053
TP53BP1-P-S993	0.4241144460166691	0.6543489899879837	1.3541191680011637
MDC1-P-T1589	-0.42004820308727875	0.6570151488931792	1.3566936191430585
PIAS1-P-S488	-0.42004820308727875	0.6570151488931792	1.3537633953436135
TP53BP1-P-S784-S786	0.42004820308727875	0.6570151488931792	1.350845801819166
ATR-P-T1989	-0.42004820308727875	0.6570151488931792	1.347940757084071
MNAT1-P-S279	0.41425560054066407	0.6608320206556868	1.3528621195397537
CLK2-P-S142	-0.4121864834609645	0.6622007750446488	1.352761326322473
TP53BP1-P-S124	0.40696369447382574	0.6656683573027902	1.356939343732611
KAT5-P-S180	0.4065333726796354	0.6659548705466657	1.354628883798548
SIRT6-P-S326-S330	0.4065333726796354	0.6659548705466657	1.351746694684083
TP53BP1-P-S1288	-0.405965403456875	0.6663332198520932	1.3496430822481886
PER1-P-S815	0.404278100614678	0.6674584748438068	1.3490580190698978
MRE11-P-S681	0.4018273111238001	0.6690962811990808	1.349509201403643
DTL-P-T429	-0.39657640744663714	0.6726188816464715	1.3537519263517592
MDC1-P-S1153	-0.3926571232767332	0.6752602389154427	1.356206879842805
ATRX-P-S84	-0.39220927572006964	0.67556272029127	1.353963939407293
ATRX-P-S1073-S1076	0.3920251682697603	0.6756871078712156	1.351374215742431
TP53BP1-A-K1667	-0.39021072666790635	0.6769142155905646	1.350996154128449
KDM4B-A-K602	0.38790177701552075	0.6784789822218521	1.3512921691850668
TP53BP1-P-S1216-S1219	0.38255222621631446	0.6821182655900799	1.355710052860284
TOP2B-P-S1581	0.3796171861254383	0.6841232509632096	1.3568681526380497
EP300-A-K1760-K1762	-0.37911130103195173	0.6844694262730612	1.3547382420425318
BRCA2-P-S844	-0.37543137183543296	0.686992865490078	1.3569175852536943
PIAS1-P-S510	0.37543137183543296	0.686992865490078	1.3541140365238313
ATRX-P-S108-S112	0.37543137183543296	0.686992865490078	1.3513220488196585
SMARCA4-P-S1453	0.37543137183543296	0.686992865490078	1.3485415507768197
TOP2B-P-S1340	-0.3699898219114513	0.6907413610283134	1.3531155203716858
BRCA1-P-T696	-0.36765806087052116	0.6923538841019367	1.353495093100917
WEE1-P-S165-T173	-0.3670882891567808	0.6927484801651587	1.3514970349234385
POLR2A-P-T1877	0.3670882891567808	0.6927484801651587	1.348738877709309
ABL1-P-S683	-0.3619547702528025	0.6963138612294602	1.3529193963602955
EP300-P-T887	0.3564114194450964	0.7001844914534859	1.3576748065988324
POLR2B-P-S75	-0.356338360266059	0.7002356482263195	1.3550198953507275
RBBP8-P-S347	-0.356338360266059	0.7002356482263195	1.3522769400969812
USP7-A-K327	-0.3510697990504988	0.7039346181728672	1.3566739913877075
YWHAE-A-K123	-0.3510697990504988	0.7039346181728672	1.3539387615663614
XRCC1-A-K169	-0.3510697990504988	0.7039346181728672	1.351214538706067
POLR2A-P-S1910-S1917	0.34750749682246923	0.706446717804084	1.353313591937944
CHEK2-P-S303	-0.34750749682246923	0.706446717804084	1.3506015406514953
ABL1-P-S16	-0.3456652936620223	0.7077493356552786	1.3503857324302717
ATRX-P-S925	-0.3425009336360442	0.7099924565106932	1.3519616836550925
ATRX-P-S1527	0.3425009336360442	0.7099924565106932	1.3492685328908391
BRCA1-P-S1191	0.34181281296103705	0.7104811851319669	1.3475130230932335
TP53BP1-P-S525	-0.33998473723448763	0.7117811864290493	1.3473001028835576
SUMO2-P-S28	-0.33998473723448763	0.7117811864290493	1.3446321818877487
SMARCC1-A-K854	-0.33838891153421585	0.7129179719538503	1.34411807360469
NBN-P-S488	0.33729458908909354	0.7136985611223152	1.3429357540644749
MDC1-P-S505	-0.33142951537373844	0.717896755117971	1.348176189729418
TOP2B-P-S1375	-0.3300739147402743	0.718870596334724	1.3473527483365948
MCM2-P-T106	0.32991658333713575	0.7189837061519503	1.3449224620960012
MCM4-P-S32	-0.3278054322852542	0.7205031927279629	1.3451272913160013
XPC-P-S122-S129	0.3278054322852542	0.7205031927279629	1.3425000895751498
TP53BP1-P-S1101	0.3278054322852542	0.7205031927279629	1.3398831303362118
ERCC4-P-S693-S697	-0.3188556440718421	0.7269804856748249	1.3492984111552195
APBB1-P-S205	-0.3188556440718421	0.7269804856748249	1.3466784142403552
TP53BP1-P-S1430	-0.3188556440718421	0.7269804856748249	1.3440685723522925
TP53BP1-P-S222	-0.3188556440718421	0.7269804856748249	1.341468826564377
DTL-P-S490	-0.3188556440718421	0.7269804856748249	1.3388791184049862
ABL1-P-S884	0.31707136972820016	0.7282787762125511	1.3386858429802964
ATRX-P-S25-S26-S29	0.31501345327726804	0.7297790562830263	1.3388638840269367
BRCA1-P-S1342	0.31501345327726804	0.7297790562830263	1.336294087704428
RBBP8-P-S889	-0.3141490410281425	0.7304101589655801	1.3348875319026121
ATRX-P-S675-S677	0.31365002013743304	0.7307747398528642	1.3330001946838097
TOPBP1-P-T822	0.31051057488092915	0.7330725722156156	1.334639759339117
EP300-P-S12	0.30808113280147953	0.7348556946892046	1.3353377766352403
TCEA1-P-S81	-0.30808113280147953	0.7348556946892046	1.3327991116606486
TP53BP1-P-T593	0.30808113280147953	0.7348556946892046	1.3302700810882375
TP53BP1-P-S500-S507	-0.3048856513351773	0.7372076682846542	1.3320002188325004
POLG2-A-K288	-0.30430784256507387	0.7376337564276549	1.3302506684914608
PARG-P-S197-T199-S201	0.3023972372234284	0.7390444306145535	1.3302799751061962
EP300-A-K291	-0.30072382895282573	0.7402821890258272	1.3299985090972488
PARP1-A-K192	0.30072382895282573	0.7402821890258272	1.3274985118996976
PRKDC-A-K263	0.30072382895282573	0.7402821890258272	1.32500789555467
KDM4B-P-S622	0.29970542659128774	0.7410364781750689	1.3238741576386062
PRKDC-A-K1407	0.29560775052425736	0.7440792354758038	1.3268254030727415
NFRKB-P-S238	-0.2910879229816755	0.7474499571000623	1.3303493639430215
ATRX-P-S25	0.28893937652741575	0.7490576144999835	1.3307280525753897
SMARCA4-P-S699	0.2886120494821939	0.7493028414481554	1.3286894251701493
TP53BP1-P-S1460	-0.2883976516503973	0.7494635075753401	1.3265086942984683
TP53BP1-P-S771	-0.2883447653563274	0.7495031449709246	1.324122222781967
ATRX-P-S784	-0.2883447653563274	0.7495031449709246	1.3216746770836638
EP300-P-S2326	0.2883447653563274	0.7495031449709246	1.3192361629193028
TP53BP1-P-S635	0.2883447653563274	0.7495031449709246	1.3168066303909063
MDC1-P-S1033	-0.2883447653563274	0.7495031449709246	1.3143860299673935
TP53BP1-P-S999-S1002	-0.2832912067002117	0.753300389795394	1.3186212327794604
PARG-P-S133	-0.27738239311608387	0.7577646777052012	1.3240064148915054
MRE11-P-S275	-0.2737083331421401	0.760553871271904	1.3264504445948746
TOP2A-P-S1351-S1354	-0.2722116812606149	0.761693007887188	1.3260130100809806
TP53BP1-P-S119	-0.2711306604867234	0.7625168590719348	1.3250292960922145
MLH1-P-S477	-0.2705175219262382	0.7629845309204225	1.3234313499965147
TP53BP1-P-S809	-0.2701519176173809	0.7632635323514734	1.3215125405867614
MCM3-P-S672-T674	-0.26887439995439527	0.7642392381035311	1.320804770200668
TOP2B-P-S1452	-0.26887439995439527	0.7642392381035311	1.3184163348115165
NEIL1-P-S306	-0.26887439995439527	0.7642392381035311	1.3160365219327954
DBF4-P-S413	0.26887439995439527	0.7642392381035311	1.31366528495634
SMARCC1-P-S830	-0.26887439995439527	0.7642392381035311	1.3113025776092961
WEE1-P-S165	0.26887439995439527	0.7642392381035311	1.3089483539511106
CLK2-P-S97	-0.26887439995439527	0.7642392381035311	1.306602568370553
TFPT-P-T207	0.26887439995439527	0.7642392381035311	1.3042651755827706
BLM-P-T171	0.264413840571703	0.7676557868020484	1.3077564653734897
POLR2A-P-T1919	-0.26178026199374255	0.7696801331049189	1.3088678199324288
XRCC6-P-S560	0.26178026199374255	0.7696801331049189	1.3065388736336168
TP53BP1-P-S359-S360	0.26178026199374255	0.7696801331049189	1.3042182006786724
KDM4B-P-S566	0.2577983090365261	0.7727510732990188	1.3071002197291914
NBN-P-S397	0.2563930441060729	0.7738377566424635	1.3066216280299294
EP300-A-K1769-K1772	-0.2542187726267248	0.7755221204749317	1.3071521253234715
UBE2I-A-K65	-0.2542187726267248	0.7755221204749317	1.304846742386393
POLK-A-K870	0.2542187726267248	0.7755221204749317	1.3025494769948678
PRKDC-A-K3598	0.2542187726267248	0.7755221204749317	1.3002602863498856
SMARCA4-A-K455	-0.2542187726267248	0.7755221204749317	1.2979791279527806
RUVBL2-A-K427	-0.2542187726267248	0.7755221204749317	1.2957059596026004
TOP1-A-K150	-0.2542187726267248	0.7755221204749317	1.293440739393505
TOP1-A-K172	-0.2542187726267248	0.7755221204749317	1.29118342571219
YWHAE-A-K50	-0.2542187726267248	0.7755221204749317	1.2889339772353394
PARP1-A-K683	0.2542187726267248	0.7755221204749317	1.2866923529271042
VCP-A-K236	0.2542187726267248	0.7755221204749317	1.2844585120366057
PRKDC-A-K1970	-0.2542187726267248	0.7755221204749317	1.2822324140954677
YWHAG-A-K69	0.2542187726267248	0.7755221204749317	1.2800140189153717
VCP-A-K696	0.2542187726267248	0.7755221204749317	1.2778032865856388
PARP1-A-K400	-0.2542187726267248	0.7755221204749317	1.275600177470836
PARP1-A-K654	-0.2542187726267248	0.7755221204749317	1.2734046522084077
PRKDC-A-K2786	-0.2542187726267248	0.7755221204749317	1.2712166717063313
EP300-A-K1546	-0.2542187726267248	0.7755221204749317	1.2690361971407973
RAD9A-A-K2	-0.2542187726267248	0.7755221204749317	1.2668631899539124
SUMO1-A-K16	-0.2542187726267248	0.7755221204749317	1.264697611851427
SUMO2-A-K11	-0.2542187726267248	0.7755221204749317	1.2625394248004862
PRKDC-A-K3267	0.2542187726267248	0.7755221204749317	1.2603885910274018
SUMO2-A-K21	0.2542187726267248	0.7755221204749317	1.2582450730154504
ATRX-A-K866	0.2542187726267248	0.7755221204749317	1.2561088335026909
TOP2B-A-K1429	-0.2542187726267248	0.7755221204749317	1.2539798354798048
XRCC6-A-K392	0.2542187726267248	0.7755221204749317	1.2518580421879608
XRCC6-A-K94	0.2542187726267248	0.7755221204749317	1.2497434171166975
FEN1-A-K200	-0.2542187726267248	0.7755221204749317	1.2476359240018295
PRKDC-A-K689	0.2542187726267248	0.7755221204749317	1.2455355268233752
XPC-A-K81	0.2542187726267248	0.7755221204749317	1.243442189803504
PRKDC-A-K2908	-0.2542187726267248	0.7755221204749317	1.2413558774045048
EP300-A-K1760	-0.2542187726267248	0.7755221204749317	1.2392765543267754
ELL-A-K355	0.2542187726267248	0.7755221204749317	1.237204185506831
MAPK8-A-K308	0.2542187726267248	0.7755221204749317	1.2351387361153336
EP300-A-K1542	-0.2542187726267248	0.7755221204749317	1.2330801715551414
TOP1-A-K615	0.2542187726267248	0.7755221204749317	1.2310284574593757
MTOR-A-K230	-0.2542187726267248	0.7755221204749317	1.2289835596895098
PARP1-A-K108	-0.2542187726267248	0.7755221204749317	1.2269454443334742
PCLAF-A-K93	-0.2542187726267248	0.7755221204749317	1.2249140777037828
TP53BP1-A-K217	-0.2542187726267248	0.7755221204749317	1.2228894263356775
TOP2B-A-K270	-0.2542187726267248	0.7755221204749317	1.2208714569852885
PRKDC-A-K1892	-0.2542187726267248	0.7755221204749317	1.218860136627817
MDC1-A-K1025	-0.2536526447643801	0.7759612894563661	1.2175445232588378
MSH6-P-S43	-0.25297832095377454	0.7764847150893044	1.216365218711324
CDK7-P-S164	-0.2510213435073709	0.7780057660099462	1.2167500012680144
KAT5-P-S86-S90	-0.2510213435073709	0.7780057660099462	1.2147585937372973
YY1-A-K351	-0.2508059431994704	0.7781733667414696	1.2130349540381733
YWHAG-A-K120	0.24476523407614598	0.7828883121669769	1.2183938822304992
NBN-A-K544	0.24476523407614598	0.7828883121669769	1.216409527373446
XPC-P-S883-S884	0.24431236775363657	0.783242936210426	1.214981725438612
PARP1-A-K852	0.24367225196521097	0.783744462880512	1.2137860675130008
TOP2B-P-S1522-S1524-S1526	-0.24076227707972891	0.7860284611612152	1.2153503273059956
SUMO1-A-K45	-0.2282620864387682	0.7959156338035975	1.228646463832738
PTEN-P-T366-S370	-0.2271606312486792	0.7967927821904651	1.2280134316796507
TFPT-P-S249	-0.22244847502373505	0.8005562543295824	1.2318236558555187
PARP1-A-K621	-0.2205820429382226	0.8020518334732082	1.2321375992486967
APEX1-A-K24	0.2205820429382226	0.8020518334732082	1.2301566706325413
MRE11-P-S619	0.21739969063739675	0.804608310618775	1.2320968352011419
TOP1-P-S112	0.21739969063739675	0.804608310618775	1.2301223210421657
KDM4B-P-T1065	0.21739969063739675	0.804608310618775	1.2281541253284982
UBA7-P-S24	-0.21739969063739675	0.804608310618775	1.2261922177800502
PARP1-A-K600	-0.2144210389510168	0.8070085314563615	1.2278885789623109
ERCC1-A-K37	0.20961049582452326	0.8109000334148398	1.2318449552193587
ATRX-A-K1274	0.20961049582452326	0.8109000334148398	1.2298865371665457
CDC25C-P-S263	-0.20646432938561082	0.8134552773889725	1.231803705760444
TP53BP1-P-T922	-0.20646432938561082	0.8134552773889725	1.229851560426434
RBBP8-P-S568	-0.20573004288566035	0.8140528059692098	1.228807558377573
SIRT6-P-S338	0.20573004288566035	0.8140528059692098	1.22686631420952
MDC1-P-S998	-0.2030872338116707	0.8162070374689679	1.2281727346141884
COPS5-P-S284	0.2030523381483279	0.8162355200519219	1.2262813954795804
EP300-A-K1674	-0.20231057591130364	0.8168411973437149	1.2252617960155723
TOP1-P-S394	-0.20156681356530495	0.8174489590560812	1.2242485195282597
TP53BP1-P-S1635	-0.1988450627829036	0.8196768819500477	1.225661042915902
ABL1-P-T852	-0.1988450627829036	0.8196768819500477	1.2237429505169726
TP53BP1-P-S1656	-0.1988450627829036	0.8196768819500477	1.2218308521567898
CDC25C-P-T48	0.1988450627829036	0.8196768819500477	1.2199247197821304
TP53BP1-P-S630	0.1988450627829036	0.8196768819500477	1.218024525514557
TFPT-P-S167	-0.19709260031090825	0.8211145943253695	1.218263332793783
MDC1-P-T1671	0.19709260031090825	0.8211145943253695	1.2163716195441032
CLK2-P-S75	-0.19709260031090825	0.8211145943253695	1.214485772071942
DDB2-P-T148	0.19504396252361986	0.8227984849630644	1.215092499465578
PRKDC-A-K2835	-0.19339486249824347	0.8241564813937113	1.215216821096755
PARP1-A-K505	0.19339486249824347	0.8241564813937113	1.2133414864962973
ATRX-P-S889	0.1911373373627559	0.8260191370709649	1.214209948791526
ATRX-P-S729	0.19102027761784676	0.8261158363201248	1.2124838582298447
TOP2B-P-S1466-S1476	-0.19075774882862281	0.8263327439813997	1.2109392285073044
BRCA1-P-S114	0.19021164095961413	0.8267841340379201	1.2097424292518033
NFRKB-A-K1249	-0.18879321517659323	0.8279576980806193	1.209604355235698
XRCC6-A-K516	0.18879321517659323	0.8279576980806193	1.2077548072919126
TP53BP1-A-K1669	0.18879321517659323	0.8279576980806193	1.2059109068227647
RUVBL1-A-K33	0.18879321517659323	0.8279576980806193	1.2040726280013885
XRCC5-A-K565	-0.18879321517659323	0.8279576980806193	1.2022399451581596
SUMO2-A-K45	-0.18879321517659323	0.8279576980806193	1.2004128327794996
PRKDC-A-K3691	-0.18879321517659323	0.8279576980806193	1.1985912655066933
PARP1-A-K148	-0.18879321517659323	0.8279576980806193	1.1967752181347133
XRCC6-A-K114	-0.18879321517659323	0.8279576980806193	1.1949646656110602
RRM1-A-K496	-0.18879321517659323	0.8279576980806193	1.1931595830346085
PARP1-A-K548	0.18879321517659323	0.8279576980806193	1.1913599456544657
MRE11-P-S667	-0.18835550000109114	0.8283201870574184	1.1900865338144233
PRKDC-A-K1051	0.18818971475063687	0.8284575217108014	1.188493948439255
MCM4-P-T110	-0.18744596706899871	0.829073914263762	1.1875923636751184
MDC1-P-T1425	0.18718002522240387	0.8292944290322376	1.1861272643129757
TP53BP1-P-S727	0.1861918390196976	0.830114331386365	1.1855225630877129
TP53BP1-P-S103	0.18462923164761416	0.8314124881507796	1.1856016647172554
MCM4-P-S326	-0.18462923164761416	0.8314124881507796	1.1838321099937967
USP7-A-K869	0.18313981361100373	0.8326517315531409	1.183829734577789
PCNA-A-K80	-0.18313981361100373	0.8326517315531409	1.1820680831870483
PER1-P-S645	-0.18262861302302086	0.8330774924232275	1.1809151972834457
BARD1-P-S330	-0.18262861302302086	0.8330774924232275	1.1791630975842122
RECQL4-P-S251	-0.181462296927152	0.8340496909469338	1.1787902298716666
YWHAE-A-K153	-0.1800882124829398	0.8351965334017056	1.1786649302740047
MCM10-P-S150	-0.1790282736098261	0.8360822599992498	1.178172047325383
XRCC5-P-S695	0.1790282736098261	0.8360822599992498	1.1764343304414222
MSH6-P-S274-S275	-0.1790282736098261	0.8360822599992498	1.1747017320166189
TOP2B-P-S1336-S1340-S1342	-0.1790282736098261	0.8360822599992498	1.1729742294695358
POLR2C-P-S124	-0.17878994600141102	0.8362815452313568	1.171530975258024
SMARCC1-P-S573	-0.1779464647492821	0.8369872306106155	1.1708003196517995
MRE11-P-S678	0.17738240622625634	0.8374594735655162	1.1697457361368995
XRCC6-A-K287	0.17649478240436756	0.8382031525488829	1.169072818028705
USP7-A-K277	0.17649478240436756	0.8382031525488829	1.167366142381948
PARP1-A-K84	-0.17649478240436756	0.8382031525488829	1.1656644424659393
APEX1-A-K197	0.17649478240436756	0.8382031525488829	1.1639676965525974
APEX1-A-K98	0.17649478240436756	0.8382031525488829	1.1622758830401663
EP300-A-K1560	0.17649478240436756	0.8382031525488829	1.1605889804522995
YWHAE-A-K142	0.17649478240436756	0.8382031525488829	1.1589069674371513
PRKDC-A-K3608	0.17649478240436756	0.8382031525488829	1.1572298227664752
PARG-P-S316	0.17588626435658777	0.8387133695172874	1.1562609169356823
TERF1-P-T344	-0.17502452484651962	0.8394364334670644	1.1555878175001146
TP53BP1-P-T548	0.17502452484651962	0.8394364334670644	1.153922705371152
ATRX-P-S634	-0.17502452484651962	0.8394364334670644	1.152262384931769
VCP-P-S7	0.17115889045048222	0.842687667810582	1.155063268809332
KAT5-P-S199	-0.17115889045048222	0.842687667810582	1.1534060761711553
MDC1-P-S453	-0.17115889045048222	0.842687667810582	1.151753631935953
PRKDC-A-K832	0.1693811263041967	0.8441871001565587	1.1521523512866338
PMS2-A-K210	-0.1693584863749414	0.8442062127091371	1.1505324670350239
MRE11-A-K416	-0.1693584863749414	0.8442062127091371	1.14889119390088
MDM2-P-S166	-0.1689801302572721	0.844525683727386	1.1476887496808066
MCM3-P-S672-T674-S681	-0.1689801302572721	0.844525683727386	1.1460561910041625
NFRKB-P-S351	-0.1689801302572721	0.844525683727386	1.1444282702783044
DDB2-P-S24-S26	-0.1689801302572721	0.844525683727386	1.1428049677672714
ATRX-P-S54	-0.1689801302572721	0.844525683727386	1.141186263846921
WEE1-P-T187	-0.1689801302572721	0.844525683727386	1.139572139004139
PARG-P-S291	-0.1689801302572721	0.844525683727386	1.1379625738360541
ATRX-P-S598	0.1689801302572721	0.844525683727386	1.1363575490492612
NBN-P-S604	-0.1689801302572721	0.844525683727386	1.134757045459051
TOP2A-P-S1374	-0.1689801302572721	0.844525683727386	1.1331610439886446
CCNH-P-T315	0.1689801302572721	0.844525683727386	1.1315695256684357
TP53BP1-P-S724	-0.1689801302572721	0.844525683727386	1.1299824716352402
TP53BP1-P-S1327	-0.1689801302572721	0.844525683727386	1.1283998631315493
TP53BP1-P-S366	0.16871261865619136	0.8447516343660548	1.1271231596996032
ATRX-P-S1082	-0.16652887627958723	0.8465983699712433	1.1280095599896174
TTK-P-S258	-0.16641567856104897	0.8466942083994856	1.1265638421382278
ATRX-P-S313	-0.16630773035951615	0.8467856124498933	1.1251162594389947
EP300-A-K1794	-0.1658286791326062	0.8471913633164326	1.1240897922167965
POLB-A-K81	0.1658286791326062	0.8471913633164326	1.1225285563942733
RFC2-A-K176	-0.1658286791326062	0.8471913633164326	1.1209716513229913
TOP2B-A-K1209	-0.16538643094960567	0.8475661150180347	1.1199142295390654
TP53BP1-P-S500	-0.16499184439791859	0.8479006191997721	1.1188066261640146
RUVBL1-A-K171	-0.16480731454463826	0.8480570966135624	1.1174675002338932
PRKDC-A-K3455	-0.1648005800097851	0.8480628079028685	1.1159336810197746
EP300-A-K1583	-0.16361621215084157	0.8490678212701991	1.1157172196856335
PRKDC-A-K520	0.16361621215084157	0.8490678212701991	1.114182533001059
TOP2B-A-K1481	0.16361621215084157	0.8490678212701991	1.112652062488695
XRCC1-P-S475	-0.163307406596479	0.8493300586175286	1.1114689655982473
TCEA1-P-S135	-0.16314918440493842	0.8494644521124807	1.1101220374182281
ATRX-P-S1996	0.16314918440493842	0.8494644521124807	1.1086034026201184
VCP-P-S705	-0.16159335509974979	0.8507871024430645	1.1088126990856333
PMS2-P-S529	-0.16143443811596425	0.8509223177069448	1.1074759769337317
EP300-P-S2320-S2328	-0.16143443811596425	0.8509223177069448	1.1059671540768738
TOP2A-P-S1351	0.16143443811596425	0.8509223177069448	1.1044624368604428
TP53BP1-P-S639-S640	-0.1527263951639375	0.8583645423758065	1.1126083878077708
TP53BP1-P-T864	0.1527263951639375	0.8583645423758065	1.1110987427768242
XRCC6-A-K463	-0.14854189954173422	0.8619638905218642	1.1142460048209464
PRKDC-A-K3260	0.14726588053094025	0.8630644748667283	1.114159010856372
BRCA1-P-S1009	0.1470824427954503	0.8632228079812697	1.1128575119109883
XRCC5-A-K144	-0.14688592766494163	0.8633924609931841	1.1115740995782695
EP300-A-K1336	-0.14688592766494163	0.8633924609931841	1.110076021276951
PRKDC-A-K681	-0.14688592766494163	0.8633924609931841	1.1085819754878838
DDB2-P-S26	-0.14641568209380076	0.8637985629504625	1.1076126734606737
TP53BP1-P-S1094	-0.14581205819260884	0.8643201298081488	1.1067938306536562
SOD1-A-K123	0.14332762812037267	0.8664701424027627	1.1080596727241763
EP300-A-K14	-0.14332762812037267	0.8664701424027627	1.1065763264420825
SMARCC1-P-S816	-0.14330524883826998	0.8664895335994928	1.105121677879567
TP53BP1-P-S1326	0.14330524883826998	0.8664895335994928	1.1036462150252553
TOP2B-P-S1473	-0.14267942061173441	0.8670319769280856	1.102864674652525
POLR2A-P-S1875	-0.1399688693406953	0.8693852995151055	1.104385586867391
YWHAE-A-K69	-0.13040548198640442	0.8777394512175349	1.113515208060543
SMARCA4-A-K626	-0.13040548198640442	0.8777394512175349	1.1120364362038888
MDC1-P-T1280	-0.12842833040027574	0.8794765918950482	1.112759507517077
ATRX-P-S849	0.12842833040027574	0.8794765918950482	1.1112856538647364
TP53BP1-P-S265	0.12842833040027574	0.8794765918950482	1.1098156992961323
DTL-P-S697	-0.12842833040027574	0.8794765918950482	1.1083496283591494
PARG-P-S197	-0.12842833040027574	0.8794765918950482	1.1068874256832137
TP53BP1-P-S1462-S1474	-0.12842833040027574	0.8794765918950482	1.1054290759787564
BRCA1-P-S1217-S1218	0.12684996473223376	0.8808658236229652	1.1057184154425115
TOP1-A-K148	-0.12556186456870785	0.8820011981154684	1.1056887555875912
TOP2B-P-T1317	-0.11958199104033929	0.8872912549034742	1.110860704957893
SMARCC1-A-K750	-0.1173589644847176	0.8892659209800508	1.1118737727588053
TOP1-A-K101	0.1173589644847176	0.8892659209800508	1.1104184405955084
RUVBL1-A-K445	-0.1173589644847176	0.8892659209800508	1.1089669132221809
NBN-A-K334	0.1173589644847176	0.8892659209800508	1.1075191757375566
ATRX-P-S704	-0.11643559950233884	0.890087417203562	1.107096996104561
USP7-P-S18	0.11612466424064659	0.8903642197991728	1.105999304281785
ATRX-P-S1348-S1352	-0.11612466424064659	0.8903642197991728	1.1045610737170493
TP53BP1-P-S484	0.11612466424064659	0.8903642197991728	1.103126578816118
USP7-A-K934	-0.11500041769765644	0.8913657715853598	1.102935079237916
TOP2B-P-S1342-S1344	-0.11493625777427222	0.891422963379663	1.1015770816893764
XRCC1-P-T257	0.11493625777427222	0.891422963379663	1.1001520143133228
AURKA-P-S10	0.11493625777427222	0.891422963379663	1.0987306292819101
XRCC6-A-K282	-0.11387662970475297	0.8923680408003268	1.09847627215937
XRCC1-A-K298	-0.11387662970475297	0.8923680408003268	1.097060709952979
SUMO2-A-K42	-0.11387662970475297	0.8923680408003268	1.095648791407351
XRCC5-A-K338	-0.11387662970475297	0.8923680408003268	1.09424050247238
PRKDC-A-K3877	0.11387662970475297	0.8923680408003268	1.092835829170105
TP53BP1-P-S552	-0.1138364734581122	0.8924038756709597	1.0914785863975585
RAD9A-P-S375	0.1138364734581122	0.8924038756709597	1.0900810465942326
PARP1-P-S257	-0.1138364734581122	0.8924038756709597	1.0886870810615032
TERF1-P-S435	-0.1138364734581122	0.8924038756709597	1.0872966761048475
XRCC5-A-K347	-0.10739974826227279	0.8981665606959601	1.0929220649285025
PRKDC-P-T2603	0.10472801615997505	0.900569429611054	1.094449981973179
CDC25B-P-S160	-0.10458362699888747	0.9006994714635878	1.093215389028324
TP53BP1-P-S580	-0.10376125057099332	0.9014404901339169	1.0927245585613174
TP53BP1-P-S566-S580	0.10301490981994532	0.9021135230310462	1.0921526662076373
EP300-P-S499	0.10301490981994532	0.9021135230310462	1.090768442296094
TP53BP1-P-S1317	0.1021366031682503	0.9029062033961694	1.0903449595442352
UNG-P-S12	0.10149836906481814	0.9034826528626638	1.0896617583198245
TP53BP1-P-S659-S660-S662	0.10149836906481814	0.9034826528626638	1.0882859227663904
YWHAE-A-K106	-0.09820400546385451	0.9064639612890355	1.0905001501509959
RFC2-A-K192	-0.09820400546385451	0.9064639612890355	1.0891267242691938
TOP2B-P-S1454	-0.0953750088591905	0.909031975496811	1.0908383705961733
PARG-P-S286	-0.09398241633885751	0.9102987684851258	1.090986212480917
NFRKB-P-S1303	0.09398241633885751	0.9102987684851258	1.0896173464677665
HLTF-P-S397-S398-S400	-0.09322718042160477	0.9109865184845776	1.0890741085642694
TP53BP1-P-S862	0.0930708896659662	0.9111289083827506	1.0878810745896672
RAD9A-P-S387	0.09274334253565315	0.9114273949235729	1.0868771684463607
RAD9A-P-S341	0.09274334253565315	0.9114273949235729	1.0855202681112217
MDC1-P-T341	0.09274334253565315	0.9114273949235729	1.084166751567442
XRCC5-A-K660	0.09261216304986927	0.9115469633428588	1.0829586588157998
EP300-A-K1800	0.09261216304986927	0.9115469633428588	1.08161169530981
ATRX-P-S917	-0.09064446465796369	0.91334237867541	1.0823958127407964
BRCA1-P-S1524	-0.09064446465796369	0.91334237867541	1.0810528898962048
NFRKB-A-K1061	-0.09033392791208834	0.9136260490883178	1.0800486379557066
TOP2A-P-S1474	0.09030095066720073	0.9136561784550633	1.0787475176313495
TP53BP1-P-S1362	-0.08835323224367138	0.9154374575785721	1.0795146285908006
TP53BP1-P-S507	0.08736292684912852	0.9163444692663365	1.079250152691463
EP300-A-K1542-K1546	-0.08474942252638099	0.9187424717278456	1.0807402195170959
ABL1-P-S569	-0.08300673793341257	0.9203449459762704	1.0812919685484752
DDB2-P-S24	0.08181249822766413	0.9214447150169596	1.0812524700199009
EP300-P-S1038	-0.08181249822766413	0.9214447150169596	1.0799241500321615
PLK4-P-S401	-0.08181249822766413	0.9214447150169596	1.0785990897253737
ATRX-P-S871	-0.08181249822766413	0.9214447150169596	1.077277277115416
ATRX-P-S596-S598	0.08181249822766413	0.9214447150169596	1.0759587002768414
BRCA1-P-S1542	0.0781283027118303	0.9248457587121323	1.0786098457351763
XRCC5-A-K543	-0.07745386127375047	0.9254697234058108	1.0780196778133622
XRCC6-A-K317	0.07566864027080904	0.9271233670140896	1.0786288928432213
YWHAE-A-K94	0.07566864027080904	0.9271233670140896	1.0773150939481626
TOP2B-A-K203	0.07566864027080904	0.9271233670140896	1.0760044916440894
TCEA1-A-K199	-0.07540025189803436	0.9273722295403343	1.074985549187702
TP53BP1-A-K1626	-0.07540025189803436	0.9273722295403343	1.0736809550746103
PARP1-A-K662	0.07540025189803436	0.9273722295403343	1.0723795236139138
PRKDC-A-K3631	0.07540025189803436	0.9273722295403343	1.0710812433189816
ATRX-P-S875	0.07509752042555931	0.9276530168003414	1.0701100097068026
NFRKB-P-S1291	-0.07484456556415799	0.9278877008216153	1.0690880031205567
TOP2B-P-S1336-S1340	-0.07280086651532422	0.9297859631109197	1.0699828815534589
SOD1-A-K24	-0.07252672919551265	0.9300408870833361	1.068986754551208
XPC-P-S61	0.07153295123318565	0.9309656006248486	1.0687619530639056
PARP1-A-K105	0.07047495365096772	0.931951081205548	1.0686073695554
TP53BP1-P-T1638	-0.06995626095335762	0.9324346028146224	1.0678782846160262
NBN-P-S509	0.06623052145238968	0.935915090916307	1.0705791327747685
PIAS1-P-S485	-0.06623052145238968	0.935915090916307	1.0692970020768344
XPC-P-S903	0.06587975100255436	0.9362434398579417	1.0683926335221008
NFRKB-P-S363	0.06540652419287364	0.9366866002034782	1.0676212862534267
TP53BP1-P-S1462	0.06540652419287364	0.9366866002034782	1.0663472751719787
TOP2A-P-S1377	-0.06462322107240323	0.9374205971738495	1.0659109054873093
ABL1-P-S919	0.0644281538896787	0.9376034750049199	1.0648496608984448
EYA3-A-K13	0.06189491812254274	0.9399816566387925	1.0662812133572035
VCP-A-K60	0.06189491812254274	0.9399816566387925	1.0650148461204372
KAT5-A-K104	0.06189491812254274	0.9399816566387925	1.0637514833136512
XRCC5-A-K155	0.06189491812254274	0.9399816566387925	1.0624911142575926
EP300-A-K1769	0.06189491812254274	0.9399816566387925	1.0612337283235598
XRCC5-A-K702	-0.06189491812254274	0.9399816566387925	1.0599793149331065
ATM-A-K2440	-0.06189491812254274	0.9399816566387925	1.0587278635577426
KAT5-A-K76	-0.060882430336721145	0.9409338585500937	1.0585505908688555
MCM7-A-K28	0.060882430336721145	0.9409338585500937	1.0573037703849109
MRE11-A-K673	-0.060882430336721145	0.9409338585500937	1.0560598835962227
TOP2B-A-K37	-0.060882430336721145	0.9409338585500937	1.0548189201607396
ATRX-A-K967	0.060882430336721145	0.9409338585500937	1.053580869784964
TOP2B-A-K28	0.060882430336721145	0.9409338585500937	1.0523457222236687
PRKDC-A-K2829	0.060882430336721145	0.9409338585500937	1.051113467279613
PCNA-A-K13	-0.060882430336721145	0.9409338585500937	1.0498840948032624
PARP1-A-K119	0.060882430336721145	0.9409338585500937	1.048657594692511
POLB-A-K230	-0.060882430336721145	0.9409338585500937	1.047433956892403
TOP2B-A-K1422	-0.060882430336721145	0.9409338585500937	1.0462131713948595
VCP-A-K524	-0.060882430336721145	0.9409338585500937	1.0449952282384045
ATRX-A-K623	0.060882430336721145	0.9409338585500937	1.0437801175078947
PRKDC-A-K3825	-0.060882430336721145	0.9409338585500937	1.0425678293342502
TOP1-A-K673	0.060882430336721145	0.9409338585500937	1.0413583538941873
MDC1-P-S329-T331	-0.0599378809615619	0.9418230369085764	1.0411346201747183
SMARCA4-P-S1602-S1607-S1618	-0.0599378809615619	0.9418230369085764	1.0399296032532197
XRCC6-A-K468	-0.05845873240326825	0.9432171639020718	1.0402649414596261
KAT5-A-K52	0.05837286307339128	0.9432981608053896	1.0391529392706025
TOP2B-A-K1318	0.05837286307339128	0.9432981608053896	1.0379543776336122
SOD1-A-K92	-0.05837286307339128	0.9432981608053896	1.03675857765938
SIRT6-P-S326	-0.05813104298098834	0.9435262968366255	1.0358159806468823
TP53BP1-P-S1971	-0.05657301256536658	0.9449974852856071	1.0362386217959416
ATRX-P-S1352	-0.05394039998808453	0.9474885751493842	1.037777383114251
TP53BP1-P-S1094-S1101	0.05394039998808453	0.9474885751493842	1.0365872714363675
YY1-P-S187	0.05358563469109337	0.9478247708469	1.035767275358468
PRKDC-A-K3355	-0.05303207607690427	0.9483495926599602	1.0351550473656774
PARP1-A-K15	-0.05303207607690427	0.9483495926599602	1.033972013025831
EP300-A-K1707	0.05303207607690427	0.9483495926599602	1.032791679677628
PRKDC-A-K4043	0.05303207607690427	0.9483495926599602	1.0316140380816443
POLB-A-K72	-0.05303207607690427	0.9483495926599602	1.030439079040549
APEX1-P-T19	0.052270211858818805	0.9490723815793901	1.0300512537278022
TP53BP1-P-S294	-0.052270211858818805	0.9490723815793901	1.0288807409394751
CLK2-P-S17	-0.052270211858818805	0.9490723815793901	1.027712885387898
TOP2B-P-S1336	-0.05219071437960417	0.9491478334403946	1.026629289231447
MTOR-P-S1261	0.05219071437960417	0.9491478334403946	1.0254666286547411
BRCA1-A-K1079	0.05036574935691256	0.9508815765668833	1.0261776290099625
SMARCA4-P-S1659-S1663	0.0493810503685621	0.9518183698473722	1.0260279376659809
PIAS1-P-T508	0.04866049802119439	0.9525044519573866	1.0256086311143868
MDC1-P-S498	-0.04866049802119439	0.9525044519573866	1.0244523643374823
ATRX-P-S1348	0.04866049802119439	0.9525044519573866	1.0232987017650301
ATRX-P-S677	-0.04866049802119439	0.9525044519573866	1.022147634608939
PRKDC-A-K2359	-0.047958244773463596	0.9531735862256091	1.0217164059092485
PARP1-A-K518	0.047958244773463596	0.9531735862256091	1.0205696983829753
TP53BP1-P-T1545	0.046104205098750344	0.954942447133812	1.0213173705893013
NFRKB-A-K1208	-0.04354223766489605	0.9573921152296142	1.0227906807716147
VCP-A-K502	0.04354223766489605	0.9573921152296142	1.0216466196074405
COPS5-A-K326	0.04350602098534608	0.9574267894209434	1.0205420749805363
XRCC1-A-K260	-0.04350602098534608	0.9574267894209434	1.0194030771289955
VCP-A-K658	0.04350602098534608	0.9574267894209434	1.0182666188490301
EP300-A-K1590	-0.04350602098534608	0.9574267894209434	1.017132691656548
PRKDC-A-K2366	0.04275102870226928	0.9581499122002771	1.016768649876601
ATRX-A-K448	-0.04275102870226928	0.9581499122002771	1.0156389069322938
KAT5-P-T158	-0.042292538977222155	0.95858931481317	1.0149769215668858
KAT5-P-T139	0.042292538977222155	0.95858931481317	1.0138516699908693
ATRX-P-S1995-S1996	0.042062902822575146	0.958809466853776	1.012961496543192
YWHAE-A-K78	0.041668755732097405	0.9591874533016949	1.0122398566922752
TCEA1-A-K265	0.041668755732097405	0.9591874533016949	1.0111213596130573
VCP-A-K109	0.041668755732097405	0.9591874533016949	1.0100053316223145
TP53BP1-P-S1705	0.03829343783614693	0.9624304859325065	1.0123028484890972
RUVBL2-A-K365	-0.03671226208759489	0.9639534614051702	1.0127881081283396
CLK2-P-S98	0.03611647661801737	0.964527941987423	1.0122768500066024
SOD1-A-K137	0.03541485318685274	0.9652049148537756	1.011874163484068
TOP2B-A-K1322	0.03541485318685274	0.9652049148537756	1.010763434435238
PRKDC-A-K3642	0.03533551987986121	0.9652814907890663	1.0097352436543523
XRCC5-P-S145	-0.033849780934310875	0.9667167130121151	1.0101289640893296
POLR2A-P-S1920	0.033849780934310875	0.9667167130121151	1.0090237901680064
CLK2-P-S76	-0.033849780934310875	0.9667167130121151	1.0079210319273857
SMARCA4-P-S695-S699	-0.031983311763840054	0.9685227448806257	1.0087016360437957
CDA-A-K51	-0.030864043526127687	0.9696073885168249	1.0087300421429126
TCEA1-A-K186	-0.030864043526127687	0.9696073885168249	1.0076312076743474
USP7-A-K914	-0.029663591173225905	0.9707720549111523	1.0077437871438946
NBN-A-K233	-0.029663591173225905	0.9707720549111523	1.0066484134622165
NFRKB-P-S176	0.028556849865620966	0.9718470432018369	1.0066689242286129
SMARCC1-P-S357	-0.028556849865620966	0.9718470432018369	1.0055770924235925
POLR2A-P-S1889	-0.028556849865620966	0.9718470432018369	1.0044876264513027
YWHAG-A-K142	0.027817236274163236	0.9725661003632531	1.0041429218036184
PRKDC-A-K1412	-0.026894256227840335	0.9734641738558202	1.003983591198327
XRCC5-A-K648	0.026576548498235434	0.9737735000834125	1.0032180551615286
TOP2B-P-S1613	-0.02624049112886478	0.9741007988367121	1.002472666763995
PRKDC-A-K3264	-0.02460245931776985	0.9756977144746635	1.0030340728543414
EP300-A-K1558-K1560	0.02460245931776985	0.9756977144746635	1.001954380633831
YY1-P-S118	-0.02317244694872781	0.9770939723699005	1.0023093006891237
TP53BP1-P-S1068	-0.019408036137123268	0.9807790872748908	1.0050088606447323
MAPK8-P-T183	0.018924939235763414	0.9812530130796986	1.0044156378519662
PRKDC-A-K3241	-0.017846271686357926	0.9823120299235333	1.0044219469957671
PER1-P-S592	0.017804021283262295	0.9823535338795365	1.0033889414572568
USP7-A-K272	-0.01673707039501567	0.9834022162018655	1.0033857906487482
PARP1-A-K653	0.01673707039501567	0.9834022162018655	1.0023137972826706
YWHAE-A-K118	-0.01673707039501567	0.9834022162018655	1.001244092056115
POLR2F-P-S2	-0.015044865651141782	0.985067742905909	1.0018706041921506
SOD1-A-K10	-0.012898446555743718	0.9871843819040916	1.0029541004648599
POLR2A-P-T1870	0.010168836246612429	0.9898826915615054	1.004625625265613
ATRX-P-T1346-S1348-S1352	-0.009694724759967669	0.9903521175873479	1.004033921549766
TP53BP1-P-S78	0.006638357478380964	0.993383627741142	1.0060381962473985
DTL-P-S676-S679	-0.006328238555272809	0.9936917425756613	1.005283056646003
MDC1-P-S544	0.0015914822260956266	0.9984097835101877	1.0089861583355075
SOX4-P-S354	0.0015644948570803325	0.998436728327027	1.0079456495491892
XRCC5-A-K265	0.0014356278506652814	0.9985654021700298	1.0070099298839412
USP7-A-K1084	3.9312200110658643E-4	0.9996069552612225	1.006995813431052
YWHAE-A-K28	3.9312200110658643E-4	0.9996069552612225	1.005933581560344
YWHAG-A-K10	3.9312200110658643E-4	0.9996069552612225	1.0048735883237156
ACTL6A-A-K379	3.9312200110658643E-4	0.9996069552612225	1.003815826651796
EP300-A-K1554-K1555	-3.9312200110658643E-4	0.9996069552612225	1.0027602895049486
XRCC6-A-K331	3.9312200110658643E-4	0.9996069552612225	1.0017069698731158
TOP2B-A-K1485	-3.9312200110658643E-4	0.9996069552612225	1.0006558607756624
XRCC5-A-K532	-1.8908035906535997E-5	0.9999810921428492	0.9999810921428492

Data type: org.panda.causalpath.data.ProteinData
Row ID	Change amount	P-value	Q-value
MSH6-G	-7.805495459837043	4.0748947255535945E-4	0.06356835771863607
POLE3-G	-7.309530764298723	6.691309585525413E-4	0.05219221476709822
MSH2-G	-7.309530764298723	6.691309585525413E-4	0.02609610738354911
SUMO2-G	-7.309530764298723	6.691309585525413E-4	0.03479480984473215
PARP1-G	-5.962341581667578	0.0025738779647669473	0.057360708929091966
RFC3-G	-5.962341581667578	0.0025738779647669473	0.06692082708394063
ACTL6A-G	-5.962341581667578	0.0025738779647669473	0.08030499250072876
FEN1-G	-5.821592875279688	0.0029628818826883375	0.05777619671242258
MCM7-G	-5.587431389312737	0.0037446340291452775	0.06490698983851814
AURKB-G	-5.542337147873667	0.003917360679960653	0.06111082660738618
MCM3-G	-5.477383379963062	0.004180253535065163	0.059283595588196854
MCM5-G	-5.331473443413227	0.004836937804938506	0.06288019146420058
MCM6-G	-5.165638314030798	0.005709417274464943	0.06361922105832364
RUVBL1-G	-5.165638314030798	0.005709417274464943	0.06851300729357931
PLK1-G	-5.109848226410199	0.00603699911109799	0.0627847907554191
MCM2-G	-5.109848226410199	0.00603699911109799	0.0588607413332054
UNG-G	-5.109848226410199	0.00603699911109799	0.05539834478419332
RUVBL2-G	-5.059555613712145	0.006348380019196161	0.055019293499700056
DHFR-G	-4.798279087777967	0.008243921914652395	0.06768693782556703
POLR2J-G	-4.770358840980743	0.008477337597950208	0.06612323326401162
MCM4-G	-4.6279692793199745	0.009774588420469504	0.07261122826634489
PCNA-G	-4.347678015465498	0.012936816820891626	0.09173379200268607
SMARCC1-G	-4.122436097783281	0.01620498937933311	0.10991210187721587
POLR2B-G	-4.105866982601316	0.016475728474577324	0.10709223508475262
CDK1-G	-3.985934094926982	0.018575085323554456	0.1159085324189798
FANCD2-G	-3.950707451624991	0.019241084822562836	0.11544650893537702
RFC2-G	-3.9134137918363536	0.019972203605740032	0.11539495416649796
DDX11-G	-3.8057837531538374	0.022241758284858172	0.12391836758706697
FANCI-G	-3.7581090957327605	0.023327809350905795	0.12548752616349323
CDK2-G	-3.6166008373519785	0.0268738700692792	0.13974412436025185
MDC1-G	-3.5317148767237683	0.029254704614287804	0.14721722322028702
MLH1-G	-3.5133298332791405	0.029797528257825015	0.14526295025689695
MGMT-G	-3.4624731917338343	0.03135212623440982	0.14821005128993733
XRCC6-G	-3.4599769042642454	0.031430487920228706	0.1442104739869317
TOP2B-G	-3.4165326305206585	0.03282605791009592	0.14631042954214182
POLD1-G	-3.376303905814428	0.03417353018391747	0.14808529746364238
KPNA2-G	-3.350518004461281	0.03506618495515518	0.14784661764876236
MCM8-G	-3.3021744466781437	0.03680305405307297	0.15108622190208906
SUMO1-G	-3.3021744466781437	0.03680305405307297	0.14721221621229189
XPA-G	-3.134957229297279	0.043501614384130555	0.16965629609810917
XRCC5-G	-3.0691701231624506	0.04645969468806426	0.17677347247165914
PTEN-G	2.635543644034218	0.0716799904150402	0.2662399643987207
TTK-G	-2.6218472989620167	0.0726684983184217	0.2636345520389252
PIAS1-G	-2.610250033326986	0.07351615997480727	0.26064820354704393
TOP1-G	-2.5431702671878957	0.07861676813978587	0.27253812955125767
POLR2C-G	-2.5350976762020863	0.07925397765911442	0.2687743590178663
POLR2D-G	-2.5265250198517317	0.0799363153183492	0.26532053595026545
POLB-G	-2.4703861001029974	0.08455220708265244	0.27479467301862043
YY1-G	-2.402409464326718	0.09049963473817035	0.2823588603830915
TIMELESS-G	-2.402409464326718	0.09049963473817035	0.2881212861051954
SMARCA4-G	-2.3899506075932435	0.09163420979989406	0.2802928770349701
CHEK1-G	-2.375600120364416	0.0929586860674785	0.2788760582024355
POLR2E-G	-2.2617726330594388	0.10416567348539645	0.30660085025890277
SOD1-G	-2.183061405714998	0.11269599383655825	0.31964681888187435
TCEA1-G	-2.183061405714998	0.11269599383655825	0.32556620441672385
SMUG1-G	2.1571342281033594	0.1156560905439531	0.32218482365815504
BABAM2-G	-2.135796220635142	0.11815047906543953	0.3233592058633082
MAPK8-G	2.129086825571063	0.11894586259391447	0.3199233545629424
KAT5-G	-2.094847325891291	0.12308903472814497	0.3254557528405189
UBE2I-G	-2.0420235088931498	0.12976586265314727	0.3373912428981829
POLR2L-G	-1.999623021147663	0.1353863113940317	0.34623384553227776
POLG2-G	-1.9627049747906993	0.14047791730175335	0.3534605661140891
PRKDC-G	-1.9497898373908917	0.1423039754188303	0.35237174865615123
RRM2B-G	1.9212417754079103	0.1464250221977946	0.35691099160712436
TERF2-G	-1.9208268667073682	0.1464857878187022	0.35156589076488526
POLR2G-G	-1.9066174384033996	0.14858212572773358	0.35119411535646117
WEE1-G	-1.8773841831177107	0.1529897760358293	0.35621500091924435
HLTF-G	-1.8679352548233061	0.15444221665659363	0.35430861468277364
ABL1-G	1.8241320398455931	0.16135763536568754	0.36480856691372837
RRM2-G	-1.7884866205064203	0.16721303505644503	0.37264619241150604
RAD9A-G	-1.7769021206376074	0.16916137793903147	0.3716785205420973
POLR2A-G	-1.7352773573249356	0.17635128118301988	0.38209444256320974
CHEK2-G	-1.6554373701743716	0.19100849601433006	0.40818253942788346
POLR2F-G	-1.6434460684428416	0.19331272426080282	0.4075241214146654
CCNA2-G	-1.5104049611818429	0.2208205361050847	0.45930671509857623
ORC1-G	-1.4871384449853888	0.22601849540450134	0.46393270109345014
ATR-G	-1.4071786682349414	0.2448330649475167	0.4960254302832806
RRM1-G	-1.3121647991817633	0.26923658192777944	0.5384731638555589
POLR2H-G	-1.2749582230816316	0.27944264223000664	0.5518107871883675
PCLAF-G	-1.2163108781176724	0.29632131845111176	0.5778265709796679
TYMS-G	-1.2080878068153098	0.2987680357595749	0.5754051059073294
RECQL4-G	-1.1818670050964422	0.30670558283898686	0.5834886697912433
BARD1-G	1.1769782221522125	0.308208671003487	0.5723875318636187
MEN1-G	-1.1769782221522125	0.308208671003487	0.5792837671872767
EP300-G	-1.1412602247754542	0.3194162318176254	0.5862227313358772
GMNN-G	-1.1247798873701074	0.32472393533195437	0.5890341152533126
YWHAG-G	1.1235643330132326	0.325118894925124	0.5829718115898775
USP7-G	-1.0722612072640256	0.34223378031818286	0.6066871560185969
UBA7-G	1.0505580080235637	0.3497425355098468	0.6130318599947877
CDC25C-G	-1.0493059051300448	0.3501807234214735	0.6069799205972207
TP53BP1-G	1.0289244427110937	0.35739114857884835	0.6126705404208829
XRCC1-G	-1.0127768242972814	0.3632090103620068	0.615876148005142
RBBP8-G	-0.9533004185282915	0.38546672023873685	0.6465893371746554
MRE11-G	-0.9217025857989872	0.3978411055100451	0.6602469410592238
PMS2-G	-0.8398533226153866	0.4317738502437586	0.7090181119792247
SIRT6-G	-0.8198658150278479	0.440490757780591	0.7157974813934603
TERT-G	0.8154053656816375	0.44245993293132496	0.7115850467761514
ERCC2-G	0.7495928668102882	0.4725589079967927	0.752236629056119
UBE2B-G	-0.720704370369773	0.4864095228131602	0.7664634904934645
YWHAE-G	-0.7102464278177056	0.4915230575810283	0.7667759698264043
EXO1-G	0.7102464278177056	0.4915230575810283	0.7591841285409943
AURKA-G	-0.6962495835139463	0.49845120226258965	0.7623371328721958
POLR2K-G	-0.6822582892974148	0.5054741955024807	0.758211293253721
WRN-G	-0.6822582892974148	0.5054741955024807	0.7655725679455048
CCNH-G	-0.6705495411636111	0.5114274501119656	0.7598350687377774
MPG-G	-0.6632882836415349	0.5151545719505357	0.7510664787316221
ELL-G	0.6632882836415349	0.5151545719505357	0.758152011549845
APEX1-G	-0.661303810020079	0.5161778976551445	0.7387500186624086
ATM-G	-0.661303810020079	0.5161778976551445	0.7455902966129865
TOPBP1-G	-0.6532365041070646	0.5203589047170951	0.7379635375987895
NFRKB-G	-0.6500182548881692	0.522036246960725	0.733672563296154
POLR2I-G	-0.641441421847469	0.5265329207368589	0.7333851395977676
ERCC1-G	-0.6194890344452316	0.5382193789094534	0.7430285230962366
POLA1-G	-0.6090197944100005	0.5438837257455773	0.7442619404939479
VCP-G	0.5992934875720997	0.5491995153401227	0.7450010816787751
RCHY1-G	-0.5831919186188138	0.5581140657309683	0.7505671918450953
PIAS4-G	-0.5429726618942488	0.581018511091985	0.7746913481226467
TERF1-G	0.532176209331048	0.5873254348238625	0.7764641341739198
XPC-G	-0.5065913353421764	0.6025459594136083	0.7898921820884277
CDK4-G	-0.4999257626684667	0.6065756886016952	0.7885483951822038
EYA3-G	-0.4968171532617261	0.6084642293401165	0.784466279149241
MTOR-G	0.4694173916710274	0.625366505903462	0.7996489747618039
CLK2-G	-0.4565104318734464	0.6334904008673656	0.8034512401244637
SOX4-G	0.4565104318734464	0.6334904008673656	0.796971794639589
BLM-G	0.446846937596156	0.6396418058947966	0.7919374739649863
ERCC5-G	-0.446846937596156	0.6396418058947966	0.7982729737567061
NBN-G	-0.4076532129956095	0.665209524845982	0.8171077628029384
DDB2-G	0.4076532129956095	0.665209524845982	0.8107241084060405
APBB1-G	0.3728319302151528	0.6887809863885358	0.8329444486559037
NEIL1-G	0.3728319302151528	0.6887809863885358	0.826537183666243
PARG-G	-0.36718075629574115	0.6926844266566466	0.8248761111331059
GTF2H4-G	0.36035927432954284	0.6974257138986998	0.8242303891530088
GTF2H2-G	-0.36035927432954284	0.6974257138986998	0.8180331681819336
TDG-G	0.3474778789601008	0.7064676415555994	0.8224548662886082
HRAS-G	0.3252692355636861	0.7223328497675908	0.8346957375092161
GTF2H3-G	0.3184923788502074	0.7272446203746481	0.8281033633463146
MNAT1-G	0.3184923788502074	0.7272446203746481	0.8341923586650376
TOP2A-G	-0.31144354625900716	0.7323889554347165	0.8279179496218535
TP53-G	-0.29824311017864313	0.7421209006706381	0.8328838885224427
ATRX-G	0.2963223178761085	0.7435477306675499	0.8285246141724127
COPS5-G	0.2738032772153451	0.7604816646173248	0.8413839693638487
PIAS3-G	0.19335010732493588	0.8241933674852843	0.9054518685049602
GTF2H1-G	0.17315812202584824	0.8410046229756958	0.917459588700759
ERCC4-G	0.16720603033883658	0.84602528650326	0.916527393711865
CDA-G	-0.1463487183323882	0.8638564080880828	0.9293903424947649
TFPT-G	-0.12496670122235523	0.8825262891419923	0.9429732952476082
CDK7-G	-0.11203927182468744	0.8940091474404365	0.9487444013653611
POLK-G	0.10702370714422364	0.8985043717650839	0.9470721756442776
POLE2-G	-0.05591476608160664	0.9456197313306263	0.9900448193797161
DTL-G	0.04861096239877792	0.9525516360269053	0.9906537014679816
ERCC3-G	-0.04419076028539653	0.9567714260734322	0.9884525991222214
CDK6-G	0.04268935702208846	0.9582090047373769	0.9834250311778343
BRCA2-G	0.028155188030787676	0.972237475474009	0.991300955385264
GTF2H5-G	0.008715377379153188	0.9913224914287723	1.004196809499276
BRCA1-G	0.008111537276652647	0.9919212724694161	0.998320764549864
KDM4B-G	-4.838713660509336E-4	0.9995162456808192	0.9995162456808193

Data type: org.panda.causalpath.data.RNAData
Row ID	Change amount	P-value	Q-value
TYMS-R	-4.260007880143673	0.01412219112483044	0.642559696179785
PLK2-R	4.260007880143673	0.01412219112483044	0.514047756943828
MSH2-R	-4.260007880143673	0.01412219112483044	0.36717696924559146
PCNA-R	-4.260007880143673	0.01412219112483044	1.28511939235957
DBF4-R	-4.260007880143673	0.01412219112483044	0.42837313078652334
MCM7-R	-4.260007880143673	0.01412219112483044	2.57023878471914
RUVBL1-R	-4.260007880143673	0.01412219112483044	0.8567462615730467
FEN1-R	-4.115060410044058	0.0163249541884507	0.3713927077872534
CDC45-R	-3.870578486877255	0.020846306621644477	0.42155864501547724
CDC25A-R	-3.8620004749525183	0.02102589564561331	0.3826713007501622
RRM1-R	-3.7822529159534652	0.022771331695780717	0.3767620335120082
FANCI-R	-3.6211811394954894	0.026751061090413458	0.40572442653793744
POLE3-R	-3.613293567738875	0.02696289633893634	0.32714980891242756
MCM3-R	-3.613293567738875	0.02696289633893634	0.35051765240617244
CHEK1-R	-3.613293567738875	0.02696289633893634	0.3774805487451088
RFC3-R	-3.4546530176176904	0.03159826649593172	0.3594302813912233
ACTL6A-R	-3.4089023776048766	0.033077487048270286	0.3541236848697172
MCM6-R	-3.29517949411228	0.03706139214845573	0.3065987895917701
RFC2-R	-3.29517949411228	0.03706139214845573	0.3550091247904707
XRCC6-R	-3.29517949411228	0.03706139214845573	0.33725866855094716
RBBP8-R	-3.29517949411228	0.03706139214845573	0.321198731953283
MCM4-R	-3.29517949411228	0.03706139214845573	0.37473185394549685
BLM-R	-3.294892616268999	0.03707202576590597	0.2698843475757955
EXO1-R	-3.294892616268999	0.03707202576590597	0.28112952872478697
CDC25C-R	-3.294892616268999	0.03707202576590597	0.29335255171282115
ABL1-R	3.2304630767755103	0.03953918487011492	0.27677429409080445
RAD51-R	-2.9399640438172083	0.05286762962233037	0.3563669848616343
CDK1-R	-2.9399640438172083	0.05286762962233037	0.34363959254514737
POLE2-R	-2.9399640438172083	0.05286762962233037	0.3317899514229009
MSH6-R	-2.936786575252353	0.05303588202034594	0.3217510175900987
DHFR-R	-2.892091523369405	0.05546009513755765	0.3256044295172739
PLK4-R	-2.780811757136772	0.06198816761083672	0.3418741365203722
CDA-R	2.780811757136772	0.06198816761083672	0.35255770328663383
YY1-R	-2.756121182506567	0.06353774231358776	0.34011379709038153
TTK-R	-2.7458831311981053	0.0641915863124303	0.33379624882463754
CHEK2-R	-2.7458831311981053	0.0641915863124303	0.3245241308017309
OGG1-R	-2.6827695981889352	0.0683735244869118	0.3363238231518364
CDK7-R	-2.5511617193725162	0.07799100968591585	0.37353588849570224
YWHAE-R	-2.505387490177809	0.08164395562425548	0.36241951033206093
KDM4B-R	2.505387490177809	0.08164395562425548	0.3810051262465256
XRCC5-R	-2.505387490177809	0.08164395562425548	0.3714799980903625
UNG-R	-2.505387490177809	0.08164395562425548	0.3537904743717738
PCLAF-R	-2.483964403886732	0.08341189082953297	0.3530456774645349
POLR2G-R	-2.420937623549175	0.08883828153179513	0.3674674372451526
BABAM2-R	2.330447281362452	0.0972522382462865	0.3933312746849809
SUMO1-R	-2.330447281362452	0.0972522382462865	0.38478059480052484
MCM2-R	-2.236351603244815	0.10684761662750776	0.4137503452384343
PARP1-R	-2.194487782539983	0.11141561591532292	0.4224508770122661
DDX11-R	-2.186011851283941	0.11236398047543221	0.41735192748017674
CCNA2-R	-2.145940740788959	0.11695795815256552	0.42572696767533846
POLA1-R	-2.1037940996634665	0.1219926966380321	0.4269744382331124
POLK-R	2.1037940996634665	0.1219926966380321	0.43534648604160475
TOP2B-R	-2.0646743400094905	0.1268595969368487	0.43563106872653706
KPNA2-R	-2.0261970202236297	0.13183593841459781	0.4443359405825334
BARD1-R	-1.9938326839089515	0.13617251779795755	0.4506072407132414
CDC7-R	-1.9836643329603716	0.1375642314736419	0.4392401776877689
WEE1-R	-1.9836643329603716	0.1375642314736419	0.4470837522893362
POLR2F-R	-1.9539814667302997	0.14170873827859484	0.4446722477017976
SOD1-R	-1.9303711699944273	0.14509433382469242	0.4475791314592207
ERCC1-R	1.906935763666398	0.14853483581067142	0.45055566862570334
ORC1-R	-1.8329505086417273	0.15994096371124375	0.4772009081220715
MCM10-R	-1.7936144364500548	0.1663577920277328	0.4883406153072156
HLTF-R	-1.7451446285484151	0.1746197321420416	0.504457003965898
SOX4-R	1.7451446285484151	0.1746197321420416	0.4965748632789308
ERCC2-R	1.7133442995968158	0.18026193352546693	0.5047334138713074
TP53BP1-R	1.7133442995968158	0.18026193352546693	0.49708593790356037
MCM5-R	-1.6930519110090856	0.18395724527505802	0.4923561564714789
FANCA-R	-1.6930519110090856	0.18395724527505802	0.49970475582179946
AURKB-R	-1.689588228136901	0.18459551958651177	0.4869041241267412
FANCC-R	-1.6296825888269457	0.19599177423385122	0.5095786130080131
POLR2J-R	-1.6296825888269457	0.19599177423385122	0.50240144944452
NEIL1-R	1.6084073172858886	0.20020622527877513	0.5060768472324594
CCNA1-R	1.5851723423822386	0.20491247496939127	0.510877677320948
GMNN-R	-1.5851723423822386	0.20491247496939127	0.503973924924719
PMS2-R	-1.5804757035202621	0.20587713842733388	0.49959518925033025
RNF111-R	1.5494982488050277	0.21235449622287605	0.5085331356916242
PLK3-R	1.5398583683677771	0.21441146672258324	0.5067907395261059
CDT1-R	-1.5052678605032732	0.22195783213196418	0.5113458917470567
GTF2H4-R	-1.5052678605032732	0.22195783213196418	0.5179016083079164
KAT5-R	-1.5008558718523344	0.22293927102491826	0.507186841581689
WRN-R	-1.4972360687302926	0.2237477296419454	0.502741812281902
DTL-R	-1.4972360687302926	0.2237477296419454	0.4966108145711471
COPS5-R	-1.4840491970918548	0.22671780217516355	0.4912219047128544
TCEA1-R	-1.4840491970918548	0.22671780217516355	0.49714024091421405
MDM2-R	1.4719040549098368	0.22948811096216623	0.4913745434719324
SUMO2-R	-1.4693654899975979	0.23007142150101134	0.48689533387423334
SMARCC1-R	-1.4466784873599663	0.23535071164652674	0.4923428680421594
EP300-R	1.3945408938799984	0.24794684415389018	0.5127991549546365
XRCC1-R	1.3816219262122145	0.251170841938174	0.5136302610421087
AURKA-R	-1.3659359377561435	0.2551417673904593	0.5159533518340399
MRE11-R	-1.3659359377561435	0.2551417673904593	0.5102835347809186
POLR2C-R	-1.3659359377561435	0.2551417673904593	0.5047369746202565
CDK4-R	-1.3267812370211463	0.26532992243813563	0.5192478052015128
TERF2-R	-1.2587645153731708	0.28400469326594296	0.5498814273872513
POLR2H-R	-1.2106720546001501	0.29799694190291287	0.5708994044876857
APBB1-R	1.202009978853843	0.3005894259224959	0.5639925311123118
POLR2K-R	-1.202009978853843	0.3005894259224959	0.5582375052846352
CDK2-R	-1.202009978853843	0.3005894259224959	0.5698674533113984
PIAS3-R	1.1785368722791494	0.30772865570443647	0.5657233872546206
FANCD2-R	-1.1602036740967343	0.3134223383696291	0.5704286558327251
RRM2-R	-1.147859963773022	0.3173151091132345	0.5717955431545414
BRCA1-R	1.1286945541483566	0.32345523422144845	0.5771456140029767
XPC-R	1.1286945541483566	0.32345523422144845	0.5715422585272196
POLR2A-R	1.0521067022160684	0.349201310480436	0.611102293340763
ATRX-R	1.0521067022160684	0.349201310480436	0.6052822714994225
PIAS4-R	1.0408277374232167	0.35316223534231356	0.6063728946443497
AEN-R	-1.0208769783355578	0.36027884484726996	0.6128107454411508
MNAT1-R	-0.9749874299239327	0.3771970949295328	0.6356469562701386
POLR2B-R	-0.957876870282751	0.3837066808301754	0.6406845496430451
TOP3A-R	-0.9290648092712686	0.39492286593205134	0.6534178327239395
MCM8-R	-0.9153559685416506	0.4003740801439641	0.6564692124883015
RCHY1-R	-0.9095081293652478	0.4027222625798945	0.6544236766923286
RECQL4-R	-0.8974175697996467	0.40762095437171086	0.6507632780320296
PLK1-R	-0.8974175697996467	0.40762095437171086	0.6565222450942599
GTF2H2-R	-0.8567677228857418	0.4245320723329723	0.6718681492573997
EYA3-R	0.8420588151560686	0.4308226255828102	0.6759458435868229
BRCA2-R	-0.8382963454944318	0.43244663587001575	0.6726947669089134
PTEN-R	0.8382963454944318	0.43244663587001575	0.6669939637995158
TDG-R	0.7745471505252314	0.4609124577102185	0.7049249353215107
UBE2B-R	-0.7328176612524491	0.48055304499568985	0.7288387849101295
CDC6-R	-0.7195879583661313	0.4869528594804697	0.7324414911193842
RUVBL2-R	-0.7195879583661313	0.4869528594804697	0.7264378723397171
TFPT-R	0.717373600289972	0.48803234221713415	0.7221291567765724
APEX1-R	-0.717373600289972	0.48803234221713415	0.7163055345445033
ATR-R	-0.7141703181619429	0.48959815402644935	0.7071973335937601
MLH1-R	-0.7141703181619429	0.48959815402644935	0.7128549122625102
NBN-R	-0.7018703317104915	0.4956573925721503	0.710312168882924
POLB-R	-0.6927028192961379	0.5002222300034496	0.7112534832861549
MTOR-R	0.6080031205741653	0.5444369592806565	0.768120361155655
UBA7-R	0.5758919827722023	0.5622031695449589	0.7870844373629424
TOPBP1-R	-0.5575965870415164	0.5725835662016167	0.7954977789976658
POLG2-R	-0.5222233336192907	0.5932001987808012	0.8178972437735289
RAD51D-R	0.5222233336192907	0.5932001987808012	0.8117476404368859
ERCC5-R	0.4989741872443486	0.6071531658328314	0.8246408670266815
CCNH-R	-0.48949207447837256	0.6129376418038581	0.8263307467281643
MEN1-R	0.48399255254437884	0.6163177918946015	0.8247782215060108
ERCC4-R	0.4590844677186296	0.6318618707146215	0.8394077406573804
GTF2H3-R	-0.4584432089170626	0.6322671876432265	0.8338596242830959
CDKN2D-R	-0.4449999818375784	0.6408242876712396	0.8390648946486734
SMUG1-R	0.3852739220564136	0.6802642712929258	0.8843435526808034
PIAS1-R	-0.3755373550933498	0.6869200596061983	0.886662771973958
TERT-R	-0.3711716932938068	0.6899254758117696	0.8842706802657891
DNTT-R	-0.36809451932625387	0.692051766330585	0.8807931571480173
MAPK8-R	-0.3563261665308509	0.7002441867664554	0.8850308471631589
MDC1-R	0.35116609656322606	0.7038668342837768	0.8834742333768785
POLR2D-R	-0.32975616332741475	0.7190990547769468	0.8964111504753719
TERF1-R	-0.32975616332741475	0.7190990547769468	0.8903131154381245
GTF2H1-R	-0.3290500762747254	0.7196069806079499	0.884922097774641
MPG-R	0.312519770463001	0.7316011647099016	0.8876760798480139
CDK6-R	0.312519770463001	0.7316011647099016	0.8936336374308865
POLR2E-R	0.28951950094544726	0.7486231939084795	0.9023140482870416
VCP-R	-0.2559108612422977	0.77421097792128	0.9270157761952169
GADD45A-R	-0.25074853968492233	0.7782180379097771	0.92572341764431
POLR2I-R	0.24308594896319652	0.784204109344795	0.9267866746802123
TOP2A-R	-0.23780638039391175	0.78835531736358	0.9256817274849779
PER1-R	-0.2359882343953324	0.789789966234651	0.9214216272737595
RAD9A-R	0.23168945111202513	0.7931924100835636	0.9194969339822202
PRKDC-R	0.21328174637425767	0.8079284742281103	0.9306517867690891
USP7-R	0.21148456816261682	0.8093817712042267	0.9264621532023224
GADD45G-R	0.21148456816261682	0.8093817712042267	0.9206717647448078
HRAS-R	-0.21148456816261682	0.8093817712042267	0.914953306578691
GTF2H5-R	-0.20932629366077837	0.8111305257105703	0.9112700967859493
CDC25B-R	-0.20932629366077837	0.8111305257105703	0.905679482695238
POLD1-R	-0.20494847141040834	0.8146892951201864	0.90410641287728
PARG-R	-0.2042187027663497	0.8152840468115878	0.8992830092103574
ATM-R	0.19270889728327284	0.8247220180186903	0.9042132968638652
XPA-R	0.17205401125375497	0.8419336980458167	0.9175564852954411
DDB2-R	0.15301257225755327	0.8581189332513355	0.9296288443556134
UBE2I-R	0.13751167771523887	0.8715241725266226	0.938564493490209
NFRKB-R	0.10955455579503917	0.8962332683098464	0.959496793131718
POLR2L-R	-0.0986357531146265	0.906072682076258	0.964358059285842
ELL-R	-0.09431300301823481	0.9099978855746924	0.9629047393871746
RRM2B-R	0.08920675776507177	0.9146564417011894	0.962239724795471
SMARCA4-R	-0.06062005198411239	0.9411807716167192	0.9788280024813879
SIRT6-R	0.06062005198411239	0.9411807716167192	0.9844534507715109
CLK2-R	0.04872126918871777	0.952446568908598	0.9849163383032092
YWHAG-R	-0.03084300118873399	0.9696277915372964	0.997018407117446
TIMELESS-R	0.02867963137266522	0.9717277256823984	0.9935643037876208
MGMT-R	-0.02345147951668016	0.9768213693639864	0.993192677230422
TP53-R	0.010554534065769653	0.9895009695855477	1.0004954248031648
TOP1-R	-0.010554534065769653	0.9895009695855477	0.9949678257711032
ERCC3-R	-0.008443759125133168	0.991591789284516	0.991591789284516