Overall graph size pval = 0.781
Gene	Downstream crowded pval	Downstream suggests activation pval	Downstream suggests inhibition pval
E2F1	1.0E-4	1.0E-4	0.7063
E2F4	5.0E-4	0.9823	1.0E-4
CTNNB1	0.0863	0.9974	1.0E-4
RBL2	0.0015	1.0	1.0E-4
RBL1	0.0035	0.8972	1.0E-4
LEF1	0.0404	0.9912	1.0E-4
E2F6	0.0191	1.0	2.0E-4
YBX1	0.0271	0.9941	3.0E-4
E2F3	0.0148	0.0011	0.8152
ERBB2	0.017	0.0011	1.0
PRKAA1	0.0013	0.008	0.0725
FOXM1	0.079	0.0018	0.9588
CDK7	0.0355	0.0021	0.9001
MAX	0.5409	0.0023	0.9998
EGFR	0.065	0.0029	1.0
TFDP1	0.0046	0.003	0.4377
MYBL2	0.0112	0.0031	0.7547
TFDP2	0.0056	0.0032	0.5157
SREBF1	0.2385	0.0034	0.9956
MYC	0.6889	0.0036	0.9999
TRBC1	0.0472	0.004	1.0
CD3G	0.0472	0.004	1.0
CD3E	0.0472	0.004	1.0
TRAC	0.0472	0.004	1.0
NFYC	0.1939	0.004	0.9901
PTGDR	0.027	0.0045	0.6955
MYCN	0.1467	0.0058	0.9644
NFYB	0.1354	0.0064	0.947
SP3	0.014	0.4749	0.0075
YWHAE	0.0436	1.0	0.0076
NANOG	0.0083	0.2555	0.0205
SREBF2	0.3438	0.0086	0.998
IL12RB2	0.1126	0.0087	0.9398
IL12A	0.1126	0.0087	0.9398
CD247	0.1072	0.0106	1.0
TCF7L2	0.0115	0.4321	0.0109
PRKAB1	0.0396	0.0112	1.0
NKX2-5	0.138	0.0118	1.0
E2F5	0.0342	0.6741	0.014
CD3D	0.0552	0.0141	0.818
LIN54	0.0142	0.2219	0.0614
LIN37	0.0142	0.2219	0.0614
LIN9	0.0142	0.2219	0.0614
GTF2H2	0.0669	0.0145	0.8371
LIN52	0.015	0.2236	0.0623
IL10	0.2008	0.9334	0.0153
HLA-DRA	0.0935	0.0156	1.0
SIK1	0.0606	1.0	0.0168
MOV10	0.0606	0.0174	0.7287
AGO3	0.0606	0.0174	0.7287
AGO4	0.0606	0.0174	0.7287
AGO1	0.0606	0.0174	0.7287
TNRC6C	0.0606	0.0174	0.7287
TNRC6B	0.0606	0.0174	0.7287
RBBP4	0.0179	0.4328	0.0199
TNRC6A	0.0624	0.0179	0.7299
ZNF382	0.2856	0.0204	1.0
ATF6	0.3378	0.0209	1.0
JAK2	0.2358	0.0211	0.9412
JAK1	0.0633	0.7484	0.0226
NFE2L2	0.2886	0.0229	1.0
CTBP1	0.1525	1.0	0.0239
SSRP1	0.1198	0.0241	0.8638
TEAD1	0.1609	1.0	0.0246
TERT	0.2965	1.0	0.0264
NF1	0.0678	0.0265	0.7555
RAD51D	0.0715	0.0266	0.7539
STAT4	0.0279	0.415	0.027
IL12RB1	0.2062	0.0274	0.9084
IL12B	0.2062	0.0274	0.9084
CHEK1	0.0282	0.041	0.3303
MDC1	0.082	0.0285	0.7644
NFYA	0.2411	0.0304	0.9159
LYN	0.1155	0.0333	1.0
RAD50	0.0691	0.0341	1.0
HEY1	0.0345	0.4301	0.0346
SMARCA4	0.38	1.0	0.0354
TYK2	0.2564	0.0354	0.9227
NELFCD	0.184	0.038	0.8886
CDKN1A	0.1934	0.038	0.8732
NPM1	0.1861	0.8927	0.0394
IFNG	0.0397	0.189	0.1933
EZH2	0.2119	0.04	0.8514
MSX2	0.1315	0.0409	0.8053
GNAI2	0.1424	0.0412	1.0
CDK2	0.2484	0.0432	0.9329
E2F2	0.0571	0.0437	0.5287
NELFA	0.1275	0.0438	0.7965
NELFE	0.1275	0.0438	0.7965
CCNT2	0.1275	0.0438	0.7965
ELOA2	0.1275	0.0438	0.7965
ELOA3	0.1275	0.0438	0.7965
CCNK	0.1275	0.0438	0.7965
SUPT4H1	0.1275	0.0438	0.7965
ELOA3D	0.1275	0.0438	0.7965
TCEA1	0.1275	0.0438	0.7965
ELOA3B	0.1275	0.0438	0.7965
SUPT5H	0.1275	0.0438	0.7965
ERCC3	0.1275	0.0438	0.7965
ELOA	0.1275	0.0438	0.7965
ELOB	0.1275	0.0438	0.7965
ELOC	0.1275	0.0438	0.7965
CTDP1	0.1275	0.0438	0.7965
GTF2H3	0.1275	0.0438	0.7965
GTF2H4	0.1275	0.0438	0.7965
GTF2H5	0.1275	0.0438	0.7965
SUPT16H	0.1275	0.0438	0.7965
CITED2	0.2635	1.0	0.0444
MLXIPL	0.1313	0.8056	0.0445
GTF2H1	0.1304	0.0447	0.7979
MNAT1	0.1309	0.0449	0.7978
CCNH	0.1309	0.0449	0.7978
PTEN	0.1742	0.0454	1.0
ING1	0.2602	0.0462	1.0
IRF8	0.1317	0.0471	0.8055
SP1	0.0477	0.0556	0.3217
NEUROG3	0.27	0.0485	1.0
TIMP3	0.269	0.0486	1.0
TCF7	0.2694	1.0	0.0489
MRE11	0.1038	0.0496	1.0
MAZ	0.2609	0.05	1.0
AGO2	0.1061	0.0501	0.6898
ATR	0.3505	0.0502	1.0
IL2	0.0672	0.0505	0.5498
JAK3	0.2998	1.0	0.0507
PAK3	0.1039	0.0526	1.0
YWHAB	0.0867	0.5706	0.055
CDK12	0.1624	0.0555	0.8143
NFKB1	0.5728	0.0559	0.9813
LCK	0.0967	0.6536	0.0563
PRKAG2	0.114	0.0571	1.0
CDX2	0.286	0.9048	0.0588
MITF	0.3732	0.9639	0.0593
BCR	0.1172	0.0605	1.0
IL2RA	0.1256	0.0606	0.6864
ATM	0.5543	0.0624	0.9928
HLA-DRB1	0.2092	0.063	1.0
CD4	0.2092	0.063	1.0
BLK	0.1261	0.0633	1.0
GRB2	0.0634	0.0913	0.4388
NFATC2	0.6205	0.064	0.9964
SNW1	0.4367	1.0	0.0648
HEY2	0.207	0.8424	0.0651
NELFB	0.0669	0.0657	0.5104
ETV4	0.0675	0.342	0.1213
MARK1	0.1316	1.0	0.0677
IHH	0.0678	0.2313	0.2307
CCNT1	0.2043	0.0679	0.8347
GTF2F1	0.2043	0.0679	0.8347
POLR2B	0.2043	0.0679	0.8347
POLR2C	0.2043	0.0679	0.8347
POLR2D	0.2043	0.0679	0.8347
POLR2E	0.2043	0.0679	0.8347
POLR2G	0.2043	0.0679	0.8347
POLR2H	0.2043	0.0679	0.8347
POLR2I	0.2043	0.0679	0.8347
POLR2J	0.2043	0.0679	0.8347
POLR2K	0.2043	0.0679	0.8347
POLR2L	0.2043	0.0679	0.8347
FANCD2	0.2044	0.0685	0.8385
HSF2	0.0687	0.2388	0.2302
OTX2	0.2064	0.0687	0.8423
GTF2F2	0.208	0.0689	0.8362
PRKG1	0.071	0.197	0.2069
POLR2A	0.2099	0.0714	0.8378
MARK2	0.1435	1.0	0.0731
RELA	0.6826	0.0733	0.9888
GLI2	0.4518	0.9682	0.074
PCNA	0.0742	0.2428	0.239
REL	0.5652	0.0742	1.0
IL2RB	0.0759	0.1411	0.3392
ERCC2	0.1662	0.0788	0.7181
FOSB	0.1349	0.0796	0.7091
AMP	0.1507	1.0	0.0803
MLX	0.1366	0.708	0.0806
SFN	0.0807	0.2614	0.2654
PRKAA2	0.0809	0.2122	0.2162
GATA6	0.3917	1.0	0.0814
BCL6	0.0846	0.1567	0.3206
TRERF1	0.3942	1.0	0.0851
MYB	0.486	0.0884	0.9462
IL18	0.4133	0.0896	1.0
IL18RAP	0.4133	0.0896	1.0
CXCL10	0.1742	0.0899	1.0
CXCL11	0.1742	0.0899	1.0
PDGFRB	0.1756	0.0899	1.0
PF4	0.1742	0.0899	1.0
CXCL9	0.1742	0.0899	1.0
GNAQ	0.1765	0.091	1.0
IL18R1	0.417	0.0913	1.0
NEK3	0.18	1.0	0.0923
PLCG2	0.1865	0.0935	1.0
SPDEF	0.288	0.0939	0.8697
CDC7	0.0961	0.2865	0.2779
THRAP3	0.2872	0.8643	0.0966
VDR	0.4323	0.0968	0.9365
ERBB3	0.1851	0.0968	1.0
PRKACB	0.1915	0.0969	1.0
POLR2F	0.1195	0.0972	0.5644
RB1	0.3608	0.882	0.0974
BCL2	0.5446	1.0	0.0978
PRKACG	0.1913	0.0982	1.0
NR0B1	0.5413	1.0	0.0991
EPHB3	0.328	1.0	0.0998
HCK	0.1936	0.1021	1.0
FGR	0.1963	0.1023	1.0
ZAP70	0.1951	0.1023	1.0
SMPD1	0.1988	1.0	0.1026
CDK5	0.4018	0.1038	1.0
NBN	0.2023	0.104	1.0
CAMK4	0.194	1.0	0.1044
SOX2	0.4039	0.8992	0.1046
MET	0.1823	0.1047	0.7222
BRCA1	0.5677	0.1055	0.9592
BTK	0.2028	0.1063	1.0
DUSP1	0.3428	0.1066	1.0
ARNT	0.3146	0.1072	0.8018
EDN1	0.3335	0.8859	0.1074
WNT5A	0.2068	0.1101	1.0
FOXA2	0.134	0.5043	0.1103
CDK9	0.3268	0.1134	0.8747
NEK6	0.2111	1.0	0.1135
PRKCG	0.364	0.1163	1.0
FZD2	0.2179	0.1163	1.0
NRG1	0.2195	0.1166	1.0
NCOA3	0.1884	0.6375	0.1182
MEF2A	0.5057	1.0	0.1196
ETS1	0.1774	0.1218	0.5739
INS	0.5164	1.0	0.1219
ESR1	0.2017	0.122	0.5945
FANCI	0.2294	0.1225	0.7522
NFKBIA	0.3956	0.8887	0.1232
SYK	0.2363	0.1247	1.0
TFAP2C	0.6286	1.0	0.1251
CALM2	0.3955	1.0	0.1262
PPP1R13B	0.5108	0.1267	1.0
PPARD	0.178	0.6264	0.127
MED12	0.3745	0.8897	0.1278
TBL1X	0.128	0.2206	0.3178
TBL1XR1	0.128	0.2206	0.3178
TP53BP2	0.5149	0.1288	1.0
STAT1	0.1321	0.1704	0.3706
YES1	0.2501	0.133	1.0
PTTG1	0.1347	0.393	0.1825
SOX17	0.1374	0.3052	0.3053
ZBTB7A	0.14	0.3038	0.3094
TGFB1	0.1406	0.3112	0.3002
SRC	0.392	0.1416	1.0
POU5F1	0.3715	0.8156	0.1458
TFAP2A	0.4253	0.8584	0.1488
BUB1	0.2798	1.0	0.1501
WEE1	0.2863	0.1505	1.0
CDK11B	0.4684	1.0	0.1549
HIPK2	0.3298	0.1583	0.8088
NR3C1	0.3492	0.7457	0.1618
NFATC3	0.7627	0.1634	1.0
PAK2	0.3014	0.1651	1.0
GATA4	0.4692	0.1689	0.9131
ELL	0.2539	0.1689	0.6717
CDK6	0.4585	0.169	1.0
B2M	0.4847	0.1692	1.0
MEF2C	0.607	1.0	0.1693
AHR	0.4797	0.1706	0.9117
AURKA	0.1711	0.3395	0.3437
TRRAP	0.4631	0.1716	0.9112
PAX8	0.3415	0.7943	0.1718
CREM	0.7097	1.0	0.1722
MTOR	0.5932	0.1739	1.0
MAPKAPK5	0.3289	0.1745	1.0
TAF9	0.6136	0.1747	1.0
KAT5	0.4899	0.178	0.9198
FOXA1	0.7032	0.1813	0.9728
PRKCB	0.187	0.183	0.5725
PTPN11	0.1852	0.3728	0.3635
MAP3K7	0.3313	1.0	0.1868
HELZ2	0.1873	0.4034	0.2419
PPARGC1A	0.7534	0.9864	0.188
PIK3R1	0.5351	1.0	0.1904
CDKN2A	0.2661	0.6338	0.1907
HIF1A	0.3209	0.1908	0.6625
AKT1	0.2946	0.6843	0.1915
TOPBP1	0.5243	0.1921	1.0
CHUK	0.5503	1.0	0.1944
NFATC1	0.8087	0.196	1.0
CCNA2	0.1964	0.3797	0.3789
MECP2	0.7634	0.1965	0.9856
ETS2	0.6359	0.1976	0.9655
BTF3	0.1997	0.5073	0.2213
GLI1	0.342	0.7368	0.2022
IL2RG	0.205	0.3559	0.342
HDAC4	0.3362	0.2055	0.7202
CARM1	0.2694	0.2062	0.5854
GABPB1	0.6951	1.0	0.2084
CHD9	0.2089	0.2211	0.4709
TGS1	0.2089	0.2211	0.4709
SMARCD3	0.2089	0.2211	0.4709
GABPA	0.6995	1.0	0.2095
RFC2	0.4067	1.0	0.2101
SOS1	0.2115	0.3889	0.3853
GSK3A	0.3868	0.2131	1.0
HSF1	0.5719	0.2151	0.9318
GAB1	0.4206	0.2164	1.0
MED19	0.4276	0.8348	0.2175
MED16	0.4276	0.8348	0.2175
MED15	0.4276	0.8348	0.2175
MED18	0.4276	0.8348	0.2175
MED17	0.4276	0.8348	0.2175
MED11	0.4276	0.8348	0.2175
MED14	0.4276	0.8348	0.2175
MED13	0.4276	0.8348	0.2175
MED10	0.4276	0.8348	0.2175
MED27	0.4276	0.8348	0.2175
MED26	0.4276	0.8348	0.2175
MED29	0.4276	0.8348	0.2175
MED28	0.4276	0.8348	0.2175
MED22	0.4276	0.8348	0.2175
MED25	0.4276	0.8348	0.2175
MED24	0.4276	0.8348	0.2175
MED21	0.4276	0.8348	0.2175
MED20	0.4276	0.8348	0.2175
MED30	0.4276	0.8348	0.2175
MED31	0.4276	0.8348	0.2175
CCNC	0.4276	0.8348	0.2175
MED13L	0.4276	0.8348	0.2175
MED8	0.4276	0.8348	0.2175
MED9	0.4276	0.8348	0.2175
MED4	0.4276	0.8348	0.2175
MED6	0.4276	0.8348	0.2175
MED7	0.4276	0.8348	0.2175
FAM120B	0.4276	0.8348	0.2175
ARNTL	0.3283	0.6789	0.2189
PRDM1	0.2623	0.2201	0.6403
CDK19	0.4346	0.8369	0.2204
CDK8	0.4362	0.837	0.2218
PURA	0.5988	1.0	0.2226
ATF5	0.2598	0.6405	0.2235
NFKB2	0.4541	0.8489	0.2246
NCOA6	0.226	0.2978	0.4009
FOXQ1	0.6021	1.0	0.2262
NR2F2	0.2703	0.2268	0.6406
TFAP2B	0.6043	1.0	0.2271
MMP13	0.2705	0.6534	0.2283
DLX5	0.2667	0.6414	0.2283
CTCF	0.2697	0.2289	0.6451
PIN1	0.4099	0.2294	1.0
SF1	0.2671	0.6345	0.2296
MSX1	0.6087	1.0	0.23
PTCH1	0.2652	0.6433	0.23
SP2	0.6024	1.0	0.2302
TSC22D3	0.6009	0.2324	1.0
MTF1	0.2328	0.3839	0.3762
GLI3	0.2329	0.3824	0.384
MAPK3	0.455	0.2331	0.812
ETV6	0.2647	0.2336	0.6362
TNFRSF11B	0.27	0.2337	0.6437
CLK1	0.4521	0.2337	1.0
USF1	0.3928	0.2342	0.7173
PLK1	0.2343	0.3698	0.3714
E2F7	0.6101	1.0	0.2344
MLLT10	0.6039	1.0	0.2354
BCL2L11	0.4468	1.0	0.2368
ANKRD1	0.6109	0.2369	1.0
PRKCA	0.2404	0.2371	0.523
CDH1	0.4484	1.0	0.2373
NCOA2	0.2379	0.3713	0.336
SERPINB5	0.2659	0.2387	0.632
SUPT7L	0.6054	0.2395	1.0
TAF12	0.6054	0.2395	1.0
TAF10	0.6054	0.2395	1.0
ESR2	0.2423	0.3889	0.388
IKBKG	0.4481	1.0	0.2426
ERG	0.8169	1.0	0.2454
PKD1	0.4578	1.0	0.2466
PIK3CA	0.6367	1.0	0.2494
TP53	0.3146	0.5621	0.2518
CREBBP	0.5074	0.252	0.7896
CSNK2A1	0.2531	0.3504	0.3856
BTRC	0.4701	1.0	0.2562
INSR	0.4829	1.0	0.2575
HRAS	0.4741	1.0	0.2584
MED1	0.2585	0.4573	0.2885
CDK1	0.5588	0.2592	0.8795
FYN	0.4554	0.2596	1.0
MAPK7	0.4478	1.0	0.2599
FGG	0.4817	0.2638	1.0
NCOA1	0.3082	0.5614	0.2649
MSC	0.2803	0.572	0.2695
YY1	0.2702	0.3207	0.4415
ATF3	0.7809	0.2704	1.0
HDAC1	0.2708	0.4229	0.3219
STAT5B	0.5245	0.8172	0.2709
MED23	0.526	0.8644	0.2714
AKT2	0.4689	1.0	0.2715
HIC1	0.7757	0.2734	1.0
MAMLD1	0.4964	0.8007	0.2786
MAML3	0.4964	0.8007	0.2786
CAMK2A	0.4745	1.0	0.2793
FLNA	0.5077	0.2825	1.0
MAPK1	0.7687	0.2847	0.9776
SIN3A	0.316	0.2868	0.5936
PPARA	0.4179	0.2882	0.6696
FOXO4	0.471	0.7523	0.2947
ING4	0.3037	0.2949	0.5489
TRIM28	0.7184	0.2978	1.0
HDAC3	0.8125	0.2991	0.9848
HDGF	0.3869	0.2998	0.7069
MMP7	0.7176	1.0	0.2999
KAT2B	0.3002	0.3158	0.5166
SHC1	0.5424	1.0	0.3004
MAPK14	0.5576	0.8734	0.3014
NRF1	0.3015	0.304	0.536
PRKCQ	0.7025	0.3028	1.0
ILF3	0.3933	0.7067	0.3032
SP4	0.7168	1.0	0.3044
SOX6	0.3925	0.3048	0.7112
ACTL6A	0.7102	0.3051	1.0
EHMT2	0.717	1.0	0.3056
RORA	0.3921	0.7046	0.3056
SALL4	0.393	0.7038	0.306
ROCK1	0.3061	0.4476	0.4516
HBP1	0.7104	1.0	0.3066
NR3C2	0.3943	0.7144	0.3078
HDAC9	0.6991	0.9517	0.3081
TFE3	0.3904	0.3099	0.7026
IRF2	0.7188	0.3112	1.0
IRF7	0.7238	0.3116	1.0
IL23R	0.7086	0.312	0.9527
GNAI3	0.5527	0.3123	1.0
GNAI1	0.5527	0.3123	1.0
GNAZ	0.5527	0.3123	1.0
GNAO1	0.5527	0.3123	1.0
SUPT3H	0.7113	0.3142	1.0
RXRA	0.3165	0.359	0.4572
MEN1	0.7182	1.0	0.3171
IL6ST	0.4079	0.3188	0.7173
IRF1	0.7693	0.3202	0.9498
GAB2	0.3216	0.4733	0.4691
HMGA1	0.375	0.6334	0.3246
MAML2	0.5758	0.827	0.3251
YWHAZ	0.5364	1.0	0.3261
TGFA	0.3265	0.4738	0.4604
RUNX1	0.7969	0.9595	0.3273
RPS6KA1	0.557	1.0	0.3296
PROX1	0.3821	0.3306	0.63
FOSL1	0.3476	0.5651	0.3312
DDIT3	0.756	0.3324	0.9617
CLOCK	0.3559	0.5613	0.333
CREB5	0.8362	1.0	0.3336
TP63	0.3381	0.3784	0.4607
EP300	0.3594	0.3396	0.5194
HDAC2	0.3409	0.5216	0.3551
IGF1	0.6104	1.0	0.3416
TCF4	0.7605	0.9628	0.3427
GATA2	0.57	0.8255	0.3431
MAPK9	0.7175	1.0	0.3436
KLF5	0.6289	0.3447	0.8886
CLK2	0.6024	1.0	0.3511
FOS	0.4959	0.3565	0.6874
IL23A	0.5791	0.3575	0.8145
HBEGF	0.6291	0.3595	1.0
SKP2	0.6365	0.3618	1.0
SGK1	0.6276	1.0	0.3666
SND1	0.6456	1.0	0.3727
VAV3	0.659	0.3731	1.0
NPAS2	0.4441	0.6383	0.3751
CEBPD	0.6448	0.8524	0.3753
KLK3	0.5136	0.7641	0.3753
ELF3	0.793	1.0	0.3755
RUVBL2	0.4982	0.3758	0.7564
NOTCH3	0.4749	0.6809	0.3763
RUVBL1	0.5007	0.3797	0.7538
ELK1	0.4651	0.678	0.3804
NR4A1	0.473	0.6737	0.382
IL8	0.7972	1.0	0.3842
NR5A1	0.4656	0.3863	0.6697
PDGFB	0.6565	0.3877	1.0
HDAC5	0.8068	0.3885	1.0
VHL	0.7006	0.913	0.3893
HOXA10	0.8764	0.3896	1.0
SMAD7	0.4663	0.3906	0.6788
EPO	0.668	0.395	1.0
PITX1	0.473	0.668	0.3959
PAK1	0.6448	0.3959	1.0
CREB1	0.9407	0.3977	0.9953
WT1	0.6834	0.8457	0.4037
CSNK2A2	0.6344	1.0	0.404
GATA3	0.4542	0.4115	0.5972
CBFB	0.947	0.9974	0.4123
TP73	0.4151	0.4891	0.4606
VEGFA	0.5635	0.416	0.7831
MAML1	0.7018	0.8709	0.416
EGF	0.695	0.4184	1.0
REST	0.7053	0.4223	0.8777
JUNB	0.4863	0.4275	0.6235
RAD51	0.6179	0.8085	0.4411
IRF3	0.6187	0.8109	0.444
CCND1	0.7753	0.9327	0.445
FOXA3	0.6139	0.8037	0.4455
SMAD2	0.6233	0.8052	0.451
RPS6KB1	0.7094	1.0	0.4515
TBX21	0.6132	0.4528	0.7977
APC	0.6174	0.8042	0.454
FOXF2	0.6224	0.455	0.8031
IL6	0.7654	1.0	0.4649
TCF3	0.6272	0.8042	0.4653
CDKN1B	0.7538	0.4671	1.0
CCNB1	0.7396	1.0	0.4708
AURKB	0.7145	1.0	0.4719
SMAD4	0.8332	0.9354	0.4735
CCNE1	0.7647	1.0	0.4747
PLK4	0.7637	0.4798	1.0
FLI1	0.8119	0.4822	0.9405
MDM2	0.4834	0.5698	0.5596
XBP1	0.8881	0.4841	0.9664
STAT3	0.5656	0.4849	0.6184
GATA1	0.7123	0.4853	0.8252
NOTCH1	0.8226	0.9439	0.486
EGR1	0.4866	0.5282	0.4993
CCND2	0.4939	0.5661	0.5784
ITGB1	0.4993	0.5689	0.5719
ATF1	0.8974	1.0	0.4994
STK11	0.7904	1.0	0.503
FOXP3	0.7013	0.8384	0.5129
EPAS1	0.6077	0.5133	0.685
KLF2	0.7055	0.5223	0.842
ELF1	0.7076	0.5308	0.8369
DNMT1	0.533	0.5521	0.5728
HNF4A	0.8995	0.9686	0.5343
IL4	0.8127	0.9112	0.5356
NR1H4	0.8662	0.9537	0.5387
HES1	0.8605	0.5403	0.9564
SNAI2	0.9528	1.0	0.5452
USF2	0.6588	0.5457	0.7221
STAT5A	0.5463	0.5662	0.5501
PIM1	0.8201	0.5516	1.0
RBPJ	0.7137	0.7789	0.5539
CDH2	0.8408	0.5586	1.0
JUN	0.7983	0.5591	0.8376
BCL3	0.8426	1.0	0.5643
NCOR1	0.8985	0.5654	0.9644
PPARG	0.6815	0.5657	0.7073
COPS5	0.8445	0.568	1.0
SPI1	0.9711	0.5708	0.9957
CEBPE	0.8583	0.5739	1.0
ABL1	0.7618	0.5746	0.858
ATF4	0.916	0.5752	0.969
HOXB7	0.9283	1.0	0.5752
MCM7	0.8504	0.5766	1.0
ESRRA	0.94	0.5828	1.0
MTA1	0.7697	0.8226	0.5919
FOSL2	0.9643	0.5935	1.0
TWIST2	0.9859	0.5958	1.0
PRKCH	0.8652	0.5984	1.0
FN1	0.8718	0.5994	1.0
CEBPB	0.712	0.6006	0.724
MAP3K5	0.8689	0.6019	1.0
PTGS2	0.6028	0.6422	0.6291
AIP	0.608	0.6371	0.6455
ASF1B	0.6085	0.6477	0.6365
MAPK11	0.6086	0.6495	0.6415
ZFHX3	0.6096	0.6342	0.6489
POLE3	0.6101	0.647	0.6356
MCM6	0.613	0.6473	0.6343
PLK3	0.8739	0.6154	1.0
FOXO1	0.855	0.8824	0.6156
ZNF300	0.6172	0.6434	0.6426
PRKCE	0.8802	0.618	1.0
KAT2A	0.6469	0.6352	0.6214
POU4F1	0.9075	0.6311	1.0
PAX6	0.9565	1.0	0.632
FOXD3	0.8983	1.0	0.6325
NKX3-1	0.8969	0.6332	1.0
FOXP2	0.8958	0.6333	1.0
HIST2H2AA3	0.9024	1.0	0.6353
HIST2H2AC	0.9024	1.0	0.6353
H2AFB1	0.9024	1.0	0.6353
HIST1H2AD	0.9024	1.0	0.6353
HIST1H2AB	0.9024	1.0	0.6353
HIST1H2AJ	0.9024	1.0	0.6353
H2AFJ	0.9024	1.0	0.6353
H2AFZ	0.9024	1.0	0.6353
H2AFV	0.9024	1.0	0.6353
SIRT1	0.7808	0.636	0.7708
PAX3	0.9058	1.0	0.636
PITX2	0.9012	1.0	0.6372
FOXL2	0.9032	0.6383	1.0
RXRB	0.9031	0.6397	1.0
H2AFX	0.9058	1.0	0.6401
HOXA9	0.8995	0.6404	1.0
PARP1	0.8415	0.8969	0.6415
MAF	0.9018	0.642	1.0
MCM5	0.9027	0.6445	1.0
NR1D1	0.9023	1.0	0.6461
NR1H2	0.8954	0.6461	1.0
KLF4	0.8887	0.9096	0.6461
EDNRA	0.6461	0.6655	0.663
HIF3A	0.8992	0.6474	1.0
NOTCH2	0.8959	0.6478	1.0
RUNX3	0.8865	0.906	0.6483
PRKACA	0.831	0.6496	0.9023
NR2F1	0.9043	1.0	0.6501
DAPK2	0.9069	0.6515	1.0
JUND	0.8372	0.8472	0.6576
HDAC7	0.969	0.6746	1.0
NFIC	0.8789	0.6805	0.9089
FOXO3	0.9034	0.6829	0.9135
AR	0.986	0.9947	0.6838
NOTCH4	0.9385	1.0	0.6937
ZBTB16	0.9314	1.0	0.6939
MEF2D	0.9332	1.0	0.6966
POU1F1	0.937	1.0	0.6987
HIST2H3C	0.9389	1.0	0.7015
H3F3B	0.9389	1.0	0.7015
HIST1H3E	0.9389	1.0	0.7015
HIST1H2AC	0.9389	1.0	0.7015
PIAS1	0.7141	0.7076	0.7026
ABCA3	0.7101	0.7086	0.7031
HIST3H2BB	0.9405	1.0	0.704
H2BFS	0.9405	1.0	0.704
HIST1H4C	0.9405	1.0	0.704
HIST1H2BH	0.9405	1.0	0.704
HIST1H2BG	0.9405	1.0	0.704
HIST1H2BB	0.9405	1.0	0.704
HIST1H2BA	0.9405	1.0	0.704
HIST1H2BD	0.9405	1.0	0.704
HIST1H2BN	0.9405	1.0	0.704
HIST1H2BM	0.9405	1.0	0.704
HIST1H2BO	0.9405	1.0	0.704
HIST1H2BJ	0.9405	1.0	0.704
HIST1H2BL	0.9405	1.0	0.704
HIST1H2BK	0.9405	1.0	0.704
TNF	0.7181	0.7124	0.7046
DCT	0.7194	0.7102	0.705
RARA	0.7574	0.7075	0.7053
TWIST1	0.9725	0.7054	0.9868
TAL1	0.9358	1.0	0.7065
ATF2	0.9282	0.9242	0.7074
EGR2	0.9343	1.0	0.7079
NR1H3	0.9306	0.7085	1.0
F2	0.9388	1.0	0.709
RXRG	0.9382	0.7109	1.0
PRKCD	0.9366	0.7139	1.0
CDC25A	0.9435	1.0	0.7142
CCND3	0.9394	0.7174	1.0
KLF6	0.9775	1.0	0.7189
CDK4	0.7304	0.7246	0.7326
IL37	0.9086	0.7273	0.9316
IL13	0.8994	0.8892	0.7347
NR1I2	0.8086	0.7508	0.7441
ASCL1	0.7971	0.7506	0.7625
SOX9	0.9383	0.7558	0.9423
ONECUT1	0.7943	0.7682	0.7576
HIST2H2BE	0.8015	0.7696	0.7578
RUNX2	0.9952	1.0	0.7594
CDC6	0.7943	0.7626	0.7596
CEBPA	0.9076	0.7624	0.8774
KLF10	0.9606	1.0	0.765
HNF1A	0.9831	0.9901	0.7899
PDX1	0.9745	1.0	0.7957
CIITA	0.9898	0.7976	1.0
RBMX	0.9739	0.8031	1.0
IRF9	0.8578	0.8062	0.8041
ZFP36	0.8614	0.805	0.8105
ZBTB17	0.9658	0.8192	0.9615
MAPK8	0.9743	1.0	0.8231
SNAI1	0.9011	0.832	0.8415
SPP1	0.902	0.8459	0.8377
APEX1	0.9041	0.8491	0.839
LMO2	0.9038	0.8403	0.842
PAX5	0.9768	0.9672	0.8491
PML	0.9953	0.8496	1.0
SMAD3	0.9851	0.8503	0.9724
POU2F1	0.996	0.8573	1.0
WWTR1	0.9305	0.8669	0.8639
ABCB1	0.93	0.8744	0.8654
TBP	0.9304	0.8724	0.8724
SATB1	0.9531	0.8907	0.8931
ERBB4	0.9503	0.8976	0.893
PGR	0.9693	0.9092	0.9137
STAT6	0.9877	0.9643	0.9097
SRF	0.9906	0.957	0.9523
ARAF	1.0	1.0	1.0
TBK1	1.0	1.0	1.0
AKT3	1.0	1.0	1.0
PBX1	1.0	1.0	1.0
IKBKB	1.0	1.0	1.0
IKBKE	1.0	1.0	1.0
NRAS	1.0	1.0	1.0
PKN1	1.0	1.0	1.0
NEK2	1.0	1.0	1.0
MAP3K8	1.0	1.0	1.0
PIM2	1.0	1.0	1.0
CDKL5	1.0	1.0	1.0
FBXW7	1.0	1.0	1.0
TNNI3K	1.0	1.0	1.0
TUBA4A	1.0	1.0	1.0
MAPKAPK2	1.0	1.0	1.0
STK39	1.0	1.0	1.0
STK38	1.0	1.0	1.0
NEK9	1.0	1.0	1.0
BDNF	1.0	1.0	1.0
ITGB3	1.0	1.0	1.0
ARRB1	1.0	1.0	1.0
ARRB2	1.0	1.0	1.0
HSP90AA1	1.0	1.0	1.0
KSR1	1.0	1.0	1.0
LCP2	1.0	1.0	1.0
ROCK2	1.0	1.0	1.0
CDC42	1.0	1.0	1.0
PTPN1	1.0	1.0	1.0
BCAR1	1.0	1.0	1.0
PTPN2	1.0	1.0	1.0
ACTB	1.0	1.0	1.0
KDR	1.0	1.0	1.0
TRIM24	1.0	1.0	1.0
CSNK1D	1.0	1.0	1.0
CSNK1E	1.0	1.0	1.0
CSNK2B	1.0	1.0	1.0
ULK1	1.0	1.0	1.0
PTK6	1.0	1.0	1.0
PTK2	1.0	1.0	1.0
WNK1	1.0	1.0	1.0
CALM1	1.0	1.0	1.0
PPP3CA	1.0	1.0	1.0
RAC1	1.0	1.0	1.0
NR5A2	1.0	1.0	1.0
KIT	1.0	1.0	1.0
CaMK2	1.0	1.0	1.0
PAK4	1.0	1.0	1.0
MAP3K1	1.0	1.0	1.0
RPA1	1.0	1.0	1.0
PER1	1.0	1.0	1.0
KITLG	1.0	1.0	1.0
STK17A	1.0	1.0	1.0
IL4R	1.0	1.0	1.0
RAF1	1.0	1.0	1.0
CCNB2	1.0	1.0	1.0
GRK2	1.0	1.0	1.0
GRK5	1.0	1.0	1.0
IRAK1	1.0	1.0	1.0
GH2	1.0	1.0	1.0
GH1	1.0	1.0	1.0
GNB1	1.0	1.0	1.0
TAB2	1.0	1.0	1.0
DYRK4	1.0	1.0	1.0
GSK3B	1.0	1.0	1.0
DYRK2	1.0	1.0	1.0
YWHAQ	1.0	1.0	1.0
MLST8	1.0	1.0	1.0
YWHAG	1.0	1.0	1.0
YWHAH	1.0	1.0	1.0
PDPK1	1.0	1.0	1.0
IRF4	1.0	1.0	1.0
GNG2	1.0	1.0	1.0
PTK2B	1.0	1.0	1.0
EPOR	1.0	1.0	1.0
MAPK12	1.0	1.0	1.0
MAPK13	1.0	1.0	1.0
MAPK10	1.0	1.0	1.0
KRAS	1.0	1.0	1.0
CREB3L3	1.0	1.0	1.0
PRKCI	1.0	1.0	1.0
DAPK1	1.0	1.0	1.0
DAPK3	1.0	1.0	1.0
PRKD3	1.0	1.0	1.0
PRKD2	1.0	1.0	1.0
PRKD1	1.0	1.0	1.0
PRKDC	1.0	1.0	1.0
PRKCZ	1.0	1.0	1.0
PLCG1	1.0	1.0	1.0
BRAF	1.0	1.0	1.0
CDK16	1.0	1.0	1.0
RET	1.0	1.0	1.0
ZEB2	1.0	1.0	1.0
ZEB1	1.0	1.0	1.0
CK1	1.0	1.0	1.0
CSNK1A1	1.0	1.0	1.0
HIPK1	1.0	1.0	1.0
GRAP2	1.0	1.0	1.0
MAP2K3	1.0	1.0	1.0
MAP2K4	1.0	1.0	1.0
MAP2K1	1.0	1.0	1.0
MAP2K2	1.0	1.0	1.0
DYRK1A	1.0	1.0	1.0
DYRK1B	1.0	1.0	1.0
VRK1	1.0	1.0	1.0
ABL2	1.0	1.0	1.0
MAP2K7	1.0	1.0	1.0
MAP2K6	1.0	1.0	1.0
LHX2	1.0	1.0	1.0
CDK3	1.0	1.0	1.0
LAT	1.0	1.0	1.0
PRKG2	1.0	1.0	1.0
PKC	1.0	1.0	1.0
TRAF2	1.0	1.0	1.0
TRAF6	1.0	1.0	1.0
CSK	1.0	1.0	1.0
KLF8	1.0	1.0	1.0
RPS6KA4	1.0	1.0	1.0
RPS6KA3	1.0	1.0	1.0
RPS6KA5	1.0	1.0	1.0
PPP2R1B	1.0	1.0	1.0
PPP2R1A	1.0	1.0	1.0
RPS6KA2	1.0	1.0	1.0
CHEK2	1.0	1.0	1.0
UHMK1	1.0	1.0	1.0
NLK	1.0	1.0	1.0
NUAK1	1.0	1.0	1.0
SRPK2	1.0	1.0	1.0
RPTOR	1.0	1.0	1.0
RHOC	1.0	1.0	1.0
VAV1	1.0	1.0	1.0
RHOA	1.0	1.0	1.0
VAV2	1.0	1.0	1.0
FAM20C	1.0	1.0	1.0
SGK3	1.0	1.0	1.0
CXCR4	1.0	1.0	1.0
PPP2CA	1.0	1.0	1.0
PPP2CB	1.0	1.0	1.0
CDK5R1	1.0	1.0	1.0
PXN	1.0	1.0	1.0
STK4	1.0	1.0	1.0
STK3	1.0	1.0	1.0
MARK3	1.0	1.0	1.0
FGA	1.0	1.0	1.0
PPP2R5A	1.0	1.0	1.0
PPP2R5D	1.0	1.0	1.0
PPP2R5C	1.0	1.0	1.0
LATS1	1.0	1.0	1.0
CAMK2B	1.0	1.0	1.0
CAMK2D	1.0	1.0	1.0
CAMK2G	1.0	1.0	1.0
PPP2R3B	1.0	1.0	1.0
RPS6KB2	1.0	1.0	1.0