Overall graph size pval = 0.3578
Gene	Downstream crowded pval	Downstream suggests activation pval	Downstream suggests inhibition pval
FAM20C	2.0E-4	1.0E-4	1.0
CDK2	0.142	0.9999	1.0E-4
FYN	0.0073	9.0E-4	1.0
CHEK1	0.1494	1.0	0.0043
CAMK2D	0.0176	0.0048	1.0
WNK1	0.0309	0.0125	1.0
STK4	0.043	0.0164	1.0
ERBB2	0.0192	0.0475	0.2665
PKC	0.0623	0.0268	1.0
BTK	0.0782	0.0324	1.0
ZAP70	0.1075	0.0371	1.0
PRKCD	0.1688	0.0425	1.0
CSNK1D	0.1099	0.0468	1.0
PRKCA	0.1567	0.0473	0.8813
FGR	0.1265	0.0578	1.0
CDC42	0.1481	0.0648	1.0
SYK	0.1551	0.0675	1.0
YES1	0.1565	0.0722	1.0
PDPK1	0.0739	0.1558	0.4146
CSK	0.1763	0.0749	1.0
CAMK2A	0.2226	0.0756	1.0
DAPK1	0.21	1.0	0.0823
SRC	0.1336	0.0875	0.6621
UHMK1	0.1955	0.0906	1.0
GNAI3	0.2282	0.0922	1.0
GNAI1	0.2282	0.0922	1.0
GNAI2	0.2282	0.0922	1.0
GNAZ	0.2282	0.0922	1.0
GNAO1	0.2282	0.0922	1.0
SHC1	0.2131	0.0943	1.0
MRE11	0.2394	1.0	0.0993
ABL1	0.2196	0.1061	1.0
HDAC1	0.2244	1.0	0.1153
SIN3A	0.2454	1.0	0.1175
PPP2R5C	0.298	0.1239	1.0
CCNA2	0.2911	1.0	0.1242
AURKB	0.2077	0.6002	0.126
CBL	0.2367	1.0	0.1299
PIK3CA	0.2071	0.1338	1.0
NEK3	0.3297	1.0	0.1391
MAPKAPK5	0.3072	0.1504	1.0
DYRK2	0.3079	0.1522	1.0
JAK2	0.3387	0.1594	1.0
ABL2	0.2498	0.1636	1.0
SRPK1	0.255	0.1637	1.0
RHOA	0.2973	0.1671	1.0
HIPK1	0.2663	0.1698	1.0
ACTB	0.3071	1.0	0.1701
BCR	0.2664	0.1731	1.0
PTK2B	0.2684	0.1777	1.0
PTPN11	0.2954	0.1802	1.0
PTK2	0.2978	0.1855	1.0
SMPD1	0.375	1.0	0.1915
BLK	0.2924	0.1937	1.0
PDGFB	0.2964	0.195	1.0
NEK9	0.3016	0.1972	1.0
SOS1	0.3048	0.1988	1.0
CDK5	0.2701	0.2009	0.7198
BTRC	0.4348	1.0	0.2037
MET	0.3247	0.2153	1.0
TP53	0.3538	0.2174	1.0
NBN	0.4952	1.0	0.2248
LYN	0.2284	0.286	0.4767
PRKD2	0.3488	0.2304	1.0
PIK3R1	0.3495	0.2334	1.0
PF4	0.4082	0.2337	1.0
CXCL10	0.4082	0.2337	1.0
CXCL11	0.4082	0.2337	1.0
CXCL9	0.4082	0.2337	1.0
CLK1	0.3533	0.2339	1.0
ERBB3	0.4087	0.2346	1.0
PPP2R3B	0.4002	1.0	0.2361
EDN1	0.3572	0.2364	1.0
EPO	0.3542	0.2383	1.0
EPOR	0.3542	0.2383	1.0
CSNK2A2	0.7025	1.0	0.2388
LCK	0.4774	0.2404	1.0
TLN1	0.3743	0.2461	1.0
FN1	0.3738	0.2474	1.0
ITGB3	0.3738	0.2474	1.0
PDGFRB	0.3727	0.2479	1.0
INSR	0.4036	0.2504	1.0
NRG1	0.4314	0.2529	1.0
MAP2K4	0.3756	0.2538	1.0
PKN1	0.386	0.2562	1.0
GNAQ	0.4023	0.257	1.0
PAK1	0.5519	0.2601	1.0
HLA-DRB1	0.4469	0.2603	1.0
HLA-DRA	0.4469	0.2603	1.0
CD4	0.4469	0.2603	1.0
YWHAG	0.5699	1.0	0.265
EGFR	0.5186	1.0	0.269
PLCG2	0.4025	0.2692	1.0
CSNK2B	0.405	0.2701	1.0
FLNA	0.4506	0.2705	1.0
WNT5A	0.4506	0.2705	1.0
CD3E	0.47	0.2768	1.0
CD3D	0.47	0.2768	1.0
SIK1	0.4268	0.2863	1.0
FZD2	0.4718	0.2883	1.0
WEE1	0.6038	1.0	0.2928
MAP3K7	0.2949	0.499	0.3494
TRBC1	0.4902	0.2952	1.0
CD3G	0.4912	0.2952	1.0
TRAC	0.4902	0.2952	1.0
CD247	0.4912	0.2952	1.0
DYRK1A	0.2958	0.5129	0.3512
KDR	0.4503	0.3036	1.0
VEGFA	0.4503	0.3036	1.0
IKBKE	0.4473	0.3042	1.0
RET	0.448	0.306	1.0
PRKG1	0.306	0.5114	0.3455
MAPK11	0.5458	0.3068	1.0
HCK	0.458	0.3193	1.0
CAMK2G	0.472	0.3213	1.0
STK38	0.471	0.328	1.0
AKT2	0.5731	0.3311	1.0
TRAF2	0.4935	0.3362	1.0
PRKCE	0.4952	0.342	1.0
GRB2	0.5445	0.3427	1.0
CK1	0.5011	0.3462	1.0
AKT1	0.4347	0.3478	0.6994
BUB1	0.683	1.0	0.3481
RAC1	0.5297	0.3608	1.0
CDK7	0.3766	0.6077	0.3622
JAK1	0.5821	0.3785	1.0
TBK1	0.5634	0.4027	1.0
GSK3A	0.4044	0.5856	0.4137
CDK5R1	0.5673	0.4106	1.0
CSNK1A1	0.7602	1.0	0.4147
PRKCQ	0.6138	0.415	1.0
ATR	0.5863	0.4151	1.0
YWHAE	0.761	1.0	0.4157
CDK9	0.7673	1.0	0.4277
MAPK3	0.8836	0.4292	1.0
PAK2	0.6029	0.4353	1.0
PAK4	0.6297	0.4534	1.0
MAPK10	0.7167	0.4604	1.0
CLK2	0.6429	0.4731	1.0
YWHAB	0.6056	0.4827	0.8073
PIN1	0.7267	0.512	1.0
PRKCB	0.7057	0.5245	1.0
MAPKAPK2	0.5802	0.7107	0.5316
PRKCZ	0.8311	1.0	0.5349
CSNK2A1	0.9734	0.9988	0.5373
PRKACA	0.6627	0.5378	0.8041
PRKAA2	0.7389	0.5598	1.0
PRKD1	0.7374	0.5617	1.0
MAPK7	0.7435	0.567	1.0
CDK1	0.9257	0.9716	0.5923
CDK4	0.884	0.9622	0.599
CDK6	0.8631	0.6394	1.0
MAPK9	0.8837	0.6628	1.0
YWHAZ	0.8404	0.6807	1.0
MAPK8	0.8183	0.6903	0.8983
GSK3B	0.8253	0.7005	0.8976
MTOR	0.9593	1.0	0.7205
PRKAA1	0.8981	0.7436	1.0
MAPK1	0.9937	0.899	0.9968
MAPK14	0.9895	0.9424	1.0
ARAF	1.0	1.0	1.0
RPS6KA4	1.0	1.0	1.0
RPS6KA3	1.0	1.0	1.0
RPS6KA5	1.0	1.0	1.0
PPP2R1B	1.0	1.0	1.0
PPP2R1A	1.0	1.0	1.0
PRKACG	1.0	1.0	1.0
RPS6KA2	1.0	1.0	1.0
CHEK2	1.0	1.0	1.0
AKT3	1.0	1.0	1.0
RPS6KA1	1.0	1.0	1.0
PRKACB	1.0	1.0	1.0
PRKCG	1.0	1.0	1.0
PRKCI	1.0	1.0	1.0
PRKCH	1.0	1.0	1.0
PRKD3	1.0	1.0	1.0
ULK1	1.0	1.0	1.0
PRKDC	1.0	1.0	1.0
NLK	1.0	1.0	1.0
PPP3R1	1.0	1.0	1.0
SFN	1.0	1.0	1.0
PLCG1	1.0	1.0	1.0
SRPK2	1.0	1.0	1.0
PLK3	1.0	1.0	1.0
PLK1	1.0	1.0	1.0
PTK6	1.0	1.0	1.0
CDC7	1.0	1.0	1.0
BRAF	1.0	1.0	1.0
ATM	1.0	1.0	1.0
CALM1	1.0	1.0	1.0
CALM2	1.0	1.0	1.0
CDK16	1.0	1.0	1.0
IKBKB	1.0	1.0	1.0
RPTOR	1.0	1.0	1.0
PPP3CA	1.0	1.0	1.0
IKBKG	1.0	1.0	1.0
HRAS	1.0	1.0	1.0
SGK3	1.0	1.0	1.0
SGK1	1.0	1.0	1.0
CXCR4	1.0	1.0	1.0
CaMK2	1.0	1.0	1.0
PPP2CA	1.0	1.0	1.0
PPP2CB	1.0	1.0	1.0
NRAS	1.0	1.0	1.0
MAP3K1	1.0	1.0	1.0
HIPK2	1.0	1.0	1.0
KITLG	1.0	1.0	1.0
STK17A	1.0	1.0	1.0
AXL	1.0	1.0	1.0
CAMK4	1.0	1.0	1.0
CTNNB1	1.0	1.0	1.0
STK11	1.0	1.0	1.0
CCND1	1.0	1.0	1.0
CDH1	1.0	1.0	1.0
PIM1	1.0	1.0	1.0
EP300	1.0	1.0	1.0
MAP3K8	1.0	1.0	1.0
PIM2	1.0	1.0	1.0
MAP3K5	1.0	1.0	1.0
MAP2K1	1.0	1.0	1.0
CDKL5	1.0	1.0	1.0
MAP2K2	1.0	1.0	1.0
DYRK1B	1.0	1.0	1.0
VRK1	1.0	1.0	1.0
TNNI3K	1.0	1.0	1.0
RAF1	1.0	1.0	1.0
PXN	1.0	1.0	1.0
STK39	1.0	1.0	1.0
STK3	1.0	1.0	1.0
CCNB2	1.0	1.0	1.0
CCNB1	1.0	1.0	1.0
GRK5	1.0	1.0	1.0
GRK6	1.0	1.0	1.0
RIPK1	1.0	1.0	1.0
MAP2K7	1.0	1.0	1.0
MARK3	1.0	1.0	1.0
MARK2	1.0	1.0	1.0
NEK6	1.0	1.0	1.0
IL2	1.0	1.0	1.0
GH2	1.0	1.0	1.0
GH1	1.0	1.0	1.0
CDK3	1.0	1.0	1.0
GNB1	1.0	1.0	1.0
DYRK4	1.0	1.0	1.0
DYRK3	1.0	1.0	1.0
ARRB1	1.0	1.0	1.0
ARRB2	1.0	1.0	1.0
YWHAQ	1.0	1.0	1.0
MLST8	1.0	1.0	1.0
PRKG2	1.0	1.0	1.0
TOPBP1	1.0	1.0	1.0
YWHAH	1.0	1.0	1.0
HSP90AA1	1.0	1.0	1.0
AMP	1.0	1.0	1.0
CHUK	1.0	1.0	1.0
PPP2R5A	1.0	1.0	1.0
PPP2R5D	1.0	1.0	1.0
LATS1	1.0	1.0	1.0
TRAF6	1.0	1.0	1.0
CAMK2B	1.0	1.0	1.0
ROCK1	1.0	1.0	1.0
ROCK2	1.0	1.0	1.0
IL2RG	1.0	1.0	1.0
AURKA	1.0	1.0	1.0
GNG2	1.0	1.0	1.0
EGF	1.0	1.0	1.0
MAPK12	1.0	1.0	1.0
MAPK13	1.0	1.0	1.0
RPS6KB1	1.0	1.0	1.0
IL2RA	1.0	1.0	1.0
RPS6KB2	1.0	1.0	1.0
KRAS	1.0	1.0	1.0