

Data type: org.panda.causalpath.data.SiteModProteinData
Row ID	Change amount	P-value	Q-value
MDC1-P-S793	2.451005334867764	0.0862068761417744	36.724129236395896
MDC1-P-S376	1.7785420549584505	0.1688841917352942	35.972332839617664
FANCD2-P-S1435	1.7785420549584505	0.1688841917352942	23.981555226411775
APBB1-P-T709	-1.726261865924698	0.1779483630634942	18.951500666262135
MSH6-P-S41	1.726261865924698	0.1779483630634942	15.161200533009708
PMS2-P-S445	1.726261865924698	0.1779483630634942	12.63433377750809
MCM4-P-T19	1.726261865924698	0.1779483630634942	10.829428952149792
DTL-P-S557	1.726261865924698	0.1779483630634942	9.475750333131067
MDC1-P-S329	1.726261865924698	0.1779483630634942	8.422889185005394
PARP1-P-S782	1.726261865924698	0.1779483630634942	7.580600266504854
MSH6-P-S227	1.726261865924698	0.1779483630634942	6.891454787731686
MCM3-P-T722	1.726261865924698	0.1779483630634942	6.317166888754045
ATR-P-S435	1.7220670071064366	0.17869639917951277	5.855743542344034
UNG-P-T60	1.7220670071064366	0.17869639917951277	5.437476146462317
XRCC1-P-S461	1.6614464521055679	0.1898641519841735	5.3921419163505275
RECQL4-P-S89	1.63716158961096	0.19453141940527752	5.179399041665514
TOP2B-P-S1550	1.6195854986725664	0.19798074536005275	4.961164560198969
TIMELESS-P-S1173	1.5721699461258036	0.20759422497313743	4.913063324364252
MGMT-P-S201	1.546434686041008	0.21300605508641718	4.775819971937564
CDK7-P-T170	-1.546434686041008	0.21300605508641718	4.537028973340686
EP300-P-T1724	1.4616656969239723	0.23184976147764083	4.703238018546428
MCM3-P-S672	1.4616656969239723	0.23184976147764083	4.489454472248863
YY1-P-S247	1.4616656969239723	0.23184976147764083	4.294260799542391
KAT5-P-S86-S90	1.4616656969239723	0.23184976147764083	4.115333266228125
DTL-P-S478	1.4430857802666168	0.2361977785381699	4.024810146290415
ELL-P-T180	1.4430857802666168	0.2361977785381699	3.870009756048476
MSH6-P-S935	1.4430857802666168	0.2361977785381699	3.726676061380014
TIMELESS-P-S1121	1.4430857802666168	0.2361977785381699	3.5935804877592994
MCM3-P-T674	1.4430857802666168	0.2361977785381699	3.469663919215875
APBB1-P-S517	-1.4430857802666168	0.2361977785381699	3.3540084552420124
RBBP8-P-T315	1.3678790576258815	0.25464647771208987	3.499335467914525
PRKDC-P-S893	1.357257028197898	0.2573657566551503	3.4261816354716887
TCEA1-P-S100	1.357257028197898	0.2573657566551503	3.322357949548304
DTL-P-S679	1.357257028197898	0.2573657566551503	3.2246415392674717
TOP2B-P-S1400	1.357257028197898	0.2573657566551503	3.1325089238598296
TP53BP1-P-T855	1.357257028197898	0.2573657566551503	3.0454947870859455
MDC1-P-S1775	1.357257028197898	0.2573657566551503	2.9631841171647038
PRKDC-P-S2612	1.357257028197898	0.2573657566551503	2.8852055877656326
SIRT6-P-S330	1.357257028197898	0.2573657566551503	2.8112259573101035
MSH6-P-S252	1.357257028197898	0.2573657566551503	2.740945308377351
MSH6-P-S309	1.3232841278905545	0.26625943448774125	2.7665004656531167
MDC1-P-S882	1.2764372207486505	0.2790296526946448	2.830157905902826
SMARCC1-P-S310	1.2676182093675166	0.2815013011058243	2.788826843513515
SUMO1-P-T76	1.2306578477458958	0.2921003569004257	2.8280625463541216
TP53BP1-P-S1701	1.2203345222910618	0.29513142236923245	2.793910798428734
TOP2B-P-S1413	1.2203345222910618	0.29513142236923245	2.733173607158544
TERF1-P-T371	1.2133114081946164	0.2972114596418607	2.6938740810092057
RBBP8-P-S539	1.1907140113432293	0.30400412416271116	2.6980366019440614
DDB2-P-S26	1.1893938799366874	0.30440571457247034	2.646466008323926
TP53BP1-P-S1635	1.1667490882041631	0.31137755863980154	2.6529367996111093
TOP2B-P-S1466	1.1667490882041631	0.31137755863980154	2.6009184309912836
CLK2-P-S57	1.1667490882041631	0.31137755863980154	2.5509007688568355
WEE1-P-S67	1.1667490882041631	0.31137755863980154	2.5027705656708576
MSH6-P-S14	1.156263010729248	0.31465986703749105	2.4823167288513184
MSH6-P-S65	1.132826381220257	0.3221215303424559	2.494977671379749
RBBP8-P-S327	1.132826381220257	0.3221215303424559	2.4504244986765396
WEE1-P-S150	1.132826381220257	0.3221215303424559	2.407434595190986
MRE11-P-S689	-1.1291332343862235	0.32331337192072984	2.374680973072947
EP300-P-S2328	1.1291332343862235	0.32331337192072984	2.334432143020863
PCLAF-P-S72	1.056166696117714	0.34778642943716376	2.4692836490038625
POLR2E-P-Y26-T36	-1.056166696117714	0.34778642943716376	2.428803589184127
SMARCA4-P-S1449	1.056166696117714	0.34778642943716376	2.3896293377456734
TTK-P-S321	1.056166696117714	0.34778642943716376	2.351698713337012
POLR2A-P-S1910	1.0521922334483191	0.3491714441393178	2.324172425052334
MCM3-P-S160	1.0496528782532408	0.3500592411989368	2.294234411549955
PRKDC-P-T2603	-1.0496528782532408	0.3500592411989368	2.2594732841022283
CLK2-P-S50	1.0496528782532408	0.3500592411989368	2.225749802249956
PARP1-P-T368	1.0348910432716132	0.35526508733787754	2.225631282440233
DDB2-P-S24	1.0265464115991434	0.35824204717998964	2.2117552478068925
TP53BP1-P-T321	1.0210097544417978	0.36023101160071686	2.192263013455791
TOP2B-P-S1522	1.0210097544417978	0.36023101160071686	2.1613860696043012
SIRT6-P-S303	1.0016502228289337	0.36727285875505694	2.1730310809674203
TP53BP1-P-S1002	-1.0016502228289337	0.36727285875505694	2.143263531913072
TOP2B-P-S1441	0.9751977980488548	0.3771177530297424	2.1709751728468953
KAT5-P-S90	0.9507396493880689	0.3864550764564594	2.1950648342726895
TP53BP1-P-S532	-0.9507396493880689	0.3864550764564594	2.166182402242786
TP53BP1-P-S523-S525	0.9507396493880689	0.3864550764564594	2.1380501632526197
ATRX-P-S974	-0.947580784457161	0.3876777659836737	2.117317029603141
TIMELESS-P-S1149	0.947580784457161	0.3876777659836737	2.09051554821576
FANCD2-P-S1412	0.9084143786038784	0.4031629813355133	2.1468428756116085
CHEK2-P-S303	-0.9084143786038784	0.4031629813355133	2.120338642579366
ATRX-P-S1527	-0.8985814436660161	0.4071468109706128	2.1151773350424516
FANCD2-P-S592	0.8985814436660161	0.4071468109706128	2.089693270764832
MCM2-P-S27	0.8985814436660161	0.4071468109706128	2.0648159699223934
ATM-P-S1891	0.8985814436660161	0.4071468109706128	2.040524017335071
RAD9A-P-S328	0.8985814436660161	0.4071468109706128	2.0167969938776866
UNG-P-S23	0.8985814436660161	0.4071468109706128	1.9936154192354143
MSH6-P-S137	0.8985814436660161	0.4071468109706128	1.9709606985622847
ATR-P-S464	-0.8740395975408062	0.41726256730002464	1.9972343108967472
MRE11-P-S619	-0.8480020119926431	0.4282697555361954	2.0271435095379915
MAPK8-P-S377	-0.8480020119926431	0.4282697555361954	2.0048672072353764
BRCA1-P-S1342	-0.8017936177176024	0.4485237620543577	2.076860028643004
XRCC6-P-S27	0.8017936177176024	0.4485237620543577	2.0545282003780256
SMARCA4-P-S1382	0.8017936177176024	0.4485237620543577	2.0326715173952805
SIRT6-P-T294	0.7844971036430437	0.45634914040909164	2.046365619097611
MDC1-P-S299	0.7794761905582563	0.45864619160095893	2.0352424752292553
MCM3-P-S711-T722	0.7771119012022236	0.45973184680574647	2.019028523085031
PARP1-P-S75	-0.7771119012022236	0.45973184680574647	1.9984261912168164
MCM4-P-T23	0.765686552479472	0.46501456445370337	2.0009717621947236
MDC1-P-S780	0.765686552479472	0.46501456445370337	1.9809620445727762
WEE1-P-T190	0.765686552479472	0.46501456445370337	1.9613485589829467
ORC1-P-T230	0.7461915484104481	0.4741689679165583	1.9803527483573908
MNAT1-P-T51	0.7223852713049332	0.48559260336407123	2.0083732915834402
SMARCC1-P-S330	-0.7108245371086893	0.49123898565492957	2.012190460471154
MCM2-P-S139	0.694283033305185	0.4994323960456601	2.0262685782423926
SMARCA4-P-T1455	0.6758771974429625	0.5087099857317168	2.044438244544447
MDC1-P-S1086	0.6575206363950994	0.5181343867989096	2.0628527923022006
TP53BP1-P-S598	-0.6504390702231341	0.5218166123186504	2.0582766374791213
SUMO1-P-S2	0.6504390702231341	0.5218166123186504	2.039393365575643
PIAS1-P-S503	0.6461918661248415	0.5240375871010146	2.0294546555002926
MSH6-P-S261	0.6461918661248415	0.5240375871010146	2.0111712802255153
POLA1-P-S192	0.6342783121852488	0.5303180743393212	2.017102675612061
PARP1-P-S177	0.6342783121852488	0.5303180743393212	1.9992522094562022
PIAS1-P-S488	0.6096621416500647	0.5435344757173334	2.031102514522667
ACTL6A-P-S233	0.6096621416500647	0.5435344757173334	2.0134407535268175
DTL-P-S485	0.6096621416500647	0.5435344757173334	1.9960835056515862
TP53BP1-P-S635	0.6095701124693348	0.5435844990516	1.979205099110954
PER1-P-S815	-0.6095701124693348	0.5435844990516	1.962432174542217
RBBP8-P-T245	0.6095701124693348	0.5435844990516	1.9459411478653916
RBBP8-P-S347	0.5870534351215719	0.5559630548106751	1.9736688445778967
TCEA1-P-S57	0.5857375804211524	0.5566951029384655	1.9599348252213742
ATRX-P-S819	0.5704913639821111	0.5652476281266368	1.973733521163502
TP53BP1-P-T1609	0.5704913639821111	0.5652476281266368	1.957686907170303
MSH6-P-S830	0.5704913639821111	0.5652476281266368	1.9418991095318328
TOP2B-P-S1552	0.5704913639821111	0.5652476281266368	1.9263639166555782
MSH6-P-S274-S275	0.5704913639821111	0.5652476281266368	1.9110753141424386
ABL1-P-S718	-0.5704913639821111	0.5652476281266368	1.8960274770232068
UNG-P-S14	0.5704913639821111	0.5652476281266368	1.881214762358963
TOP2A-P-S1351-S1354	0.5704913639821111	0.5652476281266368	1.8666317021856378
TIMELESS-P-S1087	0.5704913639821111	0.5652476281266368	1.8522729967842098
TTK-P-S455	0.5704913639821111	0.5652476281266368	1.8381335082591395
EP300-P-S2309	0.5704913639821111	0.5652476281266368	1.8242082544086915
TP53BP1-P-S507	-0.566881613331062	0.567291718228467	1.817039638837045
ABL1-P-Y185	-0.566881613331062	0.567291718228467	1.8034796415322907
XRCC1-P-S241	0.561939018966865	0.570102551760618	1.7989902744446167
SMARCA4-P-S1484	0.5614667302397307	0.5703718683617164	1.786605999427141
NBN-P-S347	-0.5606995074168357	0.5708096385888417	1.7749263214514348
DBF4-P-T553	0.5590192094888917	0.5717695751056259	1.7650278188043234
PTEN-P-S370	-0.550442192204639	0.5766947440701917	1.7674241796683572
TFPT-P-S180	0.550442192204639	0.5766947440701917	1.7547997212421547
ELL-P-S319	0.5377587366450882	0.5840558094196698	1.7645941476083642
MSH6-P-S200	0.536984506473044	0.5845081781456415	1.7535245344369246
XRCC5-P-S175	0.533127311220326	0.58676709405475	1.7479914829882763
ATRX-P-S84	0.533127311220326	0.58676709405475	1.735852653245302
PARG-P-S197	0.533127311220326	0.58676709405475	1.7238812556367138
TP53BP1-P-T922	0.533127311220326	0.58676709405475	1.7120738497761883
MRE11-P-S688-S689	-0.5254988549706604	0.591260337626776	1.7134483253673918
SMARCC1-P-S328-S330	0.5254988549706604	0.591260337626776	1.701870971817612
TOP2B-P-S1236	0.5254988549706604	0.591260337626776	1.6904490189866213
TOP2B-P-S1375	-0.5254988549706604	0.591260337626776	1.6791793588600439
POLR2A-P-S1861	0.5254988549706604	0.591260337626776	1.6680589657550104
XRCC6-P-S6	0.5254988549706604	0.591260337626776	1.6570848936118854
APBB1-P-S205	0.5254988549706604	0.591260337626776	1.6462542733921999
MSH6-P-S9	0.5254988549706604	0.591260337626776	1.6355643105779647
NBN-P-S509	-0.5165098203789636	0.5965991567199346	1.639685424275433
EP300-P-S1726	-0.5165098203789636	0.5965991567199346	1.6291746202736677
DBF4-P-S359	0.4991974863489423	0.6070176042105074	1.6470668751189566
ATR-P-T1989	0.4991974863489423	0.6070176042105074	1.6366424012257987
TP53BP1-P-S523	0.4991974863489423	0.6070176042105074	1.6263490527904163
CDC25C-P-S125	0.4991974863489423	0.6070176042105074	1.6161843712104762
RECQL4-P-S323	0.4991974863489423	0.6070176042105074	1.606145958966933
MDC1-P-S955	0.49248243954171295	0.6111074722951054	1.6069863160352773
XPC-P-S884	0.49074294193650714	0.6121714173763683	1.5999081214867048
TFPT-P-S252	0.4805896384416604	0.6184186408774234	1.6063801281328192
POLR2A-P-S1910-S1917	-0.4743270567914179	0.6223036906329987	1.6066749830888332
DDB2-P-T148	0.4740903711130709	0.62245099843629	1.5973742489991538
ATRX-P-S316	0.4701655623218659	0.6248988000214516	1.5940532264020262
ATRX-P-S677	0.46381104946698787	0.6288823709007143	1.5946660119268112
XRCC6-P-S324	0.45071433176682235	0.6371728362201384	1.6061279776909998
MDC1-P-T1302	0.45071433176682235	0.6371728362201384	1.5966801660575232
TOP2B-P-T1292	0.45071433176682235	0.6371728362201384	1.5873428551449063
YWHAE-P-S210	0.45071433176682235	0.6371728362201384	1.578114117614994
RBBP8-P-S568	0.4499234974054221	0.6376769336957021	1.5702333743027115
ATRX-P-S889	-0.4499234974054221	0.6376769336957021	1.5612090445653395
ABL1-P-S569	0.43310530066193137	0.648492201551454	1.5786153020623968
XRCC1-P-S447	0.4317271050733335	0.649386566806432	1.5718106673837502
TP53BP1-P-S999	0.41391974143381616	0.6610540043834623	1.5910113325839261
DDB2-P-S24-S26	0.41391974143381616	0.6610540043834623	1.5820730666705334
ABL1-P-S884	-0.41391974143381616	0.6610540043834623	1.5732346696500277
MCM2-P-S41	0.41143643785943096	0.6626976421364981	1.5683844197230454
MCM4-P-S131	0.41143643785943096	0.6626976421364981	1.5597193124317579
ATRX-P-S1348-S1352	0.4105845182853742	0.6632624477798472	1.5524714437044775
MDC1-P-T1671	-0.4073009576848691	0.6654438897095746	1.5490661039140918
SMARCC1-P-S573	0.4023027074688287	0.6687782708689901	1.5483670836423358
SMARCA4-P-S695	0.39089868790959426	0.6764486849981539	1.5576602151849381
KPNA2-P-S62	0.3885386397194836	0.678047021826985	1.5529464048295463
XRCC1-P-S447-T453	0.3885386397194836	0.678047021826985	1.5446418786005114
PRKDC-P-S511	0.3885386397194836	0.678047021826985	1.5364256983951894
TP53BP1-P-S1548	0.3884406924416495	0.678113437939602	1.5284461617051346
AURKA-P-S10	-0.38186562214820113	0.6825867715868247	1.5304313931367752
MDC1-P-S1820	0.3767602719925772	0.6860805269008825	1.5302110181140103
TOP2B-P-T1317	0.37662778442273304	0.6861714300642456	1.522442860455045
SIRT6-P-S326	0.37662778442273304	0.6861714300642456	1.5145545554785942
WEE1-P-S139	0.3649021260232279	0.6942645979899349	1.524519168782022
MDC1-P-T1589	0.3649021260232279	0.6942645979899349	1.516701121762627
NFRKB-P-S363	-0.3649021260232279	0.6942645979899349	1.5089628507332258
TP53BP1-P-S398	0.3649021260232279	0.6942645979899349	1.5013031408310267
MDC1-P-T1425	-0.3649021260232279	0.6942645979899349	1.4937208017359205
SMARCA4-P-S699	0.3649021260232279	0.6942645979899349	1.4862146670538305
TP53BP1-P-S525	0.35948028475124844	0.6980390133352704	1.486823098404126
MCM2-P-T106	-0.359310554951927	0.6981575014121166	1.479677092545083
ABL1-P-T781	-0.3575607228262379	0.6993802293091655	1.4749305826024977
NFRKB-P-S240	0.35063313447111666	0.7042420686082964	1.4778675922518931
POLR2A-P-S1861-S1868	0.34785271758277253	0.7062028798224382	1.4747177784527388
PLK4-P-S665	0.34785271758277253	0.7062028798224382	1.4675240331919936
TP53BP1-P-S1362	0.34785271758277253	0.7062028798224382	1.460400130118246
TP53BP1-P-S1317	-0.34785271758277253	0.7062028798224382	1.4533450570258875
EP300-P-S499	-0.3465615487994474	0.7071152958503469	1.4482265193858066
DBF4-P-S413	0.3359469612086	0.714661009567072	1.4566774644764242
TFPT-P-T207	-0.33124773912209743	0.71802726356049	1.4565695917941368
ATRX-P-S213	-0.32729677954748704	0.720869771872353	1.4554053214105327
TP53BP1-P-S1618	-0.3267901362104569	0.7212350882738846	1.4492742811541266
MCM6-P-S13	0.3262796516094861	0.7216033616710799	1.4432067233421597
ATRX-P-S92	0.32144593070155214	0.7250998346069116	1.4434230352455344
POLR2A-P-S1917	0.32132658262188984	0.7251863790440889	1.4368809184780553
SMARCA4-P-S1663	0.32132658262188984	0.7251863790440889	1.4302286920036198
ABL1-P-Y393	-0.31272400128890226	0.7314517644563904	1.4359375652461857
PER1-P-S704	0.2972412991015913	0.7428647381395383	1.4516531121442355
TERF2-P-S365	0.29642833531596335	0.7434689058192128	1.4461997894017564
TP53BP1-P-S1101	0.29642833531596335	0.7434689058192128	1.4396261539953847
TOP2B-P-S1550-S1552	-0.29421883669941223	0.7451134154399096	1.4362819682235362
NBN-P-S397	-0.28488063099240246	0.7521040268725436	1.4432266461608272
CHEK1-P-S301	0.2842905019563925	0.752547996283637	1.4376028987301765
RECQL4-P-S251	0.2842905019563925	0.752547996283637	1.4311850286465597
TCEA1-P-S135	0.27442278381160184	0.7600106871116608	1.4389535675980776
TP53BP1-P-S1460	0.27442278381160184	0.7600106871116608	1.4325865164140152
ATRX-P-S875	0.27197565667197676	0.7618728073837595	1.4297701142972754
XRCC6-P-S2	-0.26780377519413956	0.7650578897107466	1.4294502676174476
TOP2A-P-S1354	0.26723334619227646	0.7654944254136175	1.4240201974943276
RAD9A-P-S387	0.2575756744195907	0.772923133590787	1.431588064824675
NBN-P-S343	-0.2534908204729573	0.7760868690028404	1.4312251350441991
XRCC1-P-S266	0.2512069201612205	0.7778613996991371	1.428314466688933
TP53BP1-P-S294	0.2508734421100069	0.7781208426596852	1.4226587080387378
MDC1-P-S453	0.2508734421100069	0.7781208426596852	1.416578969970196
TOP2A-P-S1374	-0.25060372781866935	0.778330741276394	1.4109314714201866
TOP2B-P-S1581	-0.24941308197620413	0.7792580094520125	1.406626745875243
BRCA2-P-S2095	0.24941308197620413	0.7792580094520125	1.4006916119264023
CDC25C-P-S173	0.24941308197620413	0.7792580094520125	1.394806353052762
TOP2B-P-S1336	-0.24932493100080863	0.7793267048333684	1.3890927876946233
RECQL4-P-S27	0.24932493100080863	0.7793267048333684	1.3833049010792289
MCM2-P-S381	0.24924125961050156	0.7793919149103361	1.3776803143228347
BRCA1-P-S1009	-0.24897540061214754	0.7795991508107032	1.3723522241543784
VCP-P-S3	-0.24695548973113943	0.7811754630874589	1.3694680957829528
TP53BP1-P-S119	0.24695548973113943	0.7811754630874589	1.3638555216199078
ATRX-P-S1348	0.24695548973113943	0.7811754630874589	1.3582887643888062
PIAS1-P-S485	0.24695548973113943	0.7811754630874589	1.3527672653465752
TOP1-P-S112	-0.24695548973113943	0.7811754630874589	1.3472904747986134
TP53BP1-P-S640	0.24695548973113943	0.7811754630874589	1.3418578519163609
TP53BP1-P-S552	-0.24695548973113943	0.7811754630874589	1.336468864559267
NBN-P-S432	0.24695548973113943	0.7811754630874589	1.33112298910103
TCEA1-P-S81	-0.24695548973113943	0.7811754630874589	1.32581971025999
MCM4-P-S120	0.24695548973113943	0.7811754630874589	1.3205585209335615
TP53BP1-P-S862	0.2382630860569267	0.7879953532307579	1.3268222153213551
BARD1-P-T299	0.2382630860569267	0.7879953532307579	1.321598505812216
MDC1-P-S453-T455	0.2382630860569267	0.7879953532307579	1.3164157665737368
TP53BP1-P-S1094	0.2382630860569267	0.7879953532307579	1.311273517485558
TP53BP1-P-S809	0.2382630860569267	0.7879953532307579	1.3061712859000112
KDM4B-P-S622	-0.2382630860569267	0.7879953532307579	1.3011086064972979
RRM2-P-S20	0.23717410065518088	0.7888539360743124	1.2974972075971316
MDC1-P-T1239	0.23717410065518088	0.7888539360743124	1.292506833721758
TOP2A-P-S1377	-0.23717410065518088	0.7888539360743124	1.2875547002592225
TP53BP1-P-S1068	0.23717410065518088	0.7888539360743124	1.2826403693422026
MCM6-P-S271	0.22906914604408618	0.795273541584512	1.2881617061406925
MAPK8-P-T183	0.22906914604408618	0.795273541584512	1.2832823057386444
MPG-P-T67	0.22906914604408618	0.795273541584512	1.278439731000008
MNAT1-P-S279	-0.22906914604408618	0.795273541584512	1.2736335665977523
UNG-P-S12	0.2270757181769775	0.7968604431857215	1.2713953138468814
ATRX-P-S598	-0.22540302535664783	0.7981944613180815	1.2687717929906817
MRE11-P-S649	-0.21996186840612364	0.8025493998668065	1.2709518377072846
ELL-P-S442	0.21996186840612364	0.8025493998668065	1.2662446086787391
SMARCC1-P-S830	0.21996186840612364	0.8025493998668065	1.2615721193478213
ATRX-P-S25	-0.21996186840612364	0.8025493998668065	1.2569339865561013
MCM4-P-S326	-0.21996186840612364	0.8025493998668065	1.2523298327591925
TP53BP1-P-S1114	-0.21742055525915321	0.8045915229458467	1.2509342656019369
USP7-P-S18	0.21577572350890112	0.8059160296254738	1.2484371949834614
MDC1-P-T1157	0.21347596969986946	0.8077715709106246	1.2467778594490073
MTOR-P-S2481	-0.21274576950956908	0.8083616212666463	1.243184298410077
MDC1-P-S998	0.21123028734418306	0.8095876076324525	1.2405910821993698
TOP1-P-S394	0.20341839318779018	0.8159367876060132	1.2458389660220845
TP53BP1-P-S993	-0.20090395851753132	0.8179909888486345	1.2445148616054227
TP53BP1-P-S63	-0.19786916366598936	0.8204771943438602	1.243855106015959
TERF1-P-T344	0.19718339423389095	0.821040045494474	1.2402945368108012
CCNH-P-T315	-0.19445636552157256	0.8232821009578573	1.2392868374842656
TOP2A-P-S1106	0.19431788415082255	0.8233961180861538	1.2350941771292305
PIAS1-P-S510	0.19431788415082255	0.8233961180861538	1.2307605133498298
XRCC6-P-S520	0.19431788415082255	0.8233961180861538	1.2264571549115437
NFRKB-P-S1303	-0.19431788415082255	0.8233961180861538	1.222183785033803
MDC1-P-S168	0.19353704333024313	0.824039310469416	1.2188914800693444
TP53BP1-P-S1705	-0.19353704333024313	0.824039310469416	1.2146738624912499
MTOR-P-S1261	0.19353704333024313	0.824039310469416	1.2104853319309352
TTK-P-S436	0.19353704333024313	0.824039310469416	1.206325588522238
ATRX-P-S1352	0.1825273631860079	0.8331618456538579	1.2155032405772037
SMARCC1-P-S328	0.1825273631860079	0.8331618456538579	1.2113547653533907
ATRX-P-S1061	-0.18113487886150245	0.8343228185944223	1.20891673714702
EXO1-P-S815	0.17927231073219968	0.8358782497844973	1.207064862400664
POLR2A-P-S1875-S1882	-0.17927231073219968	0.8358782497844973	1.2029869405682292
PRKDC-P-S4026	0.17927231073219968	0.8358782497844973	1.1989364794888748
TP53BP1-P-S630	0.17927231073219968	0.8358782497844973	1.1949132027120666
POLR2A-P-T1919	0.17927231073219968	0.8358782497844973	1.1909168374856047
TOP2B-P-S1473	-0.17927231073219968	0.8358782497844973	1.186947114693986
WRN-P-S1133	0.17927231073219968	0.8358782497844973	1.1830037687979928
MEN1-P-S548	0.17927231073219968	0.8358782497844973	1.179086537775483
BLM-P-T171	-0.17678297133812637	0.8379616264803182	1.1781242669327248
APEX1-P-T19	-0.17678297133812637	0.8379616264803182	1.1742488581599198
TTK-P-S821	-0.17525411801935822	0.8392437267158321	1.1721895986260475
CDC6-P-S54	0.17217418425839381	0.8418325264227866	1.1719629289415265
XPC-P-S61	0.17001439203009888	0.8436526746343238	1.1706711380919281
ABL1-P-S16	-0.1696119368605519	0.84399227534698	1.167339965252641
RBBP8-P-S163	0.1696119368605519	0.84399227534698	1.1635621660123414
YY1-P-S118	0.15842039940936456	0.8534908994667376	1.172861687654291
TP53BP1-P-T302	0.1537870671427475	0.8574545818282424	1.1745197808965635
TFPT-P-S249	0.1537870671427475	0.8574545818282424	1.1707552944193311
MDC1-P-T1280	-0.1537870671427475	0.8574545818282424	1.1670148621687901
MCM4-P-S26	0.1537870671427475	0.8574545818282424	1.1632982543274881
POLR2A-P-T1870	-0.1537870671427475	0.8574545818282424	1.1596052439962898
BRCA2-P-S844	-0.1537870671427475	0.8574545818282424	1.1559356071482003
MDC1-P-S495	-0.1537870671427475	0.8574545818282424	1.152289122583064
PARG-P-S137	0.1537870671427475	0.8574545818282424	1.1486655718831171
BARD1-P-S330	-0.1537870671427475	0.8574545818282424	1.1450647393693771
TP53BP1-P-S1430	0.1537870671427475	0.8574545818282424	1.1414864120588477
PARG-P-S302	0.15365135342715727	0.8575709580722398	1.1380848228622247
VCP-P-S702	0.15365135342715727	0.8575709580722398	1.1345503979465035
CDK1-P-T161	0.15365135342715727	0.8575709580722398	1.1310378580147806
MDC1-P-S1814	0.15365135342715727	0.8575709580722398	1.1275470004283152
POLR2A-P-S1882	0.15365135342715727	0.8575709580722398	1.124077625042382
TOP2A-P-S4	-0.15353591782066903	0.8576699580098406	1.1207589021846385
TTK-P-S281	0.15353591782066903	0.8576699580098406	1.117331504930251
PARG-P-S286	0.1524537476475286	0.8585986052433385	1.115131115346531
POLR2C-P-S124	0.1486813057295034	0.8618437357972425	1.1159435606371588
TFPT-P-S167	0.1486813057295034	0.8618437357972425	1.112561913483713
ATRX-P-S1995-S1996	0.1486813057295034	0.8618437357972425	1.109200699243581
EP300-P-S2320-S2328	0.14564728017984133	0.8644625624960989	1.1092200350100545
UBA7-P-S24	0.1410589206859853	0.8684381412191664	1.110974919397492
TOP2B-P-S1613	-0.14062193424428435	0.8688177198416507	1.108132780396836
XPC-P-S94	0.14062193424428435	0.8688177198416507	1.1048249213508752
TP53BP1-P-S1028	0.14062193424428435	0.8688177198416507	1.1015367519420929
EP300-P-T887	-0.14062193424428435	0.8688177198416507	1.0982680968918195
SMARCA4-P-S1659-S1663	-0.13744082927159573	0.8715859208452038	1.0985076990534226
TP53BP1-P-T1372	-0.13720899744855614	0.871788005622105	1.0955212106047691
TOP2B-P-S1466-S1476	-0.1344782312962083	0.8741719082587828	1.0952859791712983
TOP2A-P-S1525	-0.1297795637798646	0.8782890162941017	1.0972173634641857
POLA1-P-S215	-0.1297795637798646	0.8782890162941017	1.0940091255593196
TP53BP1-P-S727	0.1297795637798646	0.8782890162941017	1.0908195945810126
TOPBP1-P-S817	-0.12323104480189043	0.884059381638017	1.0947944667959164
TP53BP1-P-S580	-0.12185108337306695	0.8852801916270837	1.0931285844438772
TOP2A-P-S1247	0.12185108337306695	0.8852801916270837	1.0899692532749643
EP300-P-S12	-0.12140384114762984	0.8856762148626778	1.0873143156527398
TP53BP1-P-S771	-0.11734386237336634	0.8892793508744199	1.0886005846911002
PRKDC-P-S2624	-0.11413921905411205	0.8921337452202125	1.0889655457415774
MRE11-P-S667	0.10395433910937966	0.9012664491104388	1.096970020917277
TP53BP1-P-S1678	0.10395433910937966	0.9012664491104388	1.093844750202413
TP53BP1-P-S265	-0.10153953588256663	0.9034454601225131	1.0933743352619052
EP300-P-S1038	-0.0987746040705789	0.9059468817521391	1.093295670329777
SOX4-P-S354	-0.09458856067551749	0.909747163235028	1.0947804845709659
DTL-P-S490	-0.0944793382884325	0.9098465334184659	1.091815840102159
MDC1-P-S1033	0.0944793382884325	0.9098465334184659	1.0887489416749057
POLA1-P-T225	0.0944793382884325	0.9098465334184659	1.0856992247514465
TP53BP1-P-S222	0.09203832318276829	0.912070195442521	1.0853125789343965
MDC1-P-S505	0.08794833530319879	0.9158081904535782	1.0867250393683128
ATRX-P-S849	0.08681572776209785	0.9168460293374161	1.0849344680492756
MDC1-P-S108	0.08681572776209785	0.9168460293374161	1.08192910941202
RAD9A-P-S375	0.08681572776209785	0.9168460293374161	1.0789403549661305
XPC-P-S883-S884	-0.08681572776209785	0.9168460293374161	1.075968067486885
EXO1-P-S610	-0.08681572776209785	0.9168460293374161	1.0730121112575253
PMS2-P-S529	-0.08556459524234647	0.9179938431041643	1.0714119922256822
ATRX-P-S729	0.08556459524234647	0.9179938431041643	1.0684846370556667
DBF4-P-S381	0.08556459524234647	0.9179938431041643	1.065573234774861
NBN-P-S604	0.08556459524234647	0.9179938431041643	1.0626776553325379
POLR2A-P-S1920	-0.08556459524234647	0.9179938431041643	1.0597977700877343
COPS5-P-S284	-0.08556459524234647	0.9179938431041643	1.0569334517902
TP53BP1-P-S1426-S1430	-0.08556459524234647	0.9179938431041643	1.054084574561655
RCHY1-P-S257	-0.08500278603190624	0.9185097254004915	1.051841782313466
CLK2-P-S17	-0.08500278603190624	0.9185097254004915	1.0490218311544488
POLR2A-P-S1889	0.07826917732462572	0.9247154806006329	1.0532855474221114
POLE3-P-S122	-0.07289703092282257	0.9296965550936802	1.0561352865864206
PARG-P-S291	0.07289703092282257	0.9296965550936802	1.0533264161433717
TP53BP1-P-S1094-S1101	0.06815202620564895	0.9341184522980794	1.05552907341905
CDT1-P-S31	0.0658623716576513	0.9362597112969893	1.0551498333664482
CLK2-P-S97	0.0658623716576513	0.9362597112969893	1.0523657968668005
TP53BP1-P-T1638	0.06385287835093859	0.9381430105250419	1.0517076907464944
CLK2-P-S75	-0.06385287835093859	0.9381430105250419	1.0489473031067398
MCM3-P-S672-T674	-0.06377689437046069	0.9382142970735227	1.0462808653228288
XRCC6-P-T455	-0.06377689437046069	0.9382142970735227	1.0435490614969207
TP53BP1-P-S484	-0.06377689437046069	0.9382142970735227	1.040831485815939
MDC1-P-T1343	0.06377689437046069	0.9382142970735227	1.0381280274112223
PTEN-P-S294	-0.06377689437046069	0.9382142970735227	1.0354385765630068
TOPBP1-P-S888	0.06377689437046069	0.9382142970735227	1.032763024685583
FEN1-P-Y152-S157-S162	0.05507547515270186	0.9464137145381699	1.039103717508403
XRCC6-P-S477	-0.053610474732982534	0.9478012271323032	1.03795198652535
ERCC4-P-S693-S697	-0.053610474732982534	0.9478012271323032	1.035290571175285
KAT5-P-S155	0.053610474732982534	0.9478012271323032	1.0326427692029696
PARG-P-S316	0.053610474732982534	0.9478012271323032	1.0300084764243906
MDC1-P-S498	-0.053610474732982534	0.9478012271323032	1.0273875897159317
KDM4B-P-S566	0.053610474732982534	0.9478012271323032	1.0247800070009165
MCM6-P-S762	0.05302232267432964	0.9483588423404268	1.0227870046506882
PRKDC-P-S3205	0.05203176712355959	0.9492987098744805	1.0212152788043654
TOP2B-P-S1452	0.04904582734400043	0.9521374947661676	1.0216891001772983
KAT5-P-S199	0.040048127049092413	0.9607432003044962	1.0283331741952648
TP53BP1-P-S500	-0.040048127049092413	0.9607432003044962	1.025755898069462
MCM4-P-T110	-0.040048127049092413	0.9607432003044962	1.0231915083242884
TOP2B-P-S1400-S1413	0.040048127049092413	0.9607432003044962	1.020639908552906
NEIL1-P-S306	-0.040048127049092413	0.9607432003044962	1.0181010033077498
TP53BP1-P-S1656	-0.040048127049092413	0.9607432003044962	1.0155746980886238
TOP2B-P-S1476	-0.0362711717895151	0.9643787457122921	1.0168944199837535
TP53BP1-P-S1426	-0.03603280623044911	0.9646086477904453	1.0146253924906907
TOP2B-P-S1449	0.03493675471132696	0.9656664881820973	1.0132362659250578
CDK7-P-S164	0.030836297991777395	0.9696342911651418	1.014899774045087
SMARCC1-P-S357	0.01854873403978319	0.9816222350090399	1.0249290983182622
TOP2A-P-S1213	0.01854873403978319	0.9816222350090399	1.0224231592025697
MDC1-P-S544	-0.01854873403978319	0.9816222350090399	1.0199294441801243
TOP2B-P-S1454	-0.01854873403978319	0.9816222350090399	1.0174478640239684
NBN-P-T497	0.01854873403978319	0.9816222350090399	1.0149783303734248
PLK4-P-S401	-0.01854873403978319	0.9816222350090399	1.0125207557236102
TP53BP1-P-S1462	-0.01854873403978319	0.9816222350090399	1.010075053415099
KAT5-P-T158	-0.01819592908540698	0.9819686172959775	1.0079967011279192
SMARCA4-P-S1453	0.016029218292459596	0.9840985659555052	1.0077547814832817
ATRX-P-S703	-0.015430967628311584	0.9846874797176353	1.0059397274813253
TP53BP1-P-S366	0.015430967628311584	0.9846874797176353	1.0035331731093604
CDC25C-P-T48	-0.010300456671361294	0.9897524113551467	1.006287654504278
TOPBP1-P-T822	-0.010300456671361294	0.9897524113551467	1.003891731517363
CDT1-P-S318	-0.010300456671361294	0.9897524113551467	1.0015071905873931
TOP2B-P-S1424	0.007135751742892161	0.9928896472839516	1.0023009235615246
XPC-P-S903	0.007135751742892161	0.9928896472839516	0.9999314178320646
TP53BP1-P-T591	-0.005987607842988345	0.994030282156942	0.9987191042425879
ABL1-P-T852	-0.005987607842988345	0.994030282156942	0.9963691769384877
POLR2A-P-S1875	0.005987607842988345	0.994030282156942	0.994030282156942

Data type: org.panda.causalpath.data.ProteinData
Row ID	Change amount	P-value	Q-value
SOD1-G	6.7449434614596555	0.001176815212847755	0.17416865150146774
SUMO2-G	6.7449434614596555	0.001176815212847755	0.08708432575073387
UNG-G	4.850146799054917	0.007827228435146502	0.3861432694672275
YY1-G	4.219060063341574	0.014712466794721926	0.5443612714047112
XPA-G	4.1303591949334315	0.016077102971390703	0.47588224795316486
CDK6-G	-4.128890818767062	0.016100727546855133	0.3971512794890933
TIMELESS-G	3.468617400795552	0.031160082797964617	0.6588131791569661
MSH6-G	3.4448146262480615	0.03191067689626489	0.5903475225809004
MSH2-G	3.383192221290531	0.03393894101675608	0.5581070300533223
FANCD2-G	3.1624144063198427	0.042323431661076875	0.6263867885839377
PARP1-G	3.123568134008108	0.04399989048659008	0.5426653160012777
RUVBL2-G	3.123568134008108	0.04399989048659008	0.5919985265468484
ACTL6A-G	2.94428830550419	0.05263950973758403	0.5992805723971105
POLE3-G	2.9188551090703823	0.05399547085071153	0.5708092632789505
MGMT-G	2.827689454096669	0.059149363221800054	0.5836070504550939
POLB-G	2.7439571405634835	0.0643153378403774	0.594916875023491
POLR2J-G	2.6211283575411364	0.07272076149668667	0.5979262611949793
PIAS1-G	2.6211283575411364	0.07272076149668667	0.6330983942064486
DHFR-G	2.588669363320301	0.0751199309468603	0.5851447252702803
RFC3-G	2.5877230215019664	0.07519105372682827	0.5564137975785293
POLG2-G	2.403782266609287	0.09037548187119776	0.6369319674732032
YWHAG-G	-2.278957094617954	0.10239093510935397	0.6888117452811086
RUVBL1-G	2.0651357261193253	0.12680107918160058	0.8159373790816037
FEN1-G	1.9727007279478699	0.13908072932277413	0.8576644974904405
BARD1-G	-1.9536106741406607	0.14176129257140466	0.8392268520227155
SUMO1-G	1.9356612622800398	0.14432879807132915	0.8215639274829505
MCM7-G	1.8509140386979073	0.1570935111220714	0.8611051720765396
HLTF-G	1.8509140386979073	0.1570935111220714	0.8303514159309489
ATR-G	1.8509140386979073	0.1570935111220714	0.801718608485054
MCM6-G	1.7739006209371757	0.169669878514646	0.7847231881302377
BABAM2-G	1.7739006209371757	0.169669878514646	0.8370380673389202
RRM2B-G	-1.7739006209371757	0.169669878514646	0.8100368393602453
POLR2C-G	1.7617177865232294	0.1717495811634808	0.7702708488543988
MCM3-G	1.7271485850516537	0.17779064278348408	0.7739122097634014
MCM2-G	1.7271485850516537	0.17779064278348408	0.7518004323415899
MCM5-G	1.7269163361379793	0.1778319392624776	0.7310868614124079
SMARCA4-G	1.7080610151945959	0.181216828857811	0.6876946325886162
WEE1-G	1.7080610151945959	0.181216828857811	0.724867315431244
XPC-G	1.7080610151945959	0.181216828857811	0.7057918597620008
PLK1-G	1.7078955923267913	0.18124680874494623	0.6542567730305375
TOP1-G	1.7078955923267913	0.18124680874494623	0.670613192356301
MLH1-G	1.7070322904454611	0.1814033470160906	0.639230841866224
TCEA1-G	1.7070322904454611	0.1814033470160906	0.6243650083344513
BLM-G	-1.7055490123224488	0.1816726182848829	0.6110806251400607
MCM4-G	1.7026362721381565	0.18220255482961384	0.5992439581062855
UBE2B-G	1.647771939885614	0.19247828440841294	0.6192779585314155
AURKB-G	1.6475404050481506	0.19252285499633148	0.6062421816905758
CDK2-G	1.4963432570971826	0.2239475834204654	0.6905050488797683
FANCI-G	1.4885390209007892	0.2257021609203431	0.6817126493104241
RBBP8-G	1.4788937756404779	0.22788964607502193	0.6745533523820648
XRCC1-G	1.462921719707561	0.2315587357006186	0.6719743702684619
SIRT6-G	1.462921719707561	0.2315587357006186	0.6590517862248375
XRCC5-G	1.462423741122557	0.23167407570821147	0.6469389283927415
MDC1-G	1.455776425218195	0.2332192163055635	0.6391934076522852
RECQL4-G	1.4340441994954276	0.23834306360011334	0.6413595165966687
TOP2B-G	1.3584776631305808	0.2570517986751214	0.6793511822128208
DDX11-G	1.2972449098331627	0.27328367797695774	0.7095786726419253
USP7-G	1.2039389165850867	0.30001016649451356	0.7400250773531334
PTEN-G	-1.2039389165850867	0.30001016649451356	0.7655431834687587
XRCC6-G	1.2039389165850867	0.30001016649451356	0.752567875274373
TERF2-G	1.1792218060303175	0.3075179541284906	0.7461091346068297
NFRKB-G	1.1301515131446271	0.3229843163453794	0.7709948196631636
POLR2E-G	1.1120613116690357	0.32888033701123026	0.772607775835906
GMNN-G	1.1028953537988688	0.3319086980371628	0.7675388642109389
RFC2-G	1.0788191249390937	0.33999678240238934	0.7741465199315942
GTF2H1-G	-1.02528696972385	0.3586935164556781	0.8043430369006115
PCLAF-G	0.9935983356643856	0.3702420360710362	0.8178480796793038
MRE11-G	0.9560120296204957	0.38442290026096315	0.8366851358620963
ELL-G	-0.9560120296204957	0.38442290026096315	0.824559264327863
MAPK8-G	-0.9560120296204957	0.38442290026096315	0.8127798462660364
MPG-G	0.9560120296204957	0.38442290026096315	0.8013322427975006
ORC1-G	0.9550222193117022	0.3848035943869817	0.7801497530037437
KDM4B-G	0.9550222193117022	0.3848035943869817	0.7909851662399068
SMUG1-G	0.9150618549775866	0.40049185291006906	0.8009837058201381
CDK1-G	0.8783660861938755	0.4154611851768391	0.8198434054156292
RRM1-G	0.8585667156306234	0.42376902877557887	0.8252344244577062
PCNA-G	0.8501747592224099	0.42734024377398666	0.821381247773377
CLK2-G	0.849390096620402	0.4276756932717357	0.8114872128745755
POLR2H-G	0.83605350095962	0.4334176349368108	0.8018226246331001
UBE2I-G	0.83605350095962	0.4334176349368108	0.8119722781094684
MCM8-G	0.7973963365006153	0.4505003898777934	0.8231365148384374
KAT5-G	0.7973963365006153	0.4505003898777934	0.8130982646574808
POLR2B-G	0.7493614508655475	0.4726682783174624	0.8229988845998168
SMARCC1-G	0.7493614508655475	0.4726682783174624	0.8428301830239089
POLR2D-G	0.7493614508655475	0.4726682783174624	0.8327964903688623
POLD1-G	0.724653757186071	0.48449229189172766	0.8337774325578569
DDB2-G	0.670326710952278	0.5115414242967298	0.8702083999530575
POLR2A-G	0.6416808174434858	0.5264068861611397	0.8853206721800987
VCP-G	-0.5811180428320365	0.5592727260216293	0.9300265556314734
CCNA2-G	0.5367498449225954	0.5846453558355102	0.9614168073739502
MEN1-G	0.5093111609651833	0.6009093661072453	0.9773031448777177
APEX1-G	0.5088338827894717	0.6011962354860703	0.9671417701297651
POLR2I-G	0.4938047023399467	0.6102999616070908	0.9608978118920153
GTF2H3-G	-0.4938047023399467	0.6102999616070908	0.9311793228644272
POLR2L-G	0.4938047023399467	0.6102999616070908	0.9507830980826256
ERCC1-G	0.4938047023399467	0.6102999616070908	0.9408791074775983
HRAS-G	0.4938047023399467	0.6102999616070908	0.9712300464284886
PIAS4-G	0.48532964882015656	0.61549426635952	0.9295219532776424
RAD9A-G	0.47775417646296026	0.6201746317667606	0.9271297525402077
ERCC2-G	-0.4710562597606292	0.6243424520664167	0.9240268290582967
PARG-G	0.4699248990577952	0.6250492083045268	0.9159136913769304
CDC25C-G	0.4578382234209128	0.6326498158520301	0.9179624779029456
TERF1-G	0.4520378960716443	0.6363300548588122	0.9143383312534389
POLE2-G	0.4284712939630846	0.6515042923920206	0.9271407237886446
POLK-G	0.4147598305056559	0.6604988933424909	0.9309889163303681
TOP2A-G	-0.3826352266722352	0.6820616518125613	0.9523124949835761
BRCA1-G	0.3826352266722352	0.6820616518125613	0.9434123782080287
TP53-G	-0.3826352266722352	0.6820616518125613	0.9346770784098062
TOPBP1-G	0.3826352266722352	0.6820616518125613	0.9261020593418263
UBA7-G	-0.3419549228950359	0.7103802258714672	0.9557843038997923
RRM2-G	0.32736585083635583	0.7208199821876419	0.952512119319384
WRN-G	0.32736585083635583	0.7208199821876419	0.9610933095835226
GTF2H4-G	-0.320233596514905	0.725979430999794	0.9508403167076949
PMS2-G	0.320233596514905	0.725979430999794	0.9424996121751712
RCHY1-G	0.320233596514905	0.725979430999794	0.934303963373648
MNAT1-G	-0.3200864110380908	0.72608629249254	0.9263859593870337
CDK4-G	-0.3200864110380908	0.72608629249254	0.9184681306743241
ATM-G	0.3113514884925129	0.7324563806296177	0.9186741045185035
YWHAE-G	0.2854017941770602	0.7517121600648512	0.9349025183999831
TP53BP1-G	-0.2854017941770602	0.7517121600648512	0.9271116640799832
CDA-G	-0.26118626822434093	0.7701374541178853	0.941986307516091
PIAS3-G	0.26058936939012484	0.7705972854891864	0.9348229364950785
KPNA2-G	0.2489689083642324	0.7796042121780945	0.938060352864699
GTF2H5-G	-0.2278951642938053	0.7962077264595171	0.9503124477097462
APBB1-G	0.21545612039777673	0.8061736440608418	0.9545095945680367
PRKDC-G	0.21545612039777673	0.8061736440608418	0.9469341215952746
ERCC3-G	-0.15376775648537072	0.8574711399997623	0.999257706456416
EYA3-G	0.14329302887616108	0.8665001221334567	1.0018907662168093
COPS5-G	-0.14085743853771954	0.8686131336298266	0.9888826444401102
ABL1-G	-0.14085743853771954	0.8686131336298266	0.9965484013737544
ATRX-G	0.1360573671755036	0.8727925614084663	0.9860557182324657
TTK-G	0.11945150676097456	0.8874070400173611	0.9949715297164353
BRCA2-G	0.1121707016771456	0.8938916556712242	0.9947065040551969
MTOR-G	0.09108256033035102	0.9129423349670114	1.008324369963565
CHEK2-G	0.09108256033035102	0.9129423349670114	1.0008553005564274
NBN-G	0.0789905112786363	0.9240486924440573	1.0055824006008858
CHEK1-G	-0.06880662107870215	0.9335071832370045	1.008460314737786
ERCC4-G	0.06030195298190402	0.9414802079037353	1.0024393580557758
POLR2G-G	-0.06030195298190402	0.9414802079037353	1.0097034113750205
AURKA-G	0.052199112931278685	0.9491398620067429	1.0033764255499855
GTF2H2-G	0.05146867920191682	0.9498333990364186	0.9762176601207635
POLR2K-G	0.05146867920191682	0.9498333990364186	0.9694851245337237
TYMS-G	-0.05146867920191682	0.9498333990364186	0.983044357044685
ERCC5-G	-0.05146867920191682	0.9498333990364186	0.9969882486339713
CCNH-G	0.05146867920191682	0.9498333990364186	0.9899672046295066
POLR2F-G	0.05146867920191682	0.9498333990364186	0.962844815461575
CDK7-G	0.03900118566160645	0.9617495688361519	0.9617495688361519
POLA1-G	0.03900118566160645	0.9617495688361519	0.9682920829098672

Data type: org.panda.causalpath.data.RNAData
Row ID	Change amount	P-value	Q-value
PLK2-R	-2.643125828565917	0.07113855472703631	12.94721696032061
RBBP8-R	2.2791463420559133	0.10237155972064342	9.315811934578552
YY1-R	2.2611907042659047	0.10422630813090739	6.323062693275048
RRM1-R	2.2190756318023195	0.10870955004631769	3.957027621685964
GADD45G-R	2.2190756318023195	0.10870955004631769	2.4731422635537275
CDK6-R	-2.2190756318023195	0.10870955004631769	4.946284527107455
OGG1-R	2.2190756318023195	0.10870955004631769	3.2975230180716366
RUVBL1-R	2.2190756318023195	0.10870955004631769	2.82644830120426
POLA1-R	2.0746683161688377	0.12559807943735157	2.5398722730664427
HLTF-R	1.855652290844964	0.1563509231296052	2.3713223341323455
POLE3-R	1.855652290844964	0.1563509231296052	2.1889129238144727
TYMS-R	1.855652290844964	0.1563509231296052	2.0325620006848673
PMS2-R	1.855652290844964	0.1563509231296052	2.8455868009588143
PCNA-R	1.855652290844964	0.1563509231296052	2.5868970917807403
SOX4-R	-1.855652290844964	0.1563509231296052	1.8970578673058762
CDA-R	-1.774184493728207	0.16962172068834977	1.9294470728299786
TOP2B-R	1.7515663364830245	0.1735019680411283	1.8574916578520795
ERCC2-R	-1.7515663364830245	0.1735019680411283	1.6619662201834395
KAT5-R	1.7515663364830245	0.1735019680411283	1.4353344628856979
CDK7-R	1.7515663364830245	0.1735019680411283	1.315723257645223
DHFR-R	1.7515663364830245	0.1735019680411283	1.7542976768602974
MSH2-R	1.7515663364830245	0.1735019680411283	1.263094327339414
XRCC5-R	1.7515663364830245	0.1735019680411283	1.5788679091742677
DTL-R	1.7515663364830245	0.1735019680411283	1.503683723023112
BARD1-R	1.7515663364830245	0.1735019680411283	1.3729286166732761
BABAM2-R	-1.6702982503411532	0.18819092925896228	1.3173365048127361
FANCI-R	1.664083128931131	0.1893642009689005	1.2764549843088848
FEN1-R	1.6384798678489765	0.19427514182815597	1.2627884218830139
CCNA1-R	-1.6144994813834308	0.19899024384112873	1.248835323416739
MCM3-R	1.5671520162388937	0.20863853618792894	1.2657404528734355
POLR2J-R	1.504350222910056	0.22216160246219627	1.3043036015522491
SOD1-R	1.4827957003634047	0.22700217038854953	1.2910748440848754
UNG-R	1.4827957003634047	0.22700217038854953	1.2519513639610913
PLK3-R	-1.4814970814164503	0.2272971512003966	1.2167082799550641
UBE2B-R	1.4218409147803521	0.24126945131993477	1.2546011468636609
CDC25A-R	1.4218409147803521	0.24126945131993477	1.219751115006337
POLR2G-R	1.4218409147803521	0.24126945131993477	1.1867848686548144
WRN-R	1.3732145641616833	0.2532914279190382	1.2131326284543409
PIAS1-R	1.3572668925072182	0.25736321793223965	1.2010283503504517
XPA-R	1.3455472623635811	0.2603971632918417	1.1848070929778798
CCNH-R	1.3455472623635811	0.2603971632918417	1.1559093590028096
MRE11-R	1.3269825386165666	0.26527651647696904	1.1495315714001992
WEE1-R	1.3269825386165666	0.26527651647696904	1.122798279042055
MCM2-R	1.3269825386165666	0.26527651647696904	1.0972801363365539
DBF4-R	1.3269825386165666	0.26527651647696904	1.0728961333068525
PARP1-R	1.2822088491572694	0.2774238357712967	1.0976334371820868
POLG2-R	1.2672151290582951	0.28161479160867714	1.0905083419740262
RFC2-R	1.2672151290582951	0.28161479160867714	1.0677894181829009
CDC25C-R	1.2451145869273108	0.2879079157571439	1.0693722585265346
POLE2-R	1.2081424839882626	0.2987517004146002	1.0874561895091448
MSH6-R	1.1691235147618584	0.31063909255878414	1.1085551930529158
MCM4-R	1.1548200083250075	0.3151142497409658	1.1028998740933802
SUMO1-R	1.1548200083250075	0.3151142497409658	1.0820904425067128
MCM7-R	1.1373375159384975	0.32067166944112185	1.080782293301559
TOPBP1-R	1.1360781985123787	0.32107575124273674	1.0624688495668744
CDC7-R	1.129707965239484	0.32312760713810473	1.0501647231988405
YWHAE-R	1.1078217342805685	0.330277610483159	1.0363883639299127
CHEK1-R	1.1078217342805685	0.330277610483159	1.0545706159286832
MNAT1-R	1.100308993842228	0.3327682444721231	1.0265054321004476
TDG-R	-1.054226305419487	0.3484619261416307	1.0570011759629463
YWHAG-R	-0.913366105762418	0.4011715628012008	1.1969381054068615
POLR2L-R	0.9056180605358101	0.40429193098010086	1.1867924425544896
POLR2F-R	0.9056180605358101	0.40429193098010086	1.1679544672758468
CDT1-R	0.8932937167022249	0.4093053941108342	1.1639622145026849
ABL1-R	-0.873406820285467	0.4175266851171774	1.1690747183280967
SUMO2-R	0.8706599219478579	0.418675165131204	1.1545284856648352
ACTL6A-R	0.8219118782540173	0.43959040724079407	1.1941112554899183
ERCC5-R	-0.8137932983076331	0.4431737833864281	1.186141596710734
XRCC6-R	0.8116127491555308	0.4441411999704091	1.1715028752842673
CDC45-R	0.8075293590035594	0.44595850963949346	1.1594921250626828
MCM8-R	0.792262794126848	0.45281899896572403	1.1607472931234053
MLH1-R	0.792262794126848	0.45281899896572403	1.1446258029411358
ERCC1-R	-0.7780847996311103	0.45928479191904104	1.1450661935515818
TOP1-R	0.7780847996311103	0.45928479191904104	1.1295923260711551
MCM6-R	0.7772703192135009	0.4596590227693265	1.115439228586899
PCLAF-R	0.7708004666277005	0.46264259009936004	1.0935188493257602
CDK2-R	0.7708004666277005	0.46264259009936004	1.1079072552379412
DDX11-R	0.7190893940466134	0.4871956973316077	1.136789960440418
RAD51D-R	0.7190893940466134	0.4871956973316077	1.1224002141057292
SMARCC1-R	0.6926767521309989	0.5002352695488765	1.138035238223694
GTF2H3-R	0.6676797012081304	0.5128972731122272	1.1246663097159681
MTOR-R	-0.6676797012081304	0.5128972731122272	1.1524358482274735
BLM-R	0.6676797012081304	0.5128972731122272	1.1383817525173823
ERCC4-R	0.6676797012081304	0.5128972731122272	1.1112774250764923
CDK1-R	0.663689760622439	0.5149477907600116	1.1025940931567306
ATR-R	0.6360614997507094	0.5293732603840253	1.120301551045263
PRKDC-R	-0.628964960391838	0.5331433399990338	1.102637362270729
RAD51-R	0.628964960391838	0.5331433399990338	1.1153113549405076
EYA3-R	-0.628964960391838	0.5331433399990338	1.0902481784249907
EXO1-R	0.6125275035875996	0.5419792818795395	1.0960025478008464
ERCC3-R	0.6125275035875996	0.5419792818795395	1.083958563759079
MCM5-R	0.5898975701103656	0.5543840673251713	1.0967163070997954
TCEA1-R	0.5782545238968158	0.5608765091984084	1.0976292975710786
GMNN-R	0.5555506318700199	0.5737562457258062	1.1108897523627312
POLR2I-R	-0.5548499850247312	0.5741583870924275	1.0999665942191768
POLB-R	0.5364827187134164	0.5848015507940835	1.10868627338045
SMUG1-R	0.5326329382581256	0.5870572475572733	1.101488856241482
FANCC-R	0.5326329382581256	0.5870572475572733	1.090249174034936
RUVBL2-R	0.5184843899461532	0.5954222924638123	1.0946147194789275
XRCC1-R	-0.4967019716679037	0.6085343172561772	1.1075324574062426
RECQL4-R	0.4937698006717831	0.6103212624655466	1.0997868293933613
TERF1-R	0.48855087202080566	0.6135148117929575	1.0947028994737085
PLK4-R	0.47105634584353945	0.6243423983212038	1.1032069562568843
RFC3-R	0.4699266554971143	0.6250481104444852	1.093834193277849
BRCA1-R	-0.4474773268850449	0.6392387096187713	1.1080137633392035
PARG-R	0.4438683882892158	0.6415498507446249	1.101528989014356
EP300-R	-0.44156359039079285	0.6430301987885728	1.09375230074318
TP53BP1-R	-0.40514741273671767	0.6668784972279772	1.1238137638471468
TTK-R	0.3762296103510805	0.6864447001373244	1.146173719495349
RCHY1-R	0.35974061444233485	0.6978573167061024	1.1546366512773694
TFPT-R	-0.35974061444233485	0.6978573167061024	1.1442345192838796
POLR2H-R	0.3437226389546828	0.7091255845892211	1.1523290749574844
PIAS3-R	-0.33672754668562355	0.714103373231736	1.150148795824566
PIAS4-R	-0.33216036920375935	0.717372269209547	1.1452785350538381
COPS5-R	0.3134201464062328	0.7309427450782353	1.1567963443846854
POLR2K-R	0.29151821987790905	0.7471284008907132	1.1722186979492224
POLR2B-R	0.29151821987790905	0.7471284008907132	1.1621997347188873
FANCD2-R	0.27373260162822355	0.7605354140048292	1.1534787112406577
MGMT-R	0.27373260162822355	0.7605354140048292	1.1730291978718552
RRM2B-R	0.27373260162822355	0.7605354140048292	1.143945829329578
GTF2H2-R	0.27373260162822355	0.7605354140048292	1.1631718096544446
NEIL1-R	0.27210272803291374	0.7617760013200338	1.1364199363954601
CHEK2-R	0.27210272803291374	0.7617760013200338	1.1180905825826302
MPG-R	0.27210272803291374	0.7617760013200338	1.1271807499207003
GTF2H4-R	0.24201799394352624	0.7850420514223985	1.1339496298323535
KDM4B-R	0.24201799394352624	0.7850420514223985	1.1430212268710123
RAD9A-R	-0.23654755596923227	0.7893483431838494	1.1311921138540204
XPC-R	0.2298348346940121	0.7946648427267766	1.1299140732521356
APBB1-R	0.22813988871223959	0.7960128988272183	1.1230569580353
MDM2-R	0.22813988871223959	0.7960128988272183	1.1144180583581054
ORC1-R	0.22458991459009944	0.7988437457626919	1.1098439826626711
USP7-R	0.18741769763421315	0.8290973520459985	1.13455427122084
TOP3A-R	0.18741769763421315	0.8290973520459985	1.1177460597953461
POLR2A-R	-0.18741769763421315	0.8290973520459985	1.1431493793361494
FANCA-R	0.18741769763421315	0.8290973520459985	1.1260874483012815
MAPK8-R	0.18741769763421315	0.8290973520459985	1.1095273387674391
NBN-R	0.17872799766169983	0.8363333530893038	1.1110413887755715
TIMELESS-R	0.17025959743894684	0.8434458317958422	1.1123705897597338
SMARCA4-R	0.16916490232905518	0.8443696533825986	1.097680549397378
TP53-R	-0.16916490232905518	0.8443696533825986	1.1055775317671435
DDB2-R	0.15365652416749945	0.8575665238069549	1.1069298392401827
HRAS-R	0.14932908971836292	0.8612856280104546	1.1039012978725546
MEN1-R	-0.1470770111380818	0.8632274967245291	1.0986531776494008
DNTT-R	0.1470770111380818	0.8632274967245291	1.0910236416935022
MDC1-R	-0.1470770111380818	0.8632274967245291	1.0834993407163056
CDC25B-R	-0.14193468061158407	0.8676779308267109	1.0816259137702835
AURKB-R	0.13140323343003146	0.8768641221659831	1.0783058799608711
POLK-R	-0.13140323343003146	0.8768641221659831	1.0856412941102649
MCM10-R	-0.13029291199630486	0.8778382639004355	1.058056715429664
CDKN2D-R	0.13029291199630486	0.8778382639004355	1.0722588189924784
CDK4-R	0.13029291199630486	0.8778382639004355	1.0651104268658618
POLD1-R	-0.10413847668349135	0.9011005073713949	1.0789492917210124
APEX1-R	0.09589608638264605	0.908558422755837	1.0807688427553095
BRCA2-R	-0.08821908253994852	0.9155602714798231	1.0820257753852456
GTF2H5-R	0.0853631601080672	0.9181787779427792	1.0781195973263602
UBA7-R	-0.0853631601080672	0.9181787779427792	1.0712085742665758
POLR2C-R	-0.08170879536400132	0.9215402764275241	1.0682823586612062
CLK2-R	0.0711932709613478	0.9312818849878786	1.0727424244797084
AURKA-R	0.06586290020297003	0.9362592164414325	1.0716929395744699
VCP-R	-0.05384619137445425	0.9475778409392167	1.077869794068359
POLR2D-R	0.04967855114154871	0.9515352452635792	1.0756485381240461
KPNA2-R	0.04457942959020562	0.9563996306458147	1.0744736591206066
AEN-R	-0.03884181503953166	0.9619028556776027	1.0740265014314336
POLR2E-R	-0.025879002038749186	0.9744529893008345	1.0814051466631212
CCNA2-R	0.02505011219122721	0.9752610383361094	1.0757424786495269
SIRT6-R	0.02384937475756297	0.9764327741051528	1.0705467764285412
RRM2-R	-0.02314377858849601	0.977121984453409	1.0460953010030614
UBE2I-R	-0.02314377858849601	0.977121984453409	1.064887432158805
PLK1-R	-0.02314377858849601	0.977121984453409	1.0585488164911931
ATRX-R	0.02314377858849601	0.977121984453409	1.0522852140267482
GADD45A-R	0.02118090295568636	0.9790418369864395	1.0420211364417076
CDC6-R	-0.019933004902327852	0.9802643440123947	1.0372564570363711
RNF111-R	-0.009288142071011196	0.9907548594827236	1.042297019802634
NFRKB-R	-0.00226130401398189	0.9977412508078342	1.0436144117645163
PTEN-R	3.8640140373300555E-4	0.999613673239675	1.0163669750258149
TOP2A-R	3.8640140373300555E-4	0.999613673239675	1.010720491831227
ATM-R	3.8640140373300555E-4	0.999613673239675	1.039598220169262
TERT-R	3.8640140373300555E-4	0.999613673239675	1.0220769018518026
ELL-R	3.8640140373300555E-4	0.999613673239675	0.999613673239675
GTF2H1-R	-3.8640140373300555E-4	0.999613673239675	1.0336914121001184
TERF2-R	-3.8640140373300555E-4	0.999613673239675	1.0278513476249764
PER1-R	-3.8640140373300555E-4	0.999613673239675	1.0051364007161372