

Data type: org.panda.causalpath.data.SiteModProteinData
Row ID	Change amount	P-value	Q-value
MLH1-P-S477	-49.45489132011075	3.326699681013124E-22	3.1703447960055074E-19
PMS2-A-K210	-23.071801424796558	9.550892428507904E-11	4.551000242184016E-8
PMS2-P-S445	-12.48067169134058	3.799383689571307E-6	0.0012069375520538184
MSH6-P-S830	9.010303729939872	1.2214475136643454E-4	0.02910098701305303
FANCD2-P-S1412	7.619287079077457	4.908916733378366E-4	0.09356395293819166
MCM2-P-S139	7.619287079077457	4.908916733378366E-4	0.07796996078182637
MCM3-P-S711	7.245163834716871	7.13617227926029E-4	0.09715388831621509
MCM3-P-S711-T713	7.104502390321359	8.213983293730423E-4	0.09784907598656366
TIMELESS-P-S1173	6.82727306005935	0.0010838095751691766	0.11476339168180281
MCM3-P-S672	6.187543129027024	0.002054869104793134	0.19582902568678567
MCM3-P-T674	5.681339417889272	0.0034089893228142903	0.29534243860381987
MCM3-P-S672-T674	5.320349124124995	0.0048910458450247786	0.38843055752571787
MCM2-P-S27	5.320349124124995	0.0048910458450247786	0.35855128386989343
TP53BP1-P-S523-S525	-5.320349124124995	0.0048910458450247786	0.33294047787918674
PRKDC-P-S4026	-4.954310724241007	0.007052940025175909	0.44809678959950944
DTL-P-S478	4.954310724241007	0.007052940025175909	0.4200907402495401
MRE11-P-S688-S689	-4.930608086910108	0.007222110275125366	0.40486300542320436
MRE11-P-S619	-4.7568305122134	0.008592801060927623	0.45494107839244585
TIMELESS-P-S1121	4.279958817287384	0.013843232176592904	0.6943473823312125
RBBP8-P-S327	4.203814415808196	0.014938486407708146	0.7118188773272932
MCM2-P-T39	4.196380557960393	0.015049950783974708	0.6829810998632331
MCM3-P-T722	3.537323672324307	0.029091080252501445	1.2601727036651764
CDK1-P-Y15	3.3518637050415334	0.035019028106329585	1.4510058167535693
CLK2-P-S50	3.2327546332019796	0.039448682332368576	1.5664414276144687
MSH6-P-S43	-3.2022495807063884	0.04067060917432576	1.550363621725298
FANCD2-P-S1435	3.161767641108329	0.04235081383827243	1.5523202149182163
TP53BP1-P-S1426-S1430	-2.9604180297980065	0.051797259848266074	1.8282514309406508
TP53BP1-P-S1068	-2.8602201635666678	0.05725615315881236	1.9487540700124353
YY1-P-S118	2.7875535336530923	0.061571662806865976	2.0233722294808025
DTL-P-S679	2.786829851223408	0.06161623726433623	1.9573424704304143
TP53BP1-P-S1758-S1759	-2.786829851223408	0.06161623726433623	1.8942023907391106
ATRX-P-S634	-2.7175988230499315	0.06603312142582667	1.9665488974629004
FANCD2-P-S592	2.716959632524289	0.06607534266369076	1.9081758048029482
ATRX-P-S84	-2.716959632524289	0.06607534266369076	1.8520529870146263
MDC1-A-K1016	-2.603448913818696	0.07401785627900916	2.015400486682735
MSH6-P-S41	-2.583587084574714	0.07550268317818684	1.9987238074670017
KAT5-P-S90	2.5462883791614885	0.07837201403737697	2.018608902097845
MCM4-P-S120	2.3897864288877564	0.09164925542088885	2.2984668530554493
DDB2-P-S26	2.365296155006804	0.09392148093242532	2.2950556750923417
MCM3-P-S668	2.2989291305093404	0.10036626536673025	2.3912262723623483
DTL-P-S676-S679	2.295530023637019	0.10070800149887238	2.3408469616689116
PRKDC-P-S3205	-2.2937651096528446	0.10088589940010466	2.289149098292851
RRM2B-P-S20	2.2629331244848934	0.10404486022942243	2.3059244604334785
MRE11-P-S649	-2.2145021927594497	0.10920786518521097	2.3653430800342288
PIAS3-P-S431	-2.182140153736849	0.11279986308133705	2.388850433700316
RRM2-P-S20	2.1650636298935053	0.11474263330345331	2.377168033438935
BRCA1-P-S114	2.1219608658832163	0.11979649319595195	2.429065064164728
PARP1-P-S782	2.0448416077342433	0.12940068442184352	2.569142755292018
BARD1-P-S330	1.9399657759959004	0.14370886798642918	2.7949908406340205
PARG-P-S316	-1.895441885660864	0.15025192620321676	2.8638017134333116
CDK1-A-K33	1.8427828327490154	0.15837607815602409	2.9594588722096264
ATM-A-K2440	-1.8427828327490154	0.15837607815602409	2.9025462015902104
TIMELESS-P-S1149	1.8400962338166849	0.15880214323522668	2.8554423113805854
PRKDC-P-S511	-1.7612248242158501	0.1718342681053227	3.032556620451343
TP53BP1-P-T922	-1.718988763460511	0.17924731773057864	3.1058671599498444
TP53BP1-P-S1216-S1219	-1.694794011581132	0.18363705223804858	3.1251091211225055
TP53BP1-P-S1094-S1101-S1104	-1.6214848779776228	0.19760506172532108	3.303817961828614
TP53BP1-P-T593	-1.5942556022395722	0.2030596293893365	3.336479772552374
NBN-P-S432	-1.5478463434281742	0.2127055756521489	3.435735823669456
NBN-P-S343	-1.5453017012517067	0.21324752447159917	3.3870815136905668
MTOR-A-K230	-1.5387650800614183	0.21464600845940746	3.3534040338002513
TP53BP1-P-S1101	-1.520637656923666	0.2185724682585833	3.3596703588779016
CLK2-P-S98	1.485100276471344	0.22647962895973903	3.4259537523592267
XRCC6-A-K461	1.4142215766081339	0.24311478604737	3.6201311109866188
ATRX-P-S1076	-1.413231608229453	0.2433555811680586	3.567967213125536
TCEA1-P-S100	1.3942020867113654	0.24803086455468276	3.581415362433525
WEE1-P-S165-T173	1.3556781121912522	0.2577724365400987	3.6665243585479708
POLR2F-P-S2	1.3556781121912522	0.2577724365400987	3.612604882686971
TP53-P-S15	-1.3249388859942821	0.2658192038688749	3.6713869751744608
MCM3-P-S711-T713-T722	1.3240561624427016	0.2660539523343489	3.622134522494779
PARP1-P-S257	1.3156807626432399	0.26829161814576347	3.6011536914494733
PARP1-A-K418	1.282266071437999	0.27740796140087326	3.6718026002087805
MDC1-P-T1891	1.2668890780582567	0.2817066273638631	3.6776221353118013
BLM-P-S304	-1.243367606661976	0.2884113247990049	3.7142701693709688
MDC1-P-S329-T331	-1.2348788098498473	0.2908700108122116	3.695988270720502
ATR-P-S435	-1.2348788098498473	0.2908700108122116	3.6473568461057586
NFRKB-P-T1151	1.224594021766217	0.2938769837674729	3.637204747148074
DTL-P-S485	1.209015563018534	0.2984909804008602	3.646947491307946
TTK-P-S821	-1.1624546908558193	0.31271761290527766	3.772403608844679
MCM6-P-S762	-1.1624546908558193	0.31271761290527766	3.7252485637341204
XRCC6-P-T455	1.0567711809668539	0.3475762613379481	4.089384901914378
PRKDC-P-S2624	-1.0467666722448246	0.35107104371706527	4.080130544662966
SIRT6-P-S303	1.0390035061009155	0.35380707294152675	4.062387235099698
WEE1-P-T190	1.036841116403492	0.35457296949590045	4.022714761066585
TP53BP1-P-S1426	-1.0360905321054192	0.35483920630340954	3.978373689495874
SMARCA4-P-T1455	-1.0094150804960251	0.36443208067381233	4.038415963745851
ATRX-P-S1061	-1.0094150804960251	0.36443208067381233	3.991997389449921
PARG-P-S68	-1.0048090814072645	0.36611452620214185	3.964853903075468
ORC1-P-T230	1.0048090814072645	0.36611452620214185	3.920304982816193
TOP2A-P-S1351-S1354	1.0048090814072645	0.36611452620214185	3.87674603856268
XRCC6-P-S2	-1.0048090814072645	0.36611452620214185	3.83414443374331
KDM4B-P-S622	1.0048090814072645	0.36611452620214185	3.792468950767839
CDC6-P-S45	1.0048090814072645	0.36611452620214185	3.7516897147380774
NBN-P-S604	-1.0006788564831521	0.3676297885765136	3.7271403033342283
MDC1-P-S453-T455	1.0006788564831521	0.3676297885765136	3.6879072475096577
TP53BP1-P-S999	-0.992841864773218	0.3705222193558989	3.6782049483976214
MCM2-P-S40-S41	0.992841864773218	0.3705222193558989	3.640285309754347
NBN-P-T497	-0.9795367990205666	0.37548498358866106	3.65139989142851
NBN-P-S397	-0.9795367990205666	0.37548498358866106	3.6145170642423636
APBB1-P-T709	-0.9785217027803514	0.37586633050292295	3.582006129692856
CDA-A-K51	-0.9711751866469416	0.37863780644532846	3.5726913816079016
PRKDC-A-K3260	-0.9711751866469416	0.37863780644532846	3.5376649955137065
TOP2A-P-S1351	0.9436667710641512	0.3891981153448712	3.6010272225598277
PRKDC-P-S2612	-0.9322695866105121	0.393659251962776	3.607281414620438
TOP2B-P-S1500	0.9322695866105121	0.393659251962776	3.572926353528815
DTL-P-S697	0.9075350690831342	0.40351764228893816	3.627852010390171
SMARCA4-P-S1602-S1607-S1618	-0.8598139214062954	0.423240831049435	3.7696122615898275
MDC1-P-T1697-S1711	0.8598139214062954	0.423240831049435	3.7347084443528846
SMARCC1-P-S357	-0.8458755852746241	0.4291814087252186	3.7523842432581036
MCM8-P-S670	0.8412935230832731	0.4311524569155041	3.7353481040043217
DTL-P-S490	0.8412935230832731	0.4311524569155041	3.701696319283562
XRCC1-P-S447	0.8412935230832731	0.4311524569155041	3.6686454592899587
ATRX-P-S92-S108-S112	-0.8356039188985445	0.4336125355390566	3.6569269590152294
XRCC1-P-S446-S447	-0.8356039188985445	0.4336125355390566	3.624848652357201
NBN-P-S509	-0.8299306507266971	0.4360795270712411	3.6137720808599374
MCM2-P-S41	0.8292322442044023	0.43638419423557023	3.585121871607745
UNG-P-S23	0.8157175394709869	0.442321830094591	3.6028436246166256
DTL-P-S485-S490	0.8034190687814922	0.447795300827573	3.616516285497263
TFPT-P-S249	0.8028212618766851	0.4480630759812912	3.5882698437829452
PTEN-P-S294	-0.7965770225244062	0.45086964238972393	3.5806564099783906
ATRX-P-S849-S850	-0.7965770225244062	0.45086964238972393	3.5510642082430324
SUMO1-P-S2	-0.7965770225244062	0.45086964238972393	3.521957124568909
TP53BP1-P-T919	-0.7916574040862803	0.45309321407305025	3.5105514878993245
SIRT6-P-S330	0.791380715360555	0.45321859720233615	3.4832042188211805
PCNA-A-K181	0.7864193694198284	0.455472758663397	3.4725243120497384
PCNA-A-K80	0.7864193694198284	0.455472758663397	3.444964595287439
TP53BP1-P-S580	-0.7764844502234284	0.4600203965189414	3.4519640778153633
KAT5-P-T503-S508	0.7764844502234284	0.4600203965189414	3.4249956084574307
RECQL4-P-S27	-0.7729611579762928	0.46164404142366866	3.4104400889671025
ATRX-P-S703	-0.7695765656159106	0.4632091654788455	3.3956794977026137
PLK4-P-S665	0.7695765656159106	0.4632091654788455	3.369758280162899
ATRX-P-S729-S731	-0.7695765656159106	0.4632091654788455	3.344229808343483
APBB1-P-S207	-0.7695765656159106	0.4632091654788455	3.319085223318344
MRE11-P-S689	-0.7693927232221588	0.46329433078889226	3.29492162120757
POLE3-P-S122	0.7693927232221588	0.46329433078889226	3.27051479438381
CDK1-P-S39	0.7693927232221588	0.46329433078889226	3.246466891483929
XRCC6-P-S520	-0.7693927232221588	0.46329433078889226	3.2227700528599588
MCM4-P-T110	0.7693927232221588	0.46329433078889226	3.199416646679814
BRCA1-P-S1342	0.7693927232221588	0.46329433078889226	3.1763992607324774
CDK1-P-T14-Y15	0.7693927232221588	0.46329433078889226	3.153710694584388
MDM2-P-S166	0.7576155730127049	0.4687828739736962	3.1684402758647696
DBF4-P-S612-S613	0.7547115123200739	0.47014622656255306	3.1552771402402326
TP53BP1-P-S1678	0.7547115123200739	0.47014622656255306	3.1332122651336576
ABL1-P-Y393	0.7547115123200739	0.47014622656255306	3.111453846625785
TP53BP1-P-S765	0.7452774194740893	0.474602617666549	3.119284790594629
CDK1-P-T161	0.7452774194740893	0.474602617666549	3.0979198262754877
TOP2B-P-S1466	-0.7452774194740893	0.474602617666549	3.076845541743001
SMARCC1-A-K750	0.7392890602260891	0.47745323538396595	3.074411711627835
ORC1-P-S311	0.739033241457988	0.47757539250684394	3.0545593896578676
RBBP8-P-S539	-0.7366541892273872	0.4787129218940562	3.0414227637669033
MDC1-P-S955	-0.7360009602987172	0.4790257331807331	3.0232551239817127
ATRX-P-S25-S26	-0.7252144524612267	0.4842207154957304	3.035936459654152
MDC1-P-S299	0.7252144524612267	0.4842207154957304	3.0160937376956283
BRCA1-P-S1524	0.6936461903392503	0.4997505573526838	3.092612215305894
MCM2-P-S108	-0.6674083211454762	0.5130364820947564	3.154346886685825
TP53BP1-P-S222	-0.6587117573713255	0.5175175934729476	3.161501708844353
BRCA2-P-S93	0.6582377553582739	0.5177629560006154	3.1428541214559647
MDC1-P-T1198	0.6582377553582739	0.5177629560006154	3.122962639674598
MCM4-P-S131	0.6582377553582739	0.5177629560006154	3.1033213652112357
TP53BP1-P-S1635	0.6528523566652981	0.5205588376585479	3.100578576803726
ATRX-P-S675-S677	-0.6528523566652981	0.5205588376585479	3.0813203247738894
TP53BP1-P-S1701-S1705	-0.6528523566652981	0.5205588376585479	3.0622998289419514
TOP2B-P-S1461-S1466	-0.6470406995499363	0.5235929552169768	3.061252063323797
ELL-P-T180	-0.6340345624680209	0.5304473549754014	3.0824166420216925
XPC-P-S884	0.6295669278544462	0.5328225016322653	3.0774536003366597
CHEK2-P-S163	-0.6295669278544462	0.5328225016322653	3.0589147232261977
CDK1-P-T14	0.6295669278544462	0.5328225016322653	3.040597868596101
VCP-P-S197	0.6295669278544462	0.5328225016322653	3.0224990717592193
MSH6-P-S79	-0.628660486336984	0.5333056930284701	3.0073392038824376
BRCA1-P-S1545	-0.5912529645068539	0.5536331672646397	3.1036024023717745
PRKDC-A-K3241	-0.590550169841479	0.5540223944585451	3.087621882567213
PARG-P-S291	0.5862338456602812	0.5564189030499542	3.082948922131432
NBN-A-K544	-0.5851034577646655	0.5570482278664197	3.068595151194786
TIMELESS-P-S962	0.5811053176226163	0.5592798429294729	3.0631821282286644
TTK-P-T33	-0.5811053176226163	0.5592798429294729	3.0456782303530723
TCEA1-P-S135	0.5691234203685832	0.5660213841162177	3.064877153765656
NBN-P-S488	-0.5595369616074505	0.5714736168199136	3.0769172702224727
MCM7-P-S500	-0.5578573067298352	0.572434301851623	3.0647746610370605
KAT5-P-S199	0.5519958940716307	0.5757994280768177	3.065569022107303
TOP2A-P-S4	-0.5517042024748646	0.575967408429448	3.0494274457403554
SMARCA4-P-S695-S699	-0.5474157828865389	0.5784427021014307	3.0456126801252124
TP53BP1-P-S1104	-0.5408050976379769	0.5822792719453179	3.0489678360653185
POLA1-P-S215	0.5382283464792286	0.5837815954597051	3.0401303850989017
PLK4-P-S401	0.5344444223007234	0.5859947653465594	3.0350707139960384
ATRX-P-S925	-0.5275349656903201	0.5900576908916683	3.0395944833500534
BLM-P-T125	0.5244602903921808	0.5918747186520569	3.032562402555969
WEE1-P-S150	0.5244602903921808	0.5918747186520569	3.016345491312354
RUVBL2-P-T360	-0.5244155613063283	0.5919011932592495	3.0004353041280045
SIRT6-P-S2	0.5223768028176482	0.5931091678072328	2.9906509889962587
CDC25C-P-S216	0.5223768028176482	0.5931091678072328	2.9749107206331202
EP300-P-S973	-0.5223768028176482	0.5931091678072328	2.9593352718339943
KDM4B-P-S566	0.5223768028176482	0.5931091678072328	2.943922067293192
ATRX-P-T977-S978	-0.5223768028176482	0.5931091678072328	2.9286685850792376
KAT5-P-S86-S90	0.5181571750712476	0.5956171553740396	2.9258925209869058
APBB1-P-S205	-0.5145240818451859	0.5977850236758361	2.92148270545165
NBN-P-S673	-0.5145240818451859	0.5977850236758361	2.906577181444244
MCM4-P-S31-S32	-0.5145240818451859	0.5977850236758361	2.891822982553664
MDC1-P-T1567	0.5087132440334543	0.6012687674270353	2.8939855321109325
ATRX-P-S2379	0.5087132440334543	0.6012687674270353	2.8794428912460535
ABL1-P-S16	-0.5087132440334543	0.6012687674270353	2.865045676789823
MCM4-P-T23	0.5067235641331098	0.6024662907572744	2.8564695278193164
MAPK8-P-S377	0.5067235641331098	0.6024662907572744	2.842328589562785
MDC1-P-S329	-0.5067235641331098	0.6024662907572744	2.828326970894988
TP53BP1-P-S1701	-0.5067235641331098	0.6024662907572744	2.814462622998444
ERCC4-P-S521	0.5067235641331098	0.6024662907572744	2.800733537032598
VCP-P-S775	0.5067235641331098	0.6024662907572744	2.7871377431635076
UNG-P-T60	0.5067235641331098	0.6024662907572744	2.773673309621655
POLR2A-P-S1944-S1966	-0.5039540042013	0.6041371699884721	2.7679938605721826
RAD9A-P-S387	0.5012896684400467	0.6057489404505612	2.762099235642989
XPC-P-S61	-0.4929631798058346	0.6108137589330439	2.771931010777099
TP53BP1-P-S395-S398	0.4901978857441418	0.6125051761485781	2.7664333311355214
YY1-P-S247	0.4901978857441418	0.6125051761485781	2.7533841173094102
TP53BP1-P-S294-S301-T302	-0.4890821713092055	0.6131889383858494	2.7435167055479552
TP53BP1-P-T543-S552	-0.4890821713092055	0.6131889383858494	2.7306965340267033
TOP2B-P-S1344	0.4890821713092055	0.6131889383858494	2.717995619914951
CDK1-P-Y19	0.4870785153290866	0.6144187897572659	2.71083845666053
SIRT6-P-S10	0.4870785153290866	0.6144187897572659	2.6983461135422786
PIAS1-P-S485	0.4870785153290866	0.6144187897572659	2.6859683790764883
XRCC1-P-S266	-0.4870785153290866	0.6144187897572659	2.6737036832816186
KDM4B-P-S632-S633	0.4870785153290866	0.6144187897572659	2.6615504847212477
PARP1-P-T368	0.4870785153290866	0.6144187897572659	2.6495072698582556
ATRX-P-S1348-S1352	-0.4870785153290866	0.6144187897572659	2.6375725524264615
MDC1-P-T1239	0.4870785153290866	0.6144187897572659	2.625744872819168
TOP2B-P-S1340	0.47637159183600253	0.6210326686963236	2.642161309230341
ATRX-P-S704	-0.4485703858527731	0.6385403657497483	2.7045731935978226
KAT5-P-S190	0.4430589606184823	0.6420693491658076	2.7074871228097996
SMARCC1-P-S573	0.4430589606184823	0.6420693491658076	2.695559866762179
SMARCC1-A-K354	-0.4342234270535144	0.6477675105297432	2.7075545505914267
PARP1-A-K621	0.4342234270535144	0.6477675105297432	2.695731168274434
YWHAE-A-K69	0.4342234270535144	0.6477675105297432	2.6840105979775886
FEN1-A-K375	0.4342234270535144	0.6477675105297432	2.67239150447985
PARP1-A-K433	0.4342234270535144	0.6477675105297432	2.6608725755812297
YWHAG-A-K77	-0.4342234270535144	0.6477675105297432	2.649452521608778
PRKDC-A-K1612	-0.4342234270535144	0.6477675105297432	2.6381300749352365
MCM5-A-K396	0.4342234270535144	0.6477675105297432	2.62690398950998
PCLAF-A-K93	0.4342234270535144	0.6477675105297432	2.615773040401887
PIAS1-P-T508	-0.431976183910608	0.6492248384978159	2.61059608054185
ATRX-P-S1082	-0.42982329032414757	0.6506240561316816	2.605229939048288
TERF2-A-K297	-0.4279943143756458	0.6518151207641216	2.5990787032979408
XRCC6-A-K565	-0.4279943143756458	0.6518151207641216	2.588249208700866
ATM-A-K2318	-0.4279943143756458	0.6518151207641216	2.5775095854282486
SMARCA4-A-K94	-0.4279943143756458	0.6518151207641216	2.56685871937276
XRCC5-A-K532	0.4279943143756458	0.6518151207641216	2.556295514766288
PRKDC-A-K3264	-0.4279943143756458	0.6518151207641216	2.545818893804131
MDC1-A-K1025	0.4279943143756458	0.6518151207641216	2.5354277962783995
PARP1-A-K518	0.4279943143756458	0.6518151207641216	2.525121179220357
BRCA2-P-S3319	0.4276531695218967	0.65203752207154	2.5157561074258203
ATRX-P-S1073-S1076	-0.4276531695218967	0.65203752207154	2.5056119295732966
CDK1-A-K6	0.42460305711865604	0.654029345904085	2.5031725568136265
NFRKB-P-S298	0.42380313889241483	0.6545527252007818	2.49515498846538
CHEK2-P-S303	-0.4180875936645427	0.6583045625902607	2.499459155970193
MAPK8-P-T183-Y185	-0.4114578278702981	0.6626834671783329	2.506100572305362
TP53BP1-P-S512	-0.4114578278702981	0.6626834671783329	2.496195036446448
TP53-P-S6	-0.4114578278702981	0.6626834671783329	2.486367496932879
SIRT6-P-T294	0.4114578278702981	0.6626834671783329	2.4766170361605933
TP53BP1-P-S1101-S1104	-0.40902114515930243	0.6643001854404598	2.4729612372060865
RRM2-P-T33	0.40902114515930243	0.6643001854404598	2.4633388199406934
APBB1-P-T493-S494	-0.40902114515930243	0.6643001854404598	2.453790995057202
BRCA1-P-T967	0.4076478612724153	0.6652130848727512	2.4476759454970343
VCP-A-K696	-0.4054981831520874	0.6666446170020335	2.4435089230882228
TTK-P-S436	0.4036865633225157	0.6678534182229988	2.4385605653889573
CLK2-P-S142	0.3917319725597392	0.6758852454776887	2.458468087558158
SUMO1-P-T76	0.3877074177951445	0.6786108636836523	2.4589967798118653
ATRX-P-S92	-0.38314884381442077	0.6817114232055703	2.4608749481625325
CDC7-P-S471	-0.38314884381442077	0.6817114232055703	2.4515886276034284
TP53BP1-P-T1372	-0.38308792795784397	0.6817529515057063	2.442520912725331
PRKDC-A-K309	-0.3684095814854981	0.6918337613511392	2.4693542118638034
PARP1-A-K84	0.3684095814854981	0.6918337613511392	2.4601402036105804
XRCC1-A-K260	-0.3684095814854981	0.6918337613511392	2.450994700994928
SOD1-A-K31	-0.3684095814854981	0.6918337613511392	2.4419169428430947
APEX1-A-K98	0.3684095814854981	0.6918337613511392	2.4329061792163675
PRKDC-A-K3631	-0.3684095814854981	0.6918337613511392	2.4239616712045424
MTOR-A-K1218	0.3684095814854981	0.6918337613511392	2.4150826907239398
PARP1-A-K105	0.3684095814854981	0.6918337613511392	2.4062685203198377
ATRX-P-S1253	-0.3610946412382728	0.6969130386327171	2.415120457516289
MTOR-P-S2481	0.36059730538433077	0.6972597246764628	2.407567092814018
XRCC5-P-S318	-0.36059730538433077	0.6972597246764628	2.398875514861621
SUMO2-A-K11	0.3585585743069252	0.6986826997850981	2.3951245068172606
TOP2B-A-K1209	-0.3585585743069252	0.6986826997850981	2.3865398311655857
FANCD2-P-S8	0.3572670717540491	0.6995856332204332	2.3810896730681175
MTOR-P-S1261	-0.3561886585425712	0.7003404825564506	2.37517608496903
POLR2A-P-S1917	0.3541818578297492	0.7017473375026713	2.371507846241297
TP53BP1-P-S1618	-0.3541818578297492	0.7017473375026713	2.3631279598588186
MCM4-P-S406	0.3541818578297492	0.7017473375026713	2.354807086760724
ELL-P-S33	0.3541818578297492	0.7017473375026713	2.3465446057545463
POLR2A-P-T1903	0.3541818578297492	0.7017473375026713	2.338339904335824
RCHY1-P-S257	0.3541818578297492	0.7017473375026713	2.3301923785367444
TOP1-P-S394	-0.3541818578297492	0.7017473375026713	2.322101432777936
XRCC5-P-S695	-0.3541818578297492	0.7017473375026713	2.3140664797233415
UNG-P-S14	0.35285157526883393	0.7026814809475278	2.3091567287689445
CLK2-P-S76	0.34736113510158523	0.7065501221284475	2.3138909497883517
POLR2A-P-S1882	-0.34722683234067514	0.70664502013296	2.3062763842010647
RAD9A-A-K2	0.34648073291213766	0.707172444309632	2.3001206123791103
PRKDC-P-T2603-S2612	-0.3429428781431451	0.7096787485703118	2.3004212496173713
YWHAE-A-K106	0.3411002367686472	0.7109876375311641	2.2968515883633875
MDC1-P-T1321	0.3343841460420356	0.715778765827494	2.30451744538379
ATR-P-S428	-0.3343841460420356	0.715778765827494	2.2967581273858646
ATRX-P-S875-S876	-0.3343841460420356	0.715778765827494	2.289050885347657
CDC25C-P-T48	0.3343841460420356	0.715778765827494	2.281395196767899
RAD9A-P-S336-S341-T355	0.33361361063480965	0.7163305112526988	2.27554325741274
TP53BP1-P-S635-S639-S640	0.33361361063480965	0.7163305112526988	2.2679833130359532
SMARCC1-P-S328	0.33361361063480965	0.7163305112526988	2.2604734345159665
ATRX-P-S316	-0.33361361063480965	0.7163305112526988	2.2530131261512274
ATRX-P-S1244-S1245	-0.33361361063480965	0.7163305112526988	2.245601898762572
MDC1-P-T1649	0.33361361063480965	0.7163305112526988	2.2382392695863014
TOP2B-P-T1292	-0.33361361063480965	0.7163305112526988	2.230924762169353
POLR2A-P-S1910-S1920	0.33361361063480965	0.7163305112526988	2.223657906266521
BRCA1-P-S1189-S1191	0.3312906672463945	0.7179964406584606	2.2215928829464704
MDC1-P-S1820	-0.3253115044180514	0.7223023182308318	2.2276832015339245
ATRX-P-S213	-0.3253115044180514	0.7223023182308318	2.2204971266902667
SOD1-A-K123	-0.3236223553784848	0.7235234255237125	2.2170991142253955
XRCC6-A-K516	0.3236223553784848	0.7235234255237125	2.2099930273208273
TOP1-A-K101	0.3236223553784848	0.7235234255237125	2.202932346722358
YWHAE-A-K78	0.3236223553784848	0.7235234255237125	2.195916638611777
YY1-A-K339	0.3236223553784848	0.7235234255237125	2.1889454746796764
MRE11-A-K416	-0.3236223553784848	0.7235234255237125	2.182018432038285
ATRX-A-K2490	0.3236223553784848	0.7235234255237125	2.175135093135956
KAT5-A-K104	-0.3236223553784848	0.7235234255237125	2.1682950456732644
ACTL6A-A-K379	-0.3236223553784848	0.7235234255237125	2.1614978825206834
XRCC1-A-K431	-0.3236223553784848	0.7235234255237125	2.1547432016378063
APEX1-A-K24	-0.3236223553784848	0.7235234255237125	2.148030605994075
SUMO1-A-K16	-0.3236223553784848	0.7235234255237125	2.1413597034909877
YWHAG-A-K142	-0.3236223553784848	0.7235234255237125	2.1347301068857525
XRCC1-P-S226	0.3204512342205112	0.7258214476942996	2.1349007396687267
KPNA2-P-S490	0.3151967268328428	0.7296453193361946	2.139544582545826
MCM5-P-S315	-0.3151967268328428	0.7296453193361946	2.1329815623539674
TP53BP1-P-S265	-0.3151967268328428	0.7296453193361946	2.12645868295839
YWHAE-A-K50	0.31144904842553567	0.7323849257198062	2.1279354701554123
TOP2B-A-K3	0.31144904842553567	0.7323849257198062	2.1214675811883748
MDC1-P-T1302	-0.30879468611833893	0.7343315230053085	2.1206604285577546
TFPT-P-S180	-0.30879468611833893	0.7343315230053085	2.114253599468456
ATRX-P-S819	-0.30751495875311824	0.7352718687151776	2.110584611101097
CCNH-P-T315	0.30751495875311824	0.7352718687151776	2.104246519175869
RECQL4-P-S323	0.3060371164297606	0.7363592879210901	2.1010491059544876
TP53BP1-P-S103	0.29984182022162675	0.7409354124121168	2.107795367249992
PER1-P-S592	0.29945647604340286	0.7412209825775964	2.1023321321322896
ATRX-P-S1527	0.29573515868732914	0.7439844397462351	2.1039085195197686
TP53BP1-A-K1360	-0.2956216645205471	0.7440688824321083	2.097922026502365
ELL-A-K355	-0.2956216645205471	0.7440688824321083	2.09173346595221
TP53BP1-A-K1626	-0.2917604772838778	0.7469474254245965	2.0936496953812953
PER1-P-S645-T646	-0.2882796796442903	0.7495519285043274	2.0947888207173726
MEN1-P-S548	-0.2882796796442903	0.7495519285043274	2.088663707206503
TP53BP1-P-S1548	-0.2882796796442903	0.7495519285043274	2.0825743086432187
TOP2B-P-S1336	0.2842230467648669	0.75259876126502	2.084961103155709
ATRX-P-S1110	-0.2771758452240937	0.7579212085670091	2.0936200340995934
TP53BP1-P-S566	-0.2756332265930799	0.7590912942101065	2.0907919172896863
RUVBL2-P-S220	0.2756332265930799	0.7590912942101065	2.084766580352252
NFRKB-A-K1249	0.2693315630422563	0.7638899359836766	2.0919169798633446
XRCC5-A-K565	0.2693315630422563	0.7638899359836766	2.085922948402418
MEN1-A-K507	-0.2693315630422563	0.7638899359836766	2.0799631685498396
XRCC6-A-K94	-0.2693315630422563	0.7638899359836766	2.07403734755682
POLG2-A-K288	0.2693315630422563	0.7638899359836766	2.068145196001261
YWHAE-A-K153	0.2693315630422563	0.7638899359836766	2.0622864277406343
EP300-A-K1558-K1560	-0.2693315630422563	0.7638899359836766	2.0564607598656606
EP300-A-K1900	0.2693315630422563	0.7638899359836766	2.0506679126547716
TP53BP1-P-S1288	-0.2678054000714092	0.7650566465865817	2.0480308544859898
XPC-P-S397-S398-S399	-0.26517954448292913	0.7670682147454375	2.0476638897826387
ORC1-P-S199	0.26517954448292913	0.7670682147454375	2.041944158246933
TOP3A-P-S971	0.26517954448292913	0.7670682147454375	2.036256291510869
PIAS4-P-T98	0.26517954448292913	0.7670682147454375	2.0306000240344497
SMARCC1-P-T375	-0.2649137379610152	0.7672721335799472	2.0255134163481707
MCM3-P-S160	-0.2649137379610152	0.7672721335799472	2.0199180754190325
XRCC5-P-S145	0.2649137379610152	0.7672721335799472	2.014353562814572
TP53BP1-P-S975	-0.2649137379610152	0.7672721335799472	2.0088196244551915
TOP2B-P-S1441	-0.2649137379610152	0.7672721335799472	2.0033160090457254
TP53BP1-P-S525	-0.2649137379610152	0.7672721335799472	1.9978424680374036
MDC1-P-S1775	-0.2649137379610152	0.7672721335799472	1.9923987555904352
TP53BP1-P-S316	0.2649137379610152	0.7672721335799472	1.9869846285372004
MDC1-P-T1608	-0.2649137379610152	0.7672721335799472	1.9815998463460425
TP53BP1-P-S809	-0.2649137379610152	0.7672721335799472	1.9762441710856478
PARG-P-S197-T199-S201	0.2649137379610152	0.7672721335799472	1.9709173673899991
MCM4-P-S32	0.2649137379610152	0.7672721335799472	1.965619202423897
TOP2B-P-S1342-S1344	-0.2649137379610152	0.7672721335799472	1.960349445849034
KAT5-P-T158	-0.2649137379610152	0.7672721335799472	1.9551078697906141
WEE1-P-S139	0.2649137379610152	0.7672721335799472	1.949894248804506
KDM4B-P-T1065	0.2649137379610152	0.7672721335799472	1.9447083598449195
MDC1-P-S495	0.2649137379610152	0.7672721335799472	1.9395499822325988
MDC1-P-S498	0.2649137379610152	0.7672721335799472	1.9344188976235177
TP53BP1-P-S566-S580	-0.2649137379610152	0.7672721335799472	1.929314889978073
SMARCA4-P-S1659	-0.2649137379610152	0.7672721335799472	1.9242377455307624
EP300-P-S285	0.2649137379610152	0.7672721335799472	1.9191872527603404
MSH6-P-S137	-0.2649137379610152	0.7672721335799472	1.9141632023604442
MDC1-P-S1086	-0.2649137379610152	0.7672721335799472	1.9091653872106782
NBN-A-K334	-0.26139950782052235	0.7699732478264288	1.9108971489025695
NFRKB-P-S351	-0.25734110680851885	0.7731044575893128	1.913684540474325
CDC6-P-S54	0.25734110680851885	0.7731044575893128	1.9087268085041842
TOP2B-A-K28	0.25692281653147525	0.7734279073102821	1.9045912032731238
PRKDC-A-K2829	-0.25692281653147525	0.7734279073102821	1.8996824630585023
XRCC5-A-K265	-0.2523400152424405	0.7769805079345783	1.9035023754798281
SMARCA4-A-K461	-0.2523400152424405	0.7769805079345783	1.898621600158085
TOP1-A-K172	0.2523400152424405	0.7769805079345783	1.8937657904390106
VCP-A-K236	0.2523400152424405	0.7769805079345783	1.8889347552593192
YWHAG-A-K69	-0.2523400152424405	0.7769805079345783	1.8841283055003897
XRCC5-A-K347	-0.2523400152424405	0.7769805079345783	1.8793462539635866
SMARCC1-A-K854	-0.2523400152424405	0.7769805079345783	1.8745884153459573
NBN-A-K233	-0.2523400152424405	0.7769805079345783	1.8698546062162957
PRKDC-A-K3455	-0.2523400152424405	0.7769805079345783	1.8651446449915696
MCM4-A-K858	0.2523400152424405	0.7769805079345783	1.8604583519137012
PRKDC-A-K1051	-0.2523400152424405	0.7769805079345783	1.8557955490266995
YWHAE-A-K118	-0.2523400152424405	0.7769805079345783	1.8511560601541328
NFRKB-A-K1191	-0.2523400152424405	0.7769805079345783	1.8465397108769404
EP300-A-K1542	0.2523400152424405	0.7769805079345783	1.841946328511575
TOP2B-A-K1481	-0.2523400152424405	0.7769805079345783	1.8373757420884693
PRKDC-A-K3608	-0.2523400152424405	0.7769805079345783	1.8328277823308246
SMARCC1-A-K359	-0.24914536638088414	0.7794666569017628	1.8341524050058762
ABL1-P-S180	-0.24540820123615384	0.782385102483286	1.836485228242787
SMARCC1-P-S328-S330-T335	-0.24540820123615384	0.782385102483286	1.831972979524746
ATRX-P-S1442	0.24540820123615384	0.782385102483286	1.8274828496729696
TERF1-P-T371	0.24540820123615384	0.782385102483286	1.8230146764463853
TOP2B-P-S1400-S1413	-0.24225652783464996	0.7848548146192263	1.824308873980787
TERF2-P-S365	0.24137019878731356	0.7855507626132663	1.8214838850862356
ERCC3-P-S686	-0.24137019878731356	0.7855507626132663	1.8170628076952495
PARG-P-S137	0.24137019878731356	0.7855507626132663	1.8126631398800068
MDC1-P-S793	0.22920875950409228	0.7951625184440628	1.830410338350705
TP53BP1-P-S782	0.22920875950409228	0.7951625184440628	1.8259997110293782
MRE11-P-S275	-0.22920875950409228	0.7951625184440628	1.821610288647096
MSH6-P-S252-S254-S256	-0.22920875950409228	0.7951625184440628	1.8172419186503403
MDC1-P-S998	-0.22920875950409228	0.7951625184440628	1.8128944499454351
TP53BP1-P-S784-S786	0.22920875950409228	0.7951625184440628	1.8085677328811263
TP53BP1-P-S1219	-0.22920875950409228	0.7951625184440628	1.8042616192314094
DBF4-P-S629	0.22920875950409228	0.7951625184440628	1.7999759621786031
MCM2-P-S381	0.22920875950409228	0.7951625184440628	1.7957106162966634
MDC1-P-S1033	0.22920875950409228	0.7951625184440628	1.7914654375347328
DDB2-P-T148	-0.22920875950409228	0.7951625184440628	1.7872402832009244
TP53BP1-P-S1028	0.229069873974229	0.79527296268114	1.7832826669061799
TERF1-P-S365-S367-T371	-0.22885547406372372	0.7954434874127565	1.779478036395204
TOP2A-A-K1422	0.22825647108783367	0.7959201031617441	1.776374375440614
TOP2A-P-S1332-S1337-T1343	-0.2271361008705045	0.7968123280584719	1.774210627662906
TOP2B-P-S1581-S1596	-0.2271361008705045	0.7968123280584719	1.7700749385541346
CDC25B-P-S323	0.2271361008705045	0.7968123280584719	1.7659584852086598
PARG-P-S286	-0.2271361008705045	0.7968123280584719	1.7618611337348578
MDC1-P-T1664	-0.2271361008705045	0.7968123280584719	1.757782751480842
NBN-P-S615	-0.2271361008705045	0.7968123280584719	1.7537232070201472
MDC1-P-S882	0.2252395603304783	0.7983249488613735	1.7530038623614954
KDM4B-P-S407	0.2252395603304783	0.7983249488613735	1.748973968425032
SMARCC1-P-S816	-0.2252395603304783	0.7983249488613735	1.744962560240571
PRKDC-A-K1057	0.2219691140387891	0.8009401017575528	1.746672578890041
PARP1-A-K654	0.21995427318906785	0.802555495426845	1.7461995140223363
RUVBL1-A-K2	0.21995427318906785	0.802555495426845	1.7422218385917614
XRCC6-A-K468	0.21816221794462642	0.803995008669763	1.741380098323373
EP300-A-K1180	0.21816221794462642	0.803995008669763	1.7374313906174244
XPC-A-K72	0.21816221794462642	0.803995008669763	1.7335005503671586
BRCA1-P-S395-S398	-0.2157316588113211	0.8059515428540283	1.7337964341758216
KAT5-P-S199-S202	0.2157316588113211	0.8059515428540283	1.7298914872520021
XPC-P-S122-S129	0.21295957464931506	0.8081888078721005	1.7307953570833972
TP53BP1-P-S598	-0.21029563694213982	0.8103446427418898	1.7315211760830065
YWHAG-P-S71	0.21029563694213982	0.8103446427418898	1.72764752691951
PTEN-P-T383-S385	-0.21029563694213982	0.8103446427418898	1.7237911708326359
TP53BP1-P-S552	-0.21029563694213982	0.8103446427418898	1.719951992278443
YY1-P-S184-Y185-S187	0.21029563694213982	0.8103446427418898	1.7161298767400464
TOP2B-P-S1524	0.21029563694213982	0.8103446427418898	1.7123247107162327
TP53BP1-P-S349-S366	-0.21029563694213982	0.8103446427418898	1.7085363817102233
POLD1-P-T666	0.20976567964352907	0.810774204614372	1.705668470193149
XPC-P-S94	-0.20860994920289103	0.8117117827325535	1.7038795791720782
PCLAF-P-S72	0.20860994920289103	0.8117117827325535	1.7001347888881835
MCM6-P-S13	-0.20860994920289103	0.8117117827325535	1.6964064231230778
ATRX-P-S1352	0.20860994920289103	0.8117117827325535	1.692694374057163
POLR2H-A-K20	0.20494434385461005	0.8146926578026501	1.695201098004204
NFRKB-A-K1208	0.20494434385461005	0.8146926578026501	1.6915078494246742
XRCC5-A-K648	0.20494434385461005	0.8146926578026501	1.6878306584476641
XRCC1-A-K298	0.20494434385461005	0.8146926578026501	1.684169420576845
PARP1-A-K633	0.20494434385461005	0.8146926578026501	1.6805240322206179
PARP1-A-K662	-0.20494434385461005	0.8146926578026501	1.6768943906823446
XRCC6-A-K392	-0.20494434385461005	0.8146926578026501	1.6732803941507015
RBBP8-P-S347	-0.20044422392771	0.8183671340572269	1.677212642487177
MDC1-P-T1425	0.1981040017833271	0.8202845376466754	1.6775346875048962
NFRKB-A-K1061	0.19564402134876446	0.8223049055739912	1.6780654711178022
KAT5-A-K76	0.19564402134876446	0.8223049055739912	1.6744798611367813
YWHAG-A-K10	0.19564402134876446	0.8223049055739912	1.6709095416034405
TIMELESS-A-K1142	0.19564402134876446	0.8223049055739912	1.667354414919178
PARP1-A-K108	0.19564402134876446	0.8223049055739912	1.6638143843142539
BRCA1-P-S1191	0.18958015917559418	0.8273063980406286	1.6703877062133876
MCM4-P-T19	0.18813728169061172	0.8285009614125939	1.6692630364190317
ABL1-P-S569	-0.18813728169061172	0.8285009614125939	1.665741384443464
MDC1-P-S544	0.18813728169061172	0.8285009614125939	1.6622345604762148
TOP2B-P-S1236	-0.18813728169061172	0.8285009614125939	1.6587424710634497
ELL-P-S317-S319	0.18813728169061172	0.8285009614125939	1.6552650235350148
ATRX-P-S598	-0.18813728169061172	0.8285009614125939	1.6518021259962385
SMARCA4-P-S1382	-0.18813728169061172	0.8285009614125939	1.6483536873198372
TP53BP1-P-S294-S310	-0.18813728169061172	0.8285009614125939	1.6449196171379208
PIAS1-P-S503	0.18813728169061172	0.8285009614125939	1.6414998258340998
SOD1-A-K137	-0.1867286002109759	0.8296688777907493	1.640403403598722
USP7-A-K272	0.1867286002109759	0.8296688777907493	1.6370071232600083
MRE11-A-K609	0.1867286002109759	0.8296688777907493	1.6336248771375703
SOX4-A-K154	0.1867286002109759	0.8296688777907493	1.6302565784218228
XRCC1-P-S241	0.1853444811672414	0.8308180333851032	1.6291555263703772
TOP2B-P-S1466-S1476	-0.1849009278794337	0.831186627194836	1.626531531245747
MAPK8-P-T183	-0.1849009278794337	0.831186627194836	1.6231984748292598
EP300-P-T1906	0.1849009278794337	0.831186627194836	1.6198790505453553
NFRKB-P-S494	-0.18100038207217153	0.834435039881321	1.6228910061365283
PRKDC-A-K832	-0.17979049617741374	0.8354452220455134	1.6215464289396626
PRKDC-A-K2359	-0.17979049617741374	0.8354452220455134	1.618250602864582
XRCC5-A-K543	0.17979049617741374	0.8354452220455134	1.614968147280678
PRKDC-A-K520	-0.17979049617741374	0.8354452220455134	1.6116989809906364
XRCC1-A-K169	0.17979049617741374	0.8354452220455134	1.6084430234532814
DBF4-P-S381	0.17743038350414753	0.8374192955034551	1.6089931222072433
TP53BP1-P-S124	0.17743038350414753	0.8374192955034551	1.6057557114985768
ABL1-P-S809-T814	-0.17743038350414753	0.8374192955034551	1.6025313024393426
PARG-P-S261-S264	-0.17743038350414753	0.8374192955034551	1.599319816863312
TOP2A-P-S1374	0.17743038350414753	0.8374192955034551	1.5961211772295854
ATRX-P-T591	-0.17743038350414753	0.8374192955034551	1.5929353066163525
CDT1-P-S93	0.17743038350414753	0.8374192955034551	1.5897621287147263
EP300-P-T1906-T1909	-0.17743038350414753	0.8374192955034551	1.5866015678226495
MDC1-P-T1384	0.17420037308806083	0.8401285416417305	1.5885763892550975
TP53BP1-P-S1634	-0.17420037308806083	0.8401285416417305	1.5854306934347904
TP53BP1-P-S349	-0.17420037308806083	0.8401285416417305	1.5822974311948006
MDC1-P-T1157	-0.17420037308806083	0.8401285416417305	1.5791765289636472
TP53BP1-P-S119	0.17420037308806083	0.8401285416417305	1.5760679137491518
ATRX-P-S729	0.17420037308806083	0.8401285416417305	1.5729715131327489
TP53BP1-P-S366	-0.17420037308806083	0.8401285416417305	1.569887255263861
MRE11-P-S676	-0.17420037308806083	0.8401285416417305	1.5668150688543427
MDC1-P-T1343	0.17420037308806083	0.8401285416417305	1.5637548831729866
TOP2B-P-S1613	0.17420037308806083	0.8401285416417305	1.5607066280400959
ATRX-P-S1322-S1324-S1326	0.17420037308806083	0.8401285416417305	1.5576702338221189
TOP2A-P-S1247	0.17420037308806083	0.8401285416417305	1.554645631426348
PER1-P-S830	0.17420037308806083	0.8401285416417305	1.5516327522956765
TP53BP1-P-T855	-0.17420037308806083	0.8401285416417305	1.548631528403422
XRCC1-P-S268	-0.17420037308806083	0.8401285416417305	1.545641892248203
KAT5-P-S86	-0.17420037308806083	0.8401285416417305	1.542663776848881
DBF4-P-S508	0.17420037308806083	0.8401285416417305	1.539697115739556
EP300-P-S2326-S2328	0.17420037308806083	0.8401285416417305	1.536741842964624
NFRKB-P-S347-S351	0.17420037308806083	0.8401285416417305	1.5337978930738871
ATRX-P-S1291-S1292	-0.17420037308806083	0.8401285416417305	1.530865201117723
SMARCC1-P-S330	0.17420037308806083	0.8401285416417305	1.5279437026423075
RBBP8-P-T245	-0.17420037308806083	0.8401285416417305	1.5250333336848936
MSH6-P-S254	-0.17420037308806083	0.8401285416417305	1.5221340307691429
ACTL6A-P-S86	0.17420037308806083	0.8401285416417305	1.5192457309005107
XPC-P-S903	0.17420037308806083	0.8401285416417305	1.516368371561684
EP300-P-T887	-0.17420037308806083	0.8401285416417305	1.5135018907080702
TOPBP1-P-T298	0.17420037308806083	0.8401285416417305	1.510646226763338
ATR-P-T1989	-0.17420037308806083	0.8401285416417305	1.5078013186150079
MCM4-P-S26	0.17420037308806083	0.8401285416417305	1.5049671056100924
TP53BP1-P-T591	-0.17420037308806083	0.8401285416417305	1.5021435275507864
TOP2B-P-S1526	0.17420037308806083	0.8401285416417305	1.4993305246902044
TP53BP1-P-S294	-0.17420037308806083	0.8401285416417305	1.4965280377281667
MGMT-P-S201	-0.17420037308806083	0.8401285416417305	1.493736007807032
PER1-P-S704	0.17420037308806083	0.8401285416417305	1.4909543765075775
ABL1-P-T781	-0.17420037308806083	0.8401285416417305	1.488183085844924
TOPBP1-P-S888	-0.17420037308806083	0.8401285416417305	1.4854220782645067
MSH6-P-S935	-0.17420037308806083	0.8401285416417305	1.482671296638091
EYA3-P-S438	-0.17420037308806083	0.8401285416417305	1.479930684259832
MCM3-P-T713-T722	0.17420037308806083	0.8401285416417305	1.4772001848423786
VCP-P-S770	-0.17420037308806083	0.8401285416417305	1.4744797425130187
TP53BP1-P-S208	0.17420037308806083	0.8401285416417305	1.4717693018098696
TOP2A-P-T1343	-0.17420037308806083	0.8401285416417305	1.4690688076781084
MSH6-P-S219-S227	-0.17420037308806083	0.8401285416417305	1.4663782054662438
SIRT6-P-S338	-0.17420037308806083	0.8401285416417305	1.46369744092243
MSH6-P-S309	-0.17420037308806083	0.8401285416417305	1.4610264601908196
WRN-P-S1133	0.17420037308806083	0.8401285416417305	1.4583652098079585
ATRX-P-S814-S815	0.17420037308806083	0.8401285416417305	1.4557136366992167
SMARCC1-P-S822	-0.17420037308806083	0.8401285416417305	1.4530716881752617
RAD9A-P-S375-S387	0.17420037308806083	0.8401285416417305	1.4504393119285672
TP53BP1-P-S500-S507	-0.17420037308806083	0.8401285416417305	1.4478164560299622
TP53BP1-P-S727	-0.17420037308806083	0.8401285416417305	1.445203068925215
POLR2A-P-S1875	-0.17420037308806083	0.8401285416417305	1.4425990994316562
POLR2A-P-S27	0.17420037308806083	0.8401285416417305	1.4400044967348367
TTK-P-S455	-0.17420037308806083	0.8401285416417305	1.4374192103852228
TP53BP1-P-S1342	-0.17420037308806083	0.8401285416417305	1.4348431902949268
NFRKB-P-S209-S210	-0.17420037308806083	0.8401285416417305	1.4322763867344708
SMARCA4-P-S1449-S1453	-0.17420037308806083	0.8401285416417305	1.4297187503295878
YWHAE-P-S210	0.17420037308806083	0.8401285416417305	1.4271702320580555
TFPT-P-T207	0.17420037308806083	0.8401285416417305	1.4246307832465643
SMARCA4-P-S695	-0.17420037308806083	0.8401285416417305	1.4221003555676184
ATRX-P-T674-S675-S677	-0.17306620084522903	0.8410819326666905	1.4211898614031138
SUMO2-A-K21	-0.1679151356420652	0.845425578139255	1.4260010194101063
TP53BP1-P-S771	-0.16604576544230626	0.8470074696308835	1.4261450857919293
PARP1-A-K600	0.165103892323965	0.8478056190162835	1.424971349069697
TP53BP1-P-S639-S640	-0.16467262792104675	0.8481713262529477	1.4230761864772166
TP53BP1-P-S1631	-0.16467262792104675	0.8481713262529477	1.4205751738472039
DBF4-P-S359	0.16467262792104675	0.8481713262529477	1.4180829367001035
NFRKB-P-S226	0.16467262792104675	0.8481713262529477	1.4155994289300509
TP53-A-K305	-0.16226779465339483	0.8502134914241688	1.416527023299358
YY1-A-K409	-0.16226779465339483	0.8502134914241688	1.4140548993494464
TP53BP1-P-T1609	0.16207848227680288	0.8503744625972778	1.4118586460892086
NFRKB-P-S228	-0.16207848227680288	0.8503744625972778	1.409403239748184
PIAS1-P-S488	0.16036193398362386	0.8518354249771202	1.4093735416722144
SOX4-P-S81	0.16036193398362386	0.8518354249771202	1.4069309532117773
MGMT-P-S14	0.16036193398362386	0.8518354249771202	1.404496816614525
MCM3-P-S144	-0.16036193398362386	0.8518354249771202	1.4020710880884206
WEE1-P-S127	0.16036193398362386	0.8518354249771202	1.3996537241434406
RBBP8-P-S549	0.16036193398362386	0.8518354249771202	1.3972446815889767
CDT1-P-S318	-0.16036193398362386	0.8518354249771202	1.394843917531264
TP53BP1-P-S1114	-0.16036193398362386	0.8518354249771202	1.3924513893708328
ATRX-P-S677	-0.16036193398362386	0.8518354249771202	1.3900670547999923
USP7-P-S752	-0.15975574052532437	0.852351958583118	1.3885323359482247
TP53BP1-P-S1462	-0.15742606292569664	0.8543399786718141	1.3893959038809536
SMARCA4-P-S1449	-0.15742606292569664	0.8543399786718141	1.3870289602627577
YY1-A-K351	-0.156241420221842	0.8553526660120615	1.386311378757644
EP300-A-K1340	-0.156241420221842	0.8553526660120615	1.3839577091842015
TOP1-A-K673	0.1561925348334439	0.8553944812814264	1.3816795604427108
USP7-P-S963	0.15547304141478363	0.8560101534405403	1.38033447754456
TERF1-P-S437	0.15547304141478363	0.8560101534405403	1.3780028314676265
EP300-P-S12	-0.15531814269690739	0.8561427585857156	1.375892156715324
TOP2B-P-S1454	-0.15531814269690739	0.8561427585857156	1.3735758399531768
MDC1-P-T1526	-0.15531814269690739	0.8561427585857156	1.371267309129726
SMARCC1-P-S310	-0.15531814269690739	0.8561427585857156	1.368966525054005
KDM4B-P-S920	-0.15531814269690739	0.8561427585857156	1.3666734487976333
NFRKB-P-S1291	-0.15531814269690739	0.8561427585857156	1.3643880416926204
XRCC6-P-S324	0.15531814269690739	0.8561427585857156	1.3621102653291937
TOP2B-P-S1522	0.15531814269690739	0.8561427585857156	1.359840081553645
CDK7-P-T170	0.15531814269690739	0.8561427585857156	1.3575774524662014
YWHAG-P-S215	-0.15531814269690739	0.8561427585857156	1.3553223404189154
SUMO1-P-S9	0.15531814269690739	0.8561427585857156	1.3530747080135772
TP53BP1-P-S1635-T1638	-0.15531814269690739	0.8561427585857156	1.3508345180996475
PRKDC-P-S893	-0.15416210991424434	0.8571330599814319	1.3501616630781894
ACTL6A-A-K62	0.15041227419777073	0.8603532018717845	1.3529976920524929
ATRX-A-K448	-0.15041227419777073	0.8603532018717845	1.3507687007970521
NFRKB-A-K1095	0.1487116282110679	0.8618176029526606	1.3508423941017853
WRN-A-K493	-0.14777132787130465	0.8626283514513391	1.3498929703335405
TP53BP1-P-S78	0.14487576249750128	0.8651297679961105	1.3515879818037595
MPG-P-T67	0.1397696545427709	0.8695585111844578	1.3562835698179843
EP300-P-S2326	0.13887446103145887	0.8703372828450379	1.3552801152799365
SMARCC1-P-S830	-0.13887446103145887	0.8703372828450379	1.3530692178651242
WEE1-P-S165	0.13887446103145887	0.8703372828450379	1.3508655220705557
TP53BP1-P-S659-S660-S662	-0.13887446103145887	0.8703372828450379	1.3486689927663758
TOP2B-P-S1461	0.1385364887772559	0.8706314824112827	1.3469347447044682
ERCC4-P-S730-S735	0.1385364887772559	0.8706314824112827	1.3447517062203442
TOP2B-P-S1441-S1452	-0.1385364887772559	0.8706314824112827	1.3425757325856835
ABL1-P-Y185	-0.1385364887772559	0.8706314824112827	1.3404067895605047
PIAS1-P-S483-S485	0.1371144415410051	0.8718704422255412	1.340149244259582
TOP2B-P-S1400	-0.13708528403014075	0.8718958641680512	1.3380302070082977
TOP2B-P-S1400-T1403-S1413	0.13708528403014075	0.8718958641680512	1.3358790330420462
ATRX-P-S962	-0.13649519679450017	0.8724105106165212	1.3345220170426078
TOP2A-P-S1525	0.13649519679450017	0.8724105106165212	1.332383359964014
XRCC1-P-T257-S266	0.13649519679450017	0.8724105106165212	1.3302515465880715
TCEA1-P-S81	-0.13649519679450017	0.8724105106165212	1.3281265441174834
ATRX-P-S1348	0.13649519679450017	0.8724105106165212	1.326008319964186
MNAT1-P-S279	-0.13649519679450017	0.8724105106165212	1.3238968417476826
ABL1-P-T613	-0.13580405704417825	0.8730136766109946	1.3227059361053701
PARP1-P-S41	-0.13580405704417825	0.8730136766109946	1.3206064028734568
PRKDC-P-T2620	-0.13441465923048546	0.8742274829392676	1.3203467373076418
SMARCC1-P-S350	-0.13347603033178082	0.8750484433471041	1.3194955166294149
XRCC5-A-K665	0.1310421029617422	0.8771808417021421	1.3206213935894808
TOP2B-A-K37	-0.1310421029617422	0.8771808417021421	1.3185383945459643
TOP2A-A-K1433	0.1310421029617422	0.8771808417021421	1.3164619561293567
ATRX-A-K1274	0.1310421029617422	0.8771808417021421	1.3143920473933042
SMARCA4-A-K626	-0.1309900898511598	0.8772264677928294	1.3123968976555203
PCLAF-A-K24	-0.1309900898511598	0.8772264677928294	1.3103398492265932
RUVBL1-A-K171	-0.12876536821750545	0.8791802249704475	1.3112030585240007
TOP2B-A-K1422	-0.12876536821750545	0.8791802249704475	1.3091543037450568
VCP-P-S3	-0.12848484341049862	0.8794268914297944	1.3074786700976506
XRCC1-P-T453	0.12848484341049862	0.8794268914297944	1.3054420989604267
POLR2A-P-S1910	0.12727731526539773	0.8804894655677296	1.3049867195739444
TFPT-P-S252	0.12727731526539773	0.8804894655677296	1.3029603426801961
ATRX-P-S978	-0.12727731526539773	0.8804894655677296	1.3009402491256532
MCM3-P-S672-T674-S681	-0.12727731526539773	0.8804894655677296	1.2989264097307218
MDC1-P-S598	-0.12727731526539773	0.8804894655677296	1.2969187954962076
TOP2B-P-S1413	-0.12727731526539773	0.8804894655677296	1.2949173776019232
TP53BP1-P-S993	-0.12727731526539773	0.8804894655677296	1.2929221274053102
RAD9A-P-S328	0.12727731526539773	0.8804894655677296	1.2909330164400712
TP53BP1-P-S1037	-0.12727731526539773	0.8804894655677296	1.2889500164148175
TCEA1-P-S57	0.12727731526539773	0.8804894655677296	1.2869730992117274
ATRX-P-S594	-0.12727731526539773	0.8804894655677296	1.2850022368852163
TP53BP1-P-S63	0.12727731526539773	0.8804894655677296	1.2830374016606212
TFPT-P-S167	0.12727731526539773	0.8804894655677296	1.2810785659328952
ATRX-P-S889-S890	-0.12727731526539773	0.8804894655677296	1.2791257022653144
TP53BP1-P-S124-S127	-0.12727731526539773	0.8804894655677296	1.2771787833881982
MGMT-A-K3	-0.1264067863414791	0.8812562908380743	1.2763483969128948
YWHAE-A-K142	0.12424633861202258	0.8831622571196005	1.277167877139574
XRCC6-A-K338	-0.12424633861202258	0.8831622571196005	1.2752327742954233
RBBP8-P-S568	-0.12236689576648262	0.884823670882248	1.2756988779890808
TOP2B-A-K447	0.12227692226613444	0.8849032851466415	1.2738864512760564
TP53BP1-P-S523	0.12226884637722603	0.8849104315561238	1.2719753262035989
TOP2A-P-S1332	-0.12100180022278631	0.8860323645357878	1.2716699448834423
MDC1-P-S402	-0.12100180022278631	0.8860323645357878	1.2697576592520388
RBBP8-P-T315	0.1205278661038574	0.8864523850269754	1.2684521365325938
ATRX-P-S784	-0.1205278661038574	0.8864523850269754	1.2665504091914657
TP53BP1-P-S635	0.1205278661038574	0.8864523850269754	1.2646543756447717
MNAT1-P-T51	0.1205278661038574	0.8864523850269754	1.2627640103598021
PER1-P-S645	-0.1205278661038574	0.8864523850269754	1.26087928795628
RUVBL2-A-K427	-0.12033484276791488	0.8866235075382752	1.2592432230759707
TOP2B-A-K1322	-0.12033484276791488	0.8866235075382752	1.2573693492321076
PRKDC-A-K2366	-0.12033484276791488	0.8866235075382752	1.2555010441069485
AURKB-P-T35	-0.1195146095505005	0.8873510439244645	1.2546669805044728
SOX4-P-S354	-0.11634954252665182	0.8901640187307842	1.2567797182969442
TP53BP1-P-S1067-S1068	-0.11634954252665182	0.8901640187307842	1.2549205767018305
TP53BP1-P-S507	-0.11634954252665182	0.8901640187307842	1.2530669274009414
CDK7-P-S164	0.11634954252665182	0.8901640187307842	1.2512187460920905
TP53BP1-P-S259	-0.11634954252665182	0.8901640187307842	1.2493760086162553
TOP2A-P-S1106	0.11634954252665182	0.8901640187307842	1.2475386909565256
TOP2B-P-S1552	-0.11634954252665182	0.8901640187307842	1.2457067692370594
PIAS1-P-S510	0.11634954252665182	0.8901640187307842	1.2438802197220489
APEX1-A-K35	0.11381240531847328	0.8924253544305295	1.2452142939565074
FANCD2-P-S1404	0.11295116652162546	0.8931942768344309	1.244465125472533
PARG-P-S302	0.11233649682508312	0.8937434650569139	1.2434124411667722
XRCC1-P-S485	-0.11233649682508312	0.8937434650569139	1.241599886587812
MDC1-P-S1814	0.11233649682508312	0.8937434650569139	1.2397926087325166
SMARCC1-P-T842	-0.11233649682508312	0.8937434650569139	1.237990584591917
MSH6-P-S65	0.11233649682508312	0.8937434650569139	1.2361937912906225
PTEN-P-S385	0.11233649682508312	0.8937434650569139	1.2344022060858535
POLA1-P-S192	0.11233649682508312	0.8937434650569139	1.2326158063664818
RECQL4-P-S251	-0.11233649682508312	0.8937434650569139	1.2308345696520793
SIRT6-P-S326	0.11233649682508312	0.8937434650569139	1.2290584735919754
PARP1-P-S455	0.11195139104265685	0.8940877171157877	1.2277602224947344
EP300-P-S2309	-0.11195139104265685	0.8940877171157877	1.2259936610235191
APBB1-P-S517	-0.11195139104265685	0.8940877171157877	1.2242321758783703
XPC-P-S397-S398	0.11122174039758993	0.8947403268549327	1.2233680509221676
XRCC6-P-S27	0.1106613323054115	0.8952418871005842	1.2223001696373306
NBN-P-S347	0.1084591013546554	0.8972155889687662	1.2232424267342406
VCP-P-S746	0.10843233594419659	0.8972396036336547	1.2215276318041042
ATRX-P-T591-S598	0.10745334017914394	0.898118427518089	1.220979830848415
TOP2B-P-S1476	0.1058739192844315	0.8995380553282369	1.221167758871524
SMARCA4-P-S1453	0.10497027634398907	0.9003512839203935	1.2205331060826956
MDC1-P-S108	-0.10457347421984219	0.9007086161127295	1.219283112436692
XRCC1-P-T257	0.10416291694674779	0.9010784845068976	1.2180536109717353
POLR2C-P-S124	0.10135266396143547	0.9036143044869275	1.2197513203626655
MDC1-P-T1466	-0.10135266396143547	0.9036143044869275	1.2180260709703563
ATRX-P-S875	0.10135266396143547	0.9036143044869275	1.2163056951639009
MCM3-P-S704	0.10135266396143547	0.9036143044869275	1.2145901723216388
ATRX-P-S1073	-0.10135266396143547	0.9036143044869275	1.212879481938087
PARG-P-S197	0.10135266396143547	0.9036143044869275	1.2111736036231249
TTK-P-S281	-0.10135266396143547	0.9036143044869275	1.2094725171011824
RAD9A-P-S375-S380-S387	0.10135266396143547	0.9036143044869275	1.2077762022104375
NFRKB-P-T1035	0.10135266396143547	0.9036143044869275	1.2060846389020194
POLR2A-P-S1857	0.10135266396143547	0.9036143044869275	1.2043978072392194
BLM-P-S434	-0.10049699144577098	0.904387833308518	1.2037452585796335
XRCC6-A-K287	0.09950080416431643	0.905289221866927	1.2032644748105736
RAD9A-P-S336-T355	-0.09779824628675206	0.9068318419904792	1.2036361356781708
MDC1-P-S372-S376	0.09557125677600148	0.9088535973690457	1.2046418335086237
YWHAG-A-K120	-0.09413433434182461	0.9101604882180111	1.204698535099673
EP300-A-K636	0.09413433434182461	0.9101604882180111	1.2030276633450272
ATRX-A-K866	-0.09413433434182461	0.9101604882180111	1.2013614200439953
MDC1-P-S299-T301	-0.09401790640543485	0.9102664624945013	1.1998394726933053
ATRX-P-S703-S706	0.09401790640543485	0.9102664624945013	1.1981822358525687
ABL1-P-T852	0.09401790640543485	0.9102664624945013	1.1965295706996686
POLR2A-P-S1966	0.09401790640543485	0.9102664624945013	1.194881458343333
ATRX-P-S889	-0.09401790640543485	0.9102664624945013	1.1932378799962307
XPC-P-S515	0.09178889929023665	0.9122977159142717	1.1942578616295343
ATRX-P-S54	-0.09161331044818355	0.9124579192783667	1.1928290769167127
UBA7-P-S485	-0.09161331044818355	0.9124579192783667	1.1911950644825802
ELL-P-S319	-0.09137078100237461	0.9126792440296531	1.1898540623259362
TOP2B-P-S1522-S1524-S1526	-0.08426274835231981	0.9191897087819833	1.196704634520806
CHEK1-P-S286	0.08426274835231981	0.9191897087819833	1.1950720224682538
ATRX-P-S812	0.08341506847654798	0.9199692177404858	1.1944559461943909
ORC1-P-S273	0.08341506847654798	0.9199692177404858	1.1928308360635143
SIRT6-P-S326-S330	-0.08338525464757479	0.9199966459542721	1.1912456570576375
MAPK8-P-Y185	0.08338525464757479	0.9199966459542721	1.1896293128825255
AURKA-P-S10	0.08338525464757479	0.9199966459542721	1.1880173490439312
TOP1-A-K134	0.07735347661187235	0.9255626310342457	1.1935875336612127
EP300-A-K14	-0.07669587320423138	0.9261714843444636	1.192758681865235
WEE1-P-S270	-0.0761776167356243	0.926651603108846	1.1917665017040893
MDC1-P-T1485	0.07566222346500238	0.9271293162037819	1.190773906121569
XRCC6-P-S560	-0.07562760130089474	0.9271614159827952	1.1892124218460347
SMARCC1-P-T398	-0.07422551554754261	0.9284622875488381	1.1892803226264015
POLR2A-P-S1845	-0.07422551554754261	0.9284622875488381	1.1876839732000575
TOP2B-P-S1452	0.07240031384434568	0.9301584659604073	1.188258737346204
TOPBP1-P-S817	0.06847550143774721	0.9338163369809606	1.1913346307133272
POLR2A-P-S35	0.06847550143774721	0.9338163369809606	1.1897419373567586
XPC-P-S883-S884	-0.06660280574502171	0.9355667292775282	1.19038063151066
CDC25C-P-S263	0.066477936559533	0.9356835600271118	1.18894191027445
RAD9A-P-S375	0.066477936559533	0.9356835600271118	1.1873587652541113
XRCC1-P-S461	0.0663172483466093	0.9358339254268848	1.1859703868774218
ABL1-P-S917	0.0663172483466093	0.9358339254268848	1.1843953930037467
EP300-A-K1542-K1546	0.0644290960338406	0.9376025916476959	1.1850600395759339
NFRKB-P-S176	0.06406581833202991	0.9379432636379237	1.1839204374131673
MDC1-P-S168	0.06406581833202991	0.9379432636379237	1.1823544050885466
TP53BP1-P-T1638	-0.06406581833202991	0.9379432636379237	1.1807925102337402
TOP2A-P-S1374-S1377	0.06406581833202991	0.9379432636379237	1.1792347364735374
MDC1-P-T1548	0.06406581833202991	0.9379432636379237	1.1776810675190268
TOP2A-P-S1213	-0.06406581833202991	0.9379432636379237	1.176131487167028
XRCC1-P-S461-S485	0.06406581833202991	0.9379432636379237	1.1745859792995286
WEE1-P-T173	0.06406581833202991	0.9379432636379237	1.173044527883125
MSH6-P-S261	-0.06406581833202991	0.9379432636379237	1.1715071169684683
TP53BP1-P-S1430	-0.06406581833202991	0.9379432636379237	1.1699737306897138
ATRX-P-S1996	0.06406581833202991	0.9379432636379237	1.1684443532639757
MDC1-P-S453	-0.06406581833202991	0.9379432636379237	1.166918968990785
TP53BP1-P-S630	-0.06406581833202991	0.9379432636379237	1.165397562251553
XRCC1-P-S461-S485-T488	-0.06406581833202991	0.9379432636379237	1.163880117509038
MDC1-P-S402-T404	0.06406581833202991	0.9379432636379237	1.1623666193068158
MCM10-P-S548	-0.06406581833202991	0.9379432636379237	1.160857052268755
POLA1-P-T412	-0.06406581833202991	0.9379432636379237	1.159351401098497
PARG-P-S286-S291	-0.06406581833202991	0.9379432636379237	1.1578496505789395
EP300-P-S1726	0.06406581833202991	0.9379432636379237	1.1563517855717222
SMARCC1-P-S825	-0.06406581833202991	0.9379432636379237	1.15485779101672
EXO1-P-S700-S702	0.06406581833202991	0.9379432636379237	1.1533676519315372
KAT5-P-S155-T158	-0.06406581833202991	0.9379432636379237	1.1518813534110068
POLR2A-P-S1910-S1917	0.06406581833202991	0.9379432636379237	1.150398880626694
TP53BP1-P-S1362	-0.06406581833202991	0.9379432636379237	1.1489202188264027
WRN-P-S478	0.06406581833202991	0.9379432636379237	1.147445353333686
CHEK1-P-S296	0.06406581833202991	0.9379432636379237	1.1459742695473607
TFPT-P-S249-S252	0.06305011470828252	0.9388964199899066	1.1456700233679653
MCM4-P-S326	0.06305011470828252	0.9388964199899066	1.1442049721871879
EP300-A-K1704	-0.06005523137840777	0.9417125200673256	1.1461711770423517
FANCD2-P-S1412-S1418	-0.05847829109666661	0.9431987159871641	1.1465157861425603
TP53BP1-P-T302	-0.05847829109666661	0.9431987159871641	1.1450552564786847
UBA7-A-K429	0.058259225504961064	0.9434053610055579	1.1438489936874003
ATRX-P-S849	0.058169153069326435	0.9434903396512738	1.142498467201606
MSH6-P-S200	0.05261260244517564	0.9487474837543185	1.147406538093738
PRKDC-P-S3995	-0.05261260244517564	0.9487474837543185	1.1459522839263188
XRCC6-P-S477	0.05203033051480723	0.9493000736462953	1.1451683166897715
PRKDC-P-T2603	-0.05203033051480723	0.9493000736462953	1.1437205691339059
MSH6-P-S14	-0.05203033051480723	0.9493000736462953	1.1422764775062113
TOP2B-P-S1522-S1524	0.05203033051480723	0.9493000736462953	1.1408360279759389
SMARCA4-P-S699	0.05203033051480723	0.9493000736462953	1.1393992067820145
MDC1-P-S376	0.049254791733320986	0.9519385527226498	1.141128856282623
USP7-P-S49-T54	0.04591961135913171	0.9551187398020099	1.1435027123508987
POLA1-P-T225	-0.04591961135913171	0.9551187398020099	1.1420679536152012
TOP2B-P-T1403	0.0456069929570485	0.9554173741731143	1.1409934305601228
CDK7-P-S321	-0.0456069929570485	0.9554173741731143	1.1395654037383955
TOP2B-P-S1457-S1461-S1466	0.0456069929570485	0.9554173741731143	1.1381409469837225
BARD1-P-T299	0.0456069929570485	0.9554173741731143	1.136720046925066
TOP2B-P-S1473	0.0456069929570485	0.9554173741731143	1.1353026902580772
MTOR-P-S2478-S2481	0.0456069929570485	0.9554173741731143	1.1338888637446798
POLR2A-P-S1917-S1920	0.0456069929570485	0.9554173741731143	1.1324785542126592
CDC25C-P-S168	0.0456069929570485	0.9554173741731143	1.1310717485552522
MDC1-P-T1444	0.0456069929570485	0.9554173741731143	1.1296684337307419
PIAS1-P-T480	-0.0456069929570485	0.9554173741731143	1.1282685967620545
MDC1-P-S196-S202	0.0456069929570485	0.9554173741731143	1.126872224736359
BARD1-P-S186	-0.0456069929570485	0.9554173741731143	1.1254793048046698
XRCC5-P-S341	0.0456069929570485	0.9554173741731143	1.1240898241814543
SMARCA4-P-S1484	-0.0456069929570485	0.9554173741731143	1.122703770144239
TP53BP1-P-S1460-S1462	-0.0456069929570485	0.9554173741731143	1.121321130033224
EP300-A-K1203	0.045597019125705227	0.9554269033923881	1.1199530614181377
SOD1-A-K10	0.045597019125705227	0.9554269033923881	1.1185771977063217
VCP-P-S7	-0.04520221349680542	0.955804185783555	1.1176458761370893
TP53BP1-P-S398	0.04520221349680542	0.955804185783555	1.116276212073196
TP53BP1-P-S724-S727	-0.04520221349680542	0.955804185783555	1.1149099009201076
VCP-P-S13	-0.04520221349680542	0.955804185783555	1.1135469303810854
MSH6-P-S252	0.04520221349680542	0.955804185783555	1.112187288219448
YWHAE-P-S117	0.04520221349680542	0.955804185783555	1.1108309622582047
RBBP8-P-S593	0.04520221349680542	0.955804185783555	1.1094779403796928
TOP2A-P-S1354	-0.04520221349680542	0.955804185783555	1.1081282105252164
CDT1-P-S31	-0.04520221349680542	0.955804185783555	1.1067817606946875
CLK2-P-S17	0.04520221349680542	0.955804185783555	1.1054385789462717
UBA7-P-S24	-0.04520221349680542	0.955804185783555	1.1040986533960337
RBBP8-P-S889	0.04520205849512669	0.9558043339348198	1.1027621431475583
ORC1-P-S258	0.04398316028818131	0.9569700724375996	1.102772042361587
TOP2B-P-S1424	-0.04327087983520296	0.9576519463281753	1.1022250058583951
TOP2B-P-S1457	-0.04327087983520296	0.9576519463281753	1.1008954220153813
PARG-P-S261	-0.04327087983520296	0.9576519463281753	1.0995690419888566
TP53BP1-P-S862	-0.04327087983520296	0.9576519463281753	1.098245854212697
TP53BP1-P-S127	0.043204494985074386	0.9577155220193156	1.0969986688514517
BABAM2-P-S350	0.043204494985074386	0.9577155220193156	1.095681743678761
VCP-P-S718	-0.043204494985074386	0.9577155220193156	1.0943679766000094
TOPBP1-P-S805	0.043204494985074386	0.9577155220193156	1.0930573562687518
MRE11-A-K673	0.04284517624634322	0.958059708985461	1.0921422280659623
ATRX-A-K967	-0.04284517624634322	0.958059708985461	1.0908373986417497
TOP2B-A-K1318	0.04284517624634322	0.958059708985461	1.0895356833689074
APEX1-A-K103	0.04284517624634322	0.958059708985461	1.0882370711122102
TERF2-A-K452	-0.04284517624634322	0.958059708985461	1.0869415507894575
USP7-A-K914	0.04284517624634322	0.958059708985461	1.0856491113711586
SUMO2-A-K33	0.04284517624634322	0.958059708985461	1.0843597418802189
SUMO2-A-K42	-0.04284517624634322	0.958059708985461	1.0830734313916304
EP300-A-K1707	0.04284517624634322	0.958059708985461	1.0817901690321616
PRKDC-A-K4043	-0.04284517624634322	0.958059708985461	1.0805099439800525
XRCC6-A-K591	-0.04284517624634322	0.958059708985461	1.0792327454647097
TCEA1-A-K265	0.04284517624634322	0.958059708985461	1.0779585627664043
XRCC5-A-K702	0.04284517624634322	0.958059708985461	1.0766873852159722
TOP1-A-K106	-0.04184414429506867	0.9590192375446314	1.0764962701767182
PARP1-A-K134	0.04184414429506867	0.9590192375446314	1.0752298039765102
SOD1-A-K92	-0.04184414429506867	0.9590192375446314	1.0739663141951044
PLK1-P-T210	-0.041241511479712174	0.9595973481844593	1.0733524328870772
RRM2B-P-S329	0.040484315478431454	0.9603242266193369	1.072906199259353
MSH6-P-S227	-0.040484315478431454	0.9603242266193369	1.0716498688152554
MSH6-P-S91	-0.040484315478431454	0.9603242266193369	1.0703964771558223
ATRX-P-S92-S112	-0.040350258222605066	0.9604529736794071	1.0692893503697138
TIMELESS-P-S308	-0.040350258222605066	0.9604529736794071	1.0680416381755835
TP53BP1-P-S1094	0.040350258222605066	0.9604529736794071	1.066796834401486
EP300-A-K1554-K1555	0.03935197830112603	0.9614122533336998	1.0666191821036273
POLR2A-P-S1944	-0.03894135001004286	0.9618071174699571	1.0658164918010105
MSH6-P-S252-S254	-0.03894135001004286	0.9618071174699571	1.064578609696712
DTL-P-S697-T702	-0.03775430336634883	0.9629495052802959	1.0646065876242714
PARG-P-S197-T199	0.03775430336634883	0.9629495052802959	1.0633729762828759
SMARCA4-P-S1659-S1663	-0.037148295290947375	0.9635332373119977	1.0627860823591826
TOP2B-P-S1550-S1552	0.03704682634852554	0.963631010970987	1.0616651485032955
USP7-P-S18	-0.036193296029111095	0.9644538503648099	1.0613447106208589
RBBP8-P-S163	0.036193296029111095	0.9644538503648099	1.0601205529384818
MCM3-P-S668-S672-T674	0.036193296029111095	0.9644538503648099	1.058899215895926
TOP2B-P-S1336-S1340	-0.036193296029111095	0.9644538503648099	1.0576806897556545
MDC1-P-S485	0.03570365569117789	0.9649262015056725	1.0569823793504667
PARG-P-S133	-0.031030374897322514	0.9694461258022683	1.0607143029730903
TP53BP1-P-S500	0.029916067053840874	0.9705269893195895	1.0606791523183128
ATM-P-S2996	-0.02956079905227297	0.9708718477585098	1.0598406310582587
SUMO2-A-K45	-0.027739578101238217	0.9726416310024039	1.060557750967152
EP300-A-K1583	-0.027739578101238217	0.9726416310024039	1.0593456849660468
ATR-P-S435-S436	-0.026906699554322566	0.9734520607986497	1.059018052444193
SMARCC1-P-S822-S825	-0.026906699554322566	0.9734520607986497	1.0578105062042338
TOP2A-P-S1377	-0.026906699554322566	0.9734520607986497	1.056605710639081
PARP1-P-S504	-0.026906699554322566	0.9734520607986497	1.0554036563607658
MSH6-P-S274-S275-S285	-0.026906699554322566	0.9734520607986497	1.0542043340239922
ERCC4-P-S520-S521-S524	0.026906699554322566	0.9734520607986497	1.0530077343258946
POLR2A-P-S1861	-0.026906699554322566	0.9734520607986497	1.0518138480057972
EXO1-P-S610	-0.026906699554322566	0.9734520607986497	1.0506226658449753
TP53BP1-P-S1094-S1101	0.025262941981923387	0.9750534958198448	1.0511606125750137
TOP2B-A-K1485	-0.024629559359818604	0.9756712733838533	1.0506381056890532
TP53BP1-P-S999-S1002	-0.02462001271733342	0.975680587813144	1.049462302692919
PRKDC-P-S2695	-0.02462001271733342	0.975680587813144	1.0482791433888683
TP53BP1-P-S640	-0.02462001271733342	0.975680587813144	1.047098648858025
RAD9A-P-S375-S380	-0.02462001271733342	0.975680587813144	1.0459208101079036
POLR2A-P-S1889	-0.02377106599483803	0.9765092403415262	1.0456329281409826
ERCC4-P-S521-S524	-0.022854367532309617	0.9774048152841632	1.045417271566563
SMARCA4-P-S1602-S1618	0.022854367532309617	0.9774048152841632	1.0442452791096497
MSH6-P-S274-S275	0.022477612781937648	0.9777731265685143	1.0434689693390753
XRCC1-P-S418-S421	0.02088412942253776	0.9793324338100925	1.0439639926409598
ACTL6A-P-S233	-0.02049372260271075	0.9797148465145364	1.0432047471825177
MDC1-P-T1444-T1466	0.018963226756745805	0.9812154440535883	1.0436365158293188
MTOR-P-S2478	-0.016968185425236176	0.9831749634307262	1.0445548942580625
TOP2B-P-S1342	-0.016968185425236176	0.9831749634307262	1.0433916928167952
TOP2B-P-S1581	0.016968185425236176	0.9831749634307262	1.0422310791429166
TOP2B-P-S1279	-0.016968185425236176	0.9831749634307262	1.0410730446105356
SMARCC1-P-S328-S330	0.01645034252124773	0.9836842254564007	1.040456234028801
TOP2B-A-K1429	-0.015100024114844448	0.9850134095810524	1.0407070724287615
VCP-A-K109	-0.013307703609134698	0.9867804523939384	1.0414194586173016
POLR2A-P-S1861-S1868	-0.011769511919254114	0.988299477862218	1.0418688079675815
TP53BP1-P-S786	0.011769511919254114	0.988299477862218	1.0407175717156836
ABL1-P-T814	0.011769511919254114	0.988299477862218	1.0395688768241653
MTOR-P-S2448	-0.011769511919254114	0.988299477862218	1.0384227148872036
MDC1-P-S495-S498	0.011769511919254114	0.988299477862218	1.0372790775360063
TOP2B-P-T1317	-0.011769511919254114	0.988299477862218	1.036137956438607
ELL-P-S442	-0.011769511919254114	0.988299477862218	1.0349993432996634
PER1-P-S979-S980	0.011769511919254114	0.988299477862218	1.0338632298602566
ABL1-P-S683	-0.011769511919254114	0.988299477862218	1.0327296078976904
XRCC1-P-S151	0.011769511919254114	0.988299477862218	1.0315984692252944
NEIL1-P-T303-S306-S318	-0.011769511919254114	0.988299477862218	1.030469805692225
DTL-P-T516	-0.011357880061198113	0.9887063771532163	1.0297674070240603
POLR2A-P-S1875-S1882	0.011145395931839362	0.98891648388834	1.0288618003772794
NFRKB-P-S799	0.011145395931839362	0.98891648388834	1.0277398136811209
TP53BP1-P-S784	-0.011145395931839362	0.98891648388834	1.0266202714004227
MSH6-P-S219	-0.011145395931839362	0.98891648388834	1.0255031655555908
TOP2B-P-S1375	0.011145395931839362	0.98891648388834	1.024388488201726
MEN1-P-S492	-0.011145395931839362	0.98891648388834	1.0232762314284343
RECQL4-P-S89	-0.011145395931839362	0.98891648388834	1.0221663873596398
CDC25B-P-S229-S238	-0.011145395931839362	0.98891648388834	1.0210589481533998
ATRX-P-S1012-S1013	0.011145395931839362	0.98891648388834	1.0199539060017186
ATR-P-Y1941-S1950	0.011145395931839362	0.98891648388834	1.0188512531303653
TP53BP1-P-S1474	-0.01030006868018143	0.989752795370427	1.0186116781728045
MDC1-P-S780	0.0088558442101479	0.9911832532793072	1.0189834308254366
YWHAE-P-S233	-0.006256986120820793	0.9937625480539161	1.020534168421748
DDB2-P-S24-S26	0.00557513924451273	0.9944403730032498	1.0201309746739473
TP53BP1-P-S1067	-0.005526505208831796	0.9944887378279118	1.0190836205913978
TIMELESS-P-S1087	-0.0037590948714254836	0.9962479616808484	1.0197898039547244
TOP2B-P-S1550	0.0037590948714254836	0.9962479616808484	1.0186956088861034
SMARCA4-P-S1663	-0.0037590948714254836	0.9962479616808484	1.0176037593588945
APEX1-P-S123	-0.0020081834156918882	0.9979938316355338	1.018295633349747
XRCC6-P-S6	-0.0020081834156918882	0.9979938316355338	1.0172065471108702
ATRX-P-S731	-0.0017752717089273176	0.9982263031538187	1.0163564817367405
SOX4-P-S344	-0.0017752717089273176	0.9982263031538187	1.015271789653777
TOP2A-P-S1474	-0.0017752717089273176	0.9982263031538187	1.01418941034711
CDA-A-K11	-0.0010883142468001376	0.9989122777523699	1.01380553854953
USP7-A-K1084	0.0010883142468001376	0.9989122777523699	1.012727022019158
ATRX-A-K568	0.0010883142468001376	0.9989122777523699	1.0116507977662152
BARD1-A-K688	-0.0010883142468001376	0.9989122777523699	1.0105768584904549
SMARCA4-A-K455	0.0010883142468001376	0.9989122777523699	1.0095051969225965
TP53BP1-A-K1667	0.0010883142468001376	0.9989122777523699	1.0084358058241616
TOP1-A-K148	-0.0010883142468001376	0.9989122777523699	1.0073686779873106
EP300-A-K1546	0.0010883142468001376	0.9989122777523699	1.0063038062346814
VCP-A-K502	-0.0010883142468001376	0.9989122777523699	1.0052411834192276
PRKDC-A-K2908	-0.0010883142468001376	0.9989122777523699	1.0041808024240597
RRM1-A-K496	0.0010883142468001376	0.9989122777523699	1.003122656162285
TOP2B-A-K221	-0.0010883142468001376	0.9989122777523699	1.002066737576851
PRKDC-A-K2752	-0.0010883142468001376	0.9989122777523699	1.0010130396403876
TOP2A-P-S1332-S1337	7.131002084578569E-4	0.9992871539870699	1.0003368253673084
CDC25B-P-S353	-7.131002084578569E-4	0.9992871539870699	0.9992871539870699

Data type: org.panda.causalpath.data.ProteinData
Row ID	Change amount	P-value	Q-value
MLH1-G	-70.08054902418671	3.667788378036986E-31	5.648394102176959E-29
PMS2-G	-46.7475105582119	4.986710104636235E-21	3.839766780569901E-19
MRE11-G	-41.500294209487855	9.476571146178672E-19	4.864639855038385E-17
RRM1-G	19.820916381305484	2.4653886333134227E-9	9.491746238256677E-8
NBN-G	-17.97513168062402	1.5613472390374054E-8	4.808949496235208E-7
PRKDC-G	-10.344442165066452	3.217109546013138E-5	8.257247834767053E-4
RFC2-G	9.62861868363626	6.581790240352435E-5	0.0014479938528775358
MCM7-G	9.36431788541939	8.572912983241845E-5	0.0016502857492740552
MCM3-G	9.274629009980012	9.377342947098109E-5	0.0016045675709478987
MCM5-G	9.24359413939653	9.672930609757712E-5	0.0014896313139026876
MCM4-G	9.202660174448514	1.0077097658931904E-4	0.0014107936722504667
MCM6-G	8.024487843560241	3.273476363834011E-4	0.0042009613335869805
MCM2-G	7.996163092441921	3.367522394730319E-4	0.003989218836834378
ATM-G	-7.433362457833179	5.911962934815061E-4	0.006503159228296568
ATRX-G	-7.281515853697518	6.881416506174345E-4	0.007064920946338994
TOP3A-G	6.133522076971318	0.0021689283594733735	0.02087593545993122
RRM2-G	6.063717027105252	0.0023257399625738902	0.021068467896257593
USP7-G	-5.193276263541144	0.0055537813241992055	0.047515684662593205
TYMS-G	5.04616608752823	0.006433953434975427	0.052148885736116625
PARP1-G	4.973110075444425	0.006921587864792334	0.05329622655890097
MSH2-G	-4.928360000416796	0.007238364467257404	0.0530813394265543
FANCD2-G	4.819940272647459	0.008067268961327782	0.05647088272929448
RFC3-G	4.819940272647459	0.008067268961327782	0.05401562695845559
CCNA2-G	4.6147489747770765	0.00990466941677708	0.06355496209098625
VCP-G	-4.5761164675119295	0.010294798950809888	0.0634159615369889
POLK-G	4.245369539684602	0.014330437035229524	0.08488028090097487
MSH6-G	-4.193895805216201	0.015087392688158388	0.08298065978487112
PCNA-G	4.193895805216201	0.015087392688158388	0.08605401755468117
FEN1-G	4.126124176698388	0.016145334173855184	0.0857372918197827
PARG-G	-4.018882263616212	0.01797304284042246	0.09226161991416862
POLE3-G	3.9972239308109345	0.01836655501017021	0.09124030553439395
DDB2-G	3.890934018088876	0.020426258630284546	0.09830136965824438
DHFR-G	3.8637887914090663	0.02098832829158725	0.09794553202740718
HLTF-G	3.72498993491749	0.024113343128383643	0.10921926005209061
CDK1-G	3.629363309020879	0.02653307239995332	0.1167455185597946
POLR2H-G	3.55537159868407	0.028570756088066897	0.12221934548784172
SMUG1-G	-3.2059551010715595	0.04052018228084945	0.16865156949326526
YWHAE-G	3.066620030970012	0.046578322384246286	0.1887647801887876
MCM8-G	2.9580145580538604	0.05192190282667209	0.20502494962326928
KPNA2-G	2.912545856597305	0.054337218862301674	0.20919829261986145
ACTL6A-G	-2.552532285206523	0.0778841910903605	0.2925406201930614
RCHY1-G	2.549581654259547	0.07811433796714462	0.2864192392128636
POLD1-G	2.549581654259547	0.07811433796714462	0.27340018288500617
WEE1-G	2.549581654259547	0.07811433796714462	0.2797583266730296
POLA1-G	2.5488570714595182	0.07817095878362885	0.26751839228175206
TCEA1-G	1.9865228226145177	0.13717156702220046	0.45922655046562766
FANCI-G	1.9573885924875627	0.14122674036640026	0.4627429365196945
SUMO1-G	-1.828385675394427	0.16067273647962452	0.515491696205462
CDK2-G	1.8028470571983068	0.1648289421311411	0.5180338181264434
MAPK8-G	1.8028470571983068	0.1648289421311411	0.5076731417639145
YY1-G	1.7064486020915508	0.1815092609444605	0.5480867879499395
EP300-G	1.6563059931062585	0.19084265369215628	0.5545239371432465
TIMELESS-G	1.6563059931062585	0.19084265369215628	0.5651878590113859
SUMO2-G	-1.6549780928154276	0.19109624204025455	0.5449781717444296
BARD1-G	1.5594856140823454	0.21024419004160227	0.5886837321164864
CLK2-G	-1.5011702730864624	0.22286918966038344	0.6128902715660545
BABAM2-G	-1.4281737260483234	0.23974636521862452	0.6477357937485645
KDM4B-G	1.363085161441397	0.25587015724281065	0.6793793830240145
TP53-G	-1.2764034670757314	0.2790390711292291	0.7283392704051065
CDK7-G	1.2614011597069499	0.28325686021879776	0.7270259412282475
COPS5-G	1.241155266604575	0.28905009505384127	0.7297330268572386
CDA-G	1.2130093630056666	0.2973012444922047	0.7384579298677343
POLR2F-G	-1.2130093630056666	0.2973012444922047	0.7267363754253893
XPA-G	1.178018346106479	0.30788826244305945	0.7408561315036117
SMARCA4-G	-1.1461926767367456	0.3178446057698694	0.7530472198239982
TTK-G	-1.0642874722086588	0.34497357047343025	0.8049383311046706
CHEK1-G	1.059337927468113	0.3466852651550765	0.7968586691624147
PIAS4-G	1.059337927468113	0.3466852651550765	0.7851401593217909
PCLAF-G	1.0343740854276235	0.35544879189113626	0.7933204920468838
MGMT-G	-1.0067263221382012	0.36541326897458676	0.7925865270716389
DDX11-G	-1.0067263221382012	0.36541326897458676	0.7604546408390048
RAD51-G	1.0067263221382012	0.36541326897458676	0.7815783808623106
TFPT-G	-1.0067263221382012	0.36541326897458676	0.7708718276998131
APEX1-G	-1.0067263221382012	0.36541326897458676	0.7503152456278182
POLR2A-G	1.0067263221382012	0.36541326897458676	0.8039091917440908
TP53BP1-G	-1.0056647559726524	0.36580138530650785	0.7412291228579239
MPG-G	0.947115222550609	0.3878582960042224	0.7757165920084448
ERCC3-G	0.9029731204910216	0.4053626742998598	0.8003314338740821
POLR2C-G	0.880225077815197	0.4146895637557067	0.8083821875744156
TDG-G	0.8668775849452719	0.4202617342784759	0.809003838486066
RECQL4-G	0.8386112823210019	0.43231046394275674	0.8219235981133893
GTF2H5-G	-0.7649806209993045	0.465342948768263	0.8739367574428353
TOP2A-G	0.7358669681362332	0.47908992317498955	0.888913833360824
APBB1-G	-0.7211143695705589	0.48621013617452646	0.8913852496532985
ERCC2-G	-0.7070577989167941	0.493092843610399	0.8829802083255983
MNAT1-G	0.7070577989167941	0.493092843610399	0.8933682107764876
BRCA2-G	0.7070577989167941	0.493092843610399	0.8728310105287523
GTF2H1-G	-0.7069819556960883	0.4931302427779841	0.8629779248614722
XRCC5-G	-0.677986936552722	0.5076378717173913	0.8783846319604298
TOP1-G	-0.5964555538510068	0.5507603208480625	0.9424121045622402
MEN1-G	0.5876511891818891	0.5556308249430443	0.9402983191343827
MTOR-G	-0.5475638838288192	0.5783570405356302	0.9681193939400766
DTL-G	0.5446577185766246	0.5800402863807942	0.9604968183079818
ORC1-G	-0.5310099497954338	0.5880108082967238	0.9633368561456964
PLK1-G	0.5301438635619348	0.5885202969616501	0.9540223761273064
XRCC6-G	-0.5215288479982366	0.5936123108756591	0.9424360399469227
RBBP8-G	-0.5215288479982366	0.5936123108756591	0.9522530820297032
RUVBL1-G	-0.47680205374210527	0.6207653953196351	0.9754884783594268
ABL1-G	-0.4673536858219341	0.6266584110170859	0.9748019726932446
SOD1-G	0.46571581891457975	0.6276856350892265	0.9666358780374088
POLB-G	-0.4650740359204991	0.6280886023503918	0.957679651108518
TOPBP1-G	0.4648218036314419	0.6282470465578259	0.9485298546069136
TERF2-G	0.4293165524140867	0.6509538355549321	0.9732707832568889
SOX4-G	-0.42676168125016867	0.6526190650560533	0.9663782309483865
ATR-G	-0.4259141121283007	0.6531724393022716	0.9579862443099983
HRAS-G	0.4251469597506107	0.65367371434471	0.9496769057460881
NFRKB-G	0.4251469597506107	0.65367371434471	0.9408014206456574
GMNN-G	0.4117966782517098	0.6624589546729466	0.9446173983299424
POLR2L-G	0.40980752893167693	0.6637779959022436	0.937814783201335
BLM-G	-0.4083436775513422	0.6647503797768792	0.9306505316876309
PIAS1-G	-0.3752750511204784	0.6871002651001533	0.953274241670483
POLE2-G	0.36829825440370784	0.6919107854722302	0.9513773300243165
UNG-G	-0.3582992058738235	0.6988639395250943	0.9524340414766772
PIAS3-G	0.320207199844117	0.7259985946927607	0.9722068137624796
KAT5-G	-0.320207199844117	0.7259985946927607	0.9555878938691039
SMARCC1-G	-0.320207199844117	0.7259985946927607	0.9807349437077645
PTEN-G	-0.320207199844117	0.7259985946927607	0.9638257205403893
YWHAG-G	-0.3101911055664081	0.7333068038206685	0.957027523630364
PER1-G	-0.3101911055664081	0.7333068038206685	0.9489852755326299
ERCC1-G	0.2986652584758254	0.7418076817131929	0.9519865248652641
NEIL1-G	-0.29839729524223363	0.7420064855331556	0.9443718906785616
ERCC4-G	0.28374145343937884	0.7529612950951453	0.9427320280053039
FANCA-G	-0.28374145343937884	0.7529612950951453	0.9504593397102654
POLG2-G	-0.2807612919086225	0.7552085883661617	0.9379203436160395
CHEK2-G	0.2674013635378664	0.7653658198764786	0.9429306900878216
UBE2B-G	0.2610137983694435	0.7702702910677035	0.9414414668605264
SIRT6-G	-0.24719002674989984	0.7809922700068368	0.9470299967012037
AURKB-G	-0.24437214263443569	0.7831961193565271	0.9422828311008217
POLR2K-G	-0.23508322076781243	0.7905050604531701	0.9437037155797535
POLR2G-G	0.22504788414698101	0.7984779834068322	0.9458893034204012
ELL-G	-0.2244524513613738	0.7989535649511089	0.9392278549806929
EYA3-G	0.1904025246052252	0.8266263295299106	0.9643973844515623
WRN-G	0.1436640847426423	0.8661786618233877	1.0029437136902382
POLR2B-G	-0.13402304676806273	0.8745699083612342	1.005102730504702
CDK4-G	-0.12669554184202592	0.8810018599726271	1.0049947143391451
XRCC1-G	0.11865440327377536	0.8881146772561116	1.00565926689295
RRM2B-G	-0.11865440327377536	0.8881146772561116	0.9983186883024905
TERF1-G	0.11461536801765698	0.891709057777349	0.9950956152008097
CDK6-G	0.11125790553910403	0.8947079690295098	0.9912591887089532
XPC-G	-0.10609252334932338	0.8993414341446953	0.9892755775591648
UBA7-G	0.0985319233801196	0.9061667642464608	0.9897140545670565
POLR2J-G	0.08572364816352228	0.9178478451128085	0.9954124517420598
CCNH-G	0.07654666499575397	0.9263096870426176	0.9975642783535882
RAD9A-G	0.07499027545300661	0.9277525082575505	0.9921797657754359
POLR2D-G	0.04773806460712766	0.9533834792506639	1.012559005548981
UBE2I-G	-0.04667064442241017	0.9544016833493185	1.0066976659985962
POLR2I-G	-0.04286430577390374	0.9580413819311479	0.9968808974148431
GTF2H3-G	0.04286430577390374	0.9580413819311479	0.9706471895881367
RUVBL2-G	-0.04286430577390374	0.9580413819311479	0.9770753166715018
GTF2H4-G	0.04286430577390374	0.9580413819311479	0.9835891521159785
AURKA-G	0.04286430577390374	0.9580413819311479	1.0036624001183454
POLR2E-G	-0.04286430577390374	0.9580413819311479	0.990190421593267
TOP2B-G	-0.03505226273285078	0.9655549523983584	0.9718657690807007
MDC1-G	-0.0067574431453258175	0.9932653370328041	0.993265337032804

Data type: org.panda.causalpath.data.RNAData
Row ID	Change amount	P-value	Q-value
MLH1-R	-79.60748314999041	2.6724485305084306E-35	4.863856325525344E-33
TYMS-R	25.826690236324012	6.075904576385577E-12	5.529073164510875E-10
YWHAE-R	18.224308676820453	1.2169796192256374E-8	7.383009689968866E-7
EXO1-R	18.224308676820453	1.2169796192256374E-8	5.53725726747665E-7
PCLAF-R	18.152845443987946	1.3071318376250997E-8	4.757959888955363E-7
DTL-R	18.03725617534567	1.467300867725398E-8	4.4508126321003737E-7
DHFR-R	16.249220392640414	8.771083555949883E-8	2.2804817245469696E-6
CDC45-R	16.020258519053527	1.1027831622884227E-7	2.5088316942061615E-6
CCNA2-R	15.591111650673179	1.693816048458018E-7	3.4252724535484364E-6
RRM1-R	15.086958293194686	2.804253461064799E-7	5.103741299137934E-6
MCM5-R	14.86667853665674	3.495292678716325E-7	5.783120613876101E-6
POLE2-R	14.777438369004718	3.821554518873964E-7	5.796024353625512E-6
PLK4-R	14.390522264293244	5.626982816372044E-7	7.87777594292086E-6
DDB2-R	13.028872781874638	2.196000554363477E-6	2.85480072067252E-5
BARD1-R	12.979188345056706	2.3078635187515376E-6	2.800207736085199E-5
FANCI-R	12.826522070963437	2.688513630012369E-6	3.05818425413907E-5
RAD51-R	12.49623424923753	3.74071327591087E-6	4.004763624798696E-5
ORC1-R	12.262581857676812	4.7252888922210504E-6	4.777792102134617E-5
FEN1-R	12.127697895082457	5.4076394289761834E-6	5.179949347756133E-5
BRCA1-R	11.789260548713976	7.585587074790214E-6	6.902884238059094E-5
AURKB-R	11.308686080950043	1.2265917447772645E-5	1.0630461788069626E-4
BLM-R	11.09398559309711	1.520348936308067E-5	1.2577432109457646E-4
CDC6-R	11.072260921209471	1.5537394033336847E-5	1.229480745246655E-4
CDC7-R	10.863740992078355	1.913979290366207E-5	1.4514342951943738E-4
MCM6-R	10.543811932141576	2.6356070443649916E-5	1.918721928297714E-4
RRM2-R	10.269284891763473	3.468216806329058E-5	2.4277517644303402E-4
POLE3-R	10.269058769695073	3.4690011353606716E-5	2.3383637282801563E-4
FANCD2-R	10.209518238474578	3.681820115441584E-5	2.3931830750370298E-4
GTF2H3-R	10.070281666030901	4.2318692517700334E-5	2.567334012740487E-4
CDT1-R	10.070281666030901	4.2318692517700334E-5	2.484516786523052E-4
MDM2-R	10.070281666030901	4.2318692517700334E-5	2.655862771800504E-4
PARP1-R	9.852827963749329	5.259823658674925E-5	2.9915247058713633E-4
XRCC6-R	9.638218680693125	6.51890739392568E-5	3.595276199074163E-4
POLR2L-R	9.417139659378384	8.131828496511479E-5	4.3529199598973207E-4
FANCA-R	9.04814055251839	1.1760952245531902E-4	6.115695167676589E-4
MCM4-R	8.989032364411553	1.2477076747882432E-4	6.307855466985007E-4
BABAM2-R	-8.732948150823619	1.611865527842931E-4	7.928635839659822E-4
SOD1-R	8.56935914661631	1.8983426677058563E-4	9.092062250591206E-4
TOP3A-R	8.13322792734084	2.9361888903566615E-4	0.001370221482166442
ATR-R	-8.082461036397186	3.0890986075276925E-4	0.0014055398664251002
APBB1-R	-8.043374164486229	3.2122325938553913E-4	0.0014259178831260517
MRE11-R	-7.962054837211291	3.484364012613748E-4	0.0015098910721326243
MCM10-R	7.9596234822168395	3.492846045696602E-4	0.0014783673960855385
DBF4-R	7.755142255864273	4.28533237489639E-4	0.001772569300525325
RFC2-R	7.698771596086893	4.5338377936286983E-4	0.0018336855076453848
TDG-R	7.6846012633538425	4.598541134970022E-4	0.0018194227968794437
CDK1-R	7.44244220900099	5.858526743229606E-4	0.0022686209941867835
CDC25A-R	7.168617752248424	7.703868611187228E-4	0.0029210501817418244
PCNA-R	7.150161827141835	7.847370792763899E-4	0.002914737723026591
GMNN-R	6.886082032361398	0.0010219098174248356	0.0037197517354264015
SUMO2-R	6.077719942836261	0.002293399778741514	0.008184289406489326
RBBP8-R	5.898910833771356	0.0027424301550187983	0.009598505542565795
POLR2E-R	5.884446836355463	0.002782384913892564	0.009554604798649937
CHEK1-R	5.706939805929737	0.003322825492850726	0.01119915258701541
CHEK2-R	5.557753217517498	0.003857433482651499	0.012764598069864961
RCHY1-R	5.303756371597492	0.00497287879779061	0.01616185609281948
AEN-R	5.216259284890221	0.005427594283666932	0.01733021332679617
KPNA2-R	5.140858751615044	0.005852661572105071	0.018365248381433157
TTK-R	5.079554810217141	0.006222678672352404	0.01919538166725657
POLR2B-R	4.8980335730169555	0.007461240639602567	0.022632429940127787
CDC25C-R	4.859328394253824	0.00775569090898946	0.02313993025305052
CDK2-R	4.707822108294495	0.009024410384141042	0.026491011127639835
BRCA2-R	4.291061511520347	0.013690385079945787	0.03955000134206561
PIAS1-R	4.2869620139185445	0.01374662397759981	0.039091961936299456
USP7-R	-4.013086907633372	0.018077505428344968	0.05061701519936591
CDK6-R	-3.918541772424366	0.01987004868144132	0.054793164545792736
RECQL4-R	3.8978549323501808	0.020285378318241176	0.05510356498387902
TP53-R	3.7878716142208924	0.0226437452244335	0.06060531810068966
MCM2-R	3.5054602608074465	0.030032947174078763	0.07921733892293238
TOP2A-R	3.4493781955314913	0.03176538209497477	0.0825899934469344
MCM7-R	3.42009629873876	0.032709284924467064	0.08384633600356346
KAT5-R	3.2262700316144066	0.039705322525841115	0.1003662319403206
APEX1-R	3.2262700316144066	0.039705322525841115	0.09899135205072716
RUVBL2-R	3.218319741652326	0.04002224951435238	0.09843310015692072
POLR2D-R	3.114150440523308	0.044416225348456205	0.10778337351225373
CCNH-R	3.113030630179014	0.044465990955876486	0.10648434676275685
POLG2-R	-3.055044034038273	0.04712064581232271	0.11137607192003549
CDK7-R	2.9890027969388226	0.05033760852100877	0.1174544198823538
TERT-R	2.916900042094854	0.054101138872972424	0.12463806677064533
DDX11-R	2.8261655731523416	0.059239568522896247	0.13477001838958896
PLK1-R	2.779334644921992	0.06207979874846232	0.13948794286691535
FANCC-R	2.721094027934009	0.0658027250131939	0.1460499506390401
TIMELESS-R	2.7128922939449294	0.06634464074603583	0.14547860982865687
HRAS-R	2.7032054143147843	0.06699043611617894	0.1451459449183877
NBN-R	2.698122942500105	0.06733177981968334	0.14416922267273374
MPG-R	2.6236307244566595	0.07253901496214221	0.15351279910592888
MNAT1-R	2.623109670045329	0.07257682158468017	0.1518273738897907
OGG1-R	-2.5737451961937263	0.07624944088374278	0.1576977072822862
PMS2-R	-2.511860324406158	0.08111719449166446	0.16588010558969588
POLR2H-R	2.408334217372817	0.08996503200998796	0.1819292869535312
UNG-R	2.408334217372817	0.08996503200998796	0.1799300640199759
WEE1-R	2.32844769782989	0.09744689677352215	0.1927753827476199
POLK-R	2.302356518850461	0.10002286002686447	0.19574366155794984
TOPBP1-R	2.224328386384924	0.10814002256269467	0.20937749049372797
PIAS3-R	2.180016378088503	0.11303967925141768	0.21656022761850546
CDC25B-R	-2.180016378088503	0.11303967925141768	0.21430439191414605
RNF111-R	2.143463057681068	0.11724810220389018	0.21999128454750527
ERCC3-R	-2.087525346713903	0.12399359763152566	0.23027382417283337
DNTT-R	-1.9907353138654456	0.13659494834947894	0.25111394545055726
MCM3-R	1.944709220452911	0.14302880714370172	0.2603124290015371
SOX4-R	-1.8056252154608197	0.16437165674336432	0.29619447056725057
TCEA1-R	1.799505160568858	0.1653807048707851	0.2950910616321852
ATM-R	-1.6579370064896057	0.19053164047217952	0.33666755889258904
PRKDC-R	-1.6126564197366369	0.19935733330798402	0.348875333288972
VCP-R	-1.6089812372720813	0.2000913558907992	0.34682501687738526
MSH6-R	-1.549682803753998	0.2123153087658928	0.36454137920181595
GADD45A-R	1.5090944940170867	0.22111010386003158	0.3760938215189322
POLD1-R	1.5024274555655004	0.22258917846948656	0.37510398593931993
CLK2-R	1.4147693175124016	0.2429816585976228	0.40571249417217753
PARG-R	-1.3365681939100236	0.26274581582234613	0.43472489526969993
SMARCA4-R	-1.3343738879502876	0.26332299355257593	0.4317548182573767
SMARCC1-R	-1.2926770932355445	0.2745348430679564	0.44611911998542914
PLK2-R	1.2879028335594427	0.27584867749668884	0.4442872504813926
ATRX-R	-1.2579031048968619	0.2842494432840237	0.4538017427867746
TOP2B-R	1.2066252741114691	0.29920531347126766	0.4735249308849627
POLR2G-R	1.1818601250155614	0.30670769300546247	0.48121379419822563
MAPK8-R	1.158070998347909	0.3140914798671106	0.48858674645994987
ELL-R	-1.146964827198474	0.3175992766384565	0.489856511425416
GTF2H1-R	1.140347000654024	0.31970806365895427	0.4889652738313418
POLR2K-R	-1.1302358913318384	0.32295706466400836	0.4898182147404127
GTF2H4-R	1.1290387692839285	0.32334391519409567	0.4863520046721108
XPA-R	1.0922455091279808	0.3354623635211248	0.5004438537774157
ERCC2-R	1.0884440917064933	0.3367400229138075	0.49826572496189403
PLK3-R	1.0613496111175342	0.3459885451008008	0.5078218968414979
AURKA-R	1.0580635191051684	0.3471273654045922	0.5054174440290863
XRCC5-R	0.9779475020867803	0.3760822151852234	0.543229866378656
NEIL1-R	0.9466073187566332	0.3880553407399364	0.5561108032651056
KDM4B-R	0.9386059878216318	0.39117275504231436	0.5561987610757907
ERCC5-R	-0.8811493666512512	0.4143064479036266	0.5845253761120933
POLR2J-R	-0.8593608360728797	0.42343263871182424	0.58828045988971
PTEN-R	0.8593608360728797	0.42343263871182424	0.5928056941965539
TERF1-R	0.8593608360728797	0.42343263871182424	0.5838237897390304
YWHAG-R	0.8333869899806852	0.4345748900498653	0.5946814284892894
MSH2-R	0.8020128850679791	0.44842542621878406	0.6045439079393978
TERF2-R	0.8020128850679791	0.44842542621878406	0.6090554296404381
EYA3-R	0.7722028255599791	0.4619942538370081	0.6182570161642315
GTF2H5-R	0.7318470673814369	0.4810196932621987	0.639018862581899
ABL1-R	-0.6919358745710514	0.5006060199581501	0.6602195335679951
RUVBL1-R	0.6804754844355566	0.5063761611312204	0.6630249016250511
SMUG1-R	-0.6539057423376755	0.5200107771475522	0.6760140102918178
CDKN2D-R	0.6442713745965329	0.5250449638672053	0.6777176129349742
WRN-R	0.6296466838115877	0.5327800075582614	0.6828588829267856
UBE2I-R	-0.6296466838115877	0.5327800075582614	0.6780836459832418
POLR2F-R	0.6168338024839445	0.5396503751792932	0.6820581130738288
MEN1-R	-0.6131446911520894	0.5416448822108259	0.6798577142232435
ERCC4-R	-0.5646857346511545	0.5685387907266655	0.7039051694711096
CDK4-R	0.5646857346511545	0.5685387907266655	0.7087264377551583
TOP1-R	-0.5440462690037716	0.5803950602182416	0.7137290605386485
MGMT-R	-0.49999515001357314	0.606533601385234	0.7408665466584737
TP53BP1-R	-0.49999515001357314	0.606533601385234	0.7359274363474173
EP300-R	-0.49380674922794904	0.6102987123927001	0.7307524056281014
POLA1-R	-0.49380674922794904	0.6102987123927001	0.7355918255329232
GTF2H2-R	-0.4594855823640605	0.6316084724886558	0.7513251110649369
MTOR-R	0.4587576466294034	0.6320684102483483	0.7469899393844116
GADD45G-R	0.45806229937257614	0.6325080701239709	0.74268689524234
NFRKB-R	-0.449507696413294	0.6379421355291618	0.744265824784022
CDA-R	-0.410290164864835	0.6634577100867205	0.7691038422661346
HLTF-R	0.40398712464856323	0.6676527174769644	0.7690683201316931
TFPT-R	0.35333880136904733	0.7023391995808524	0.8039354359982084
RFC3-R	0.3412750653258817	0.710863347453327	0.8086070577281594
SIRT6-R	0.3340293429090033	0.7160327714344955	0.8094283503172557
ACTL6A-R	-0.3247963438675961	0.7226745157531955	0.8118935917721085
POLR2I-R	0.3202595227569494	0.7259606093253353	0.8105817846454665
RAD9A-R	-0.31252899469126316	0.731594416284886	0.8069708106899954
PIAS4-R	0.31252899469126316	0.731594416284886	0.8118913644137149
RRM2B-R	0.3041706830767503	0.7377349368350246	0.8088419186986414
XPC-R	0.2628069858718366	0.7688902896787035	0.837952291745653
ERCC1-R	0.24194965694893183	0.7850957006699162	0.8505203423924091
YY1-R	0.2265784350835067	0.7972568069563063	0.8585842536452529
XRCC1-R	-0.21126277889531475	0.8095613033026401	0.8667068070651794
POLR2A-R	0.2014012761743473	0.8175842886247472	0.870177429998269
SUMO1-R	-0.14842338543658265	0.8620660514546585	0.9121861707252783
MDC1-R	-0.1313727486988878	0.8768908535404442	0.9225094528575771
UBA7-R	0.12366077088945539	0.8836795598742758	0.9243085051558518
POLB-R	0.09266963137833022	0.9114945797677745	0.9479543629584856
MCM8-R	-0.08899114928525395	0.9148536706474928	0.946041863965021
RAD51D-R	-0.053294617103711577	0.948100644665092	0.9748831487516765
PER1-R	0.053294617103711577	0.948100644665092	0.969406277129476
COPS5-R	0.032929270483662135	0.9676069955435824	0.9838238725638658
POLR2C-R	-0.029041615437611308	0.9713760393864928	0.976742757836142
UBE2B-R	0.029041615437611308	0.9713760393864928	0.9821691064907871
CCNA1-R	0.02032624564254641	0.9798789399194073	0.9798789399194072