Overall graph size pval = 4.0E-4
Gene	Downstream crowded pval	Downstream suggests activation pval	Downstream suggests inhibition pval
E2F2	0.006	1.0E-4	1.0
E2F3	0.0025	1.0E-4	0.899
E2F4	0.0443	1.0	1.0E-4
MYC	0.1023	1.0E-4	0.999
RUNX2	1.0E-4	0.4341	1.0E-4
SMAD4	1.0E-4	0.6398	1.0E-4
RBL2	0.0117	1.0	1.0E-4
RBL1	0.0049	1.0	1.0E-4
MAX	0.0219	2.0E-4	0.8799
ESR1	0.0019	0.6127	2.0E-4
TFDP1	0.001	4.0E-4	0.3413
RUVBL2	0.0237	7.0E-4	1.0
ESRRA	0.0154	7.0E-4	1.0
MYBL2	0.018	8.0E-4	1.0
TRRAP	0.0421	0.001	1.0
CDK1	0.0362	0.001	1.0
MYCN	0.0514	0.0011	0.9654
E2F5	0.0394	1.0	0.0012
TP53	0.027	0.8467	0.0012
NOTCH1	0.0046	0.6236	0.0018
SRF	0.0072	0.6764	0.0019
E2F1	0.0521	0.0021	0.7596
FGA	0.006	1.0	0.0024
ETS1	0.1257	1.0	0.0028
CDKN2A	0.0048	0.0028	0.4258
NRF1	0.0305	0.0029	0.8148
RBPJ	0.0168	0.7736	0.003
EPAS1	0.049	1.0	0.0033
PTTG1	0.004	0.0043	0.2416
RAC1	0.0093	1.0	0.0041
PARP1	0.0041	0.0106	0.2348
SMAD2	0.0334	1.0	0.0045
FGG	0.0052	0.0813	0.1224
E2F6	0.1036	1.0	0.0053
KLF2	0.0507	1.0	0.006
CCNA2	0.0401	0.0061	1.0
IL4	0.1132	1.0	0.0063
ETV6	0.0374	1.0	0.0064
ACTL6A	0.0713	0.0065	1.0
PITX2	0.0347	1.0	0.007
HOXB7	0.0155	0.5524	0.0071
CTNNB1	0.0562	0.8599	0.0071
MED19	0.0528	1.0	0.0076
MED16	0.0528	1.0	0.0076
MED15	0.0528	1.0	0.0076
MED18	0.0528	1.0	0.0076
MED17	0.0528	1.0	0.0076
MED11	0.0528	1.0	0.0076
MED14	0.0528	1.0	0.0076
MED13	0.0528	1.0	0.0076
MED10	0.0528	1.0	0.0076
MED27	0.0528	1.0	0.0076
MED26	0.0528	1.0	0.0076
MED29	0.0528	1.0	0.0076
MED28	0.0528	1.0	0.0076
MED22	0.0528	1.0	0.0076
MED25	0.0528	1.0	0.0076
MED24	0.0528	1.0	0.0076
MED21	0.0528	1.0	0.0076
MED20	0.0528	1.0	0.0076
MED30	0.0528	1.0	0.0076
MED31	0.0528	1.0	0.0076
CCNC	0.0528	1.0	0.0076
MED13L	0.0528	1.0	0.0076
MED8	0.0528	1.0	0.0076
MED9	0.0528	1.0	0.0076
MED4	0.0528	1.0	0.0076
MED6	0.0528	1.0	0.0076
MED7	0.0528	1.0	0.0076
CDK19	0.0535	1.0	0.0076
FAM120B	0.0528	1.0	0.0076
CDK8	0.0535	1.0	0.0077
LIN54	0.0086	0.1916	0.0284
LIN37	0.0086	0.1911	0.0282
LIN9	0.0086	0.1916	0.0284
LIN52	0.0087	0.1914	0.0286
KDR	0.0088	0.2069	0.0366
PPARGC1A	0.0093	0.1504	0.0375
EZH2	0.0096	0.0718	0.0733
SNW1	0.0105	0.4678	0.0103
GATA3	0.0856	0.8951	0.0107
KAT5	0.0427	0.0111	0.6987
GATA2	0.1201	1.0	0.0114
RUVBL1	0.1015	0.0117	1.0
KLF4	0.0268	0.5398	0.0121
MED23	0.0781	1.0	0.0122
WWTR1	0.0747	1.0	0.0129
THRAP3	0.0166	0.5229	0.0131
FOSL1	0.0182	0.463	0.0133
CCNB1	0.0556	0.0141	1.0
ZNF382	0.0183	0.0158	0.5016
POU1F1	0.067	1.0	0.0165
KAT2A	0.0175	0.0989	0.0922
GABPB1	0.1869	0.0179	1.0
MITF	0.1212	1.0	0.018
MED12	0.104	1.0	0.0185
KLF10	0.1021	1.0	0.0187
GABPA	0.1845	0.019	1.0
EGR1	0.0292	0.43	0.0196
CCNE1	0.0864	0.0196	1.0
CXCL10	0.042	1.0	0.0198
CXCL11	0.042	1.0	0.0198
PF4	0.042	1.0	0.0198
CXCL9	0.042	1.0	0.0198
ERBB3	0.0423	1.0	0.0202
NBN	0.0521	0.0207	1.0
MAML2	0.0393	0.6723	0.0209
FANCD2	0.1859	0.0211	1.0
YWHAG	0.0534	0.0214	1.0
FOS	0.1507	0.8975	0.0222
NRG1	0.0461	1.0	0.0223
STAT6	0.2825	1.0	0.0225
TWIST2	0.0226	0.1113	0.1116
FOXM1	0.0229	0.0253	0.2635
TLN1	0.0386	1.0	0.0236
IL13	0.2841	1.0	0.0239
WNT5A	0.0469	1.0	0.0242
RELA	0.0901	0.7052	0.0245
ZAP70	0.0507	1.0	0.0245
POLR2F	0.244	0.0252	1.0
CHUK	0.0256	0.0303	0.3816
FZD2	0.05	1.0	0.0263
JUN	0.0754	0.6355	0.0277
VEGFA	0.1103	1.0	0.0278
MAML1	0.0705	0.7345	0.0281
SP1	0.1637	0.8488	0.03
NFKB1	0.0763	0.6048	0.0301
FGR	0.0482	1.0	0.0301
SMAD3	0.0309	0.2202	0.0642
RET	0.0474	1.0	0.0312
YES1	0.0532	1.0	0.0332
CITED2	0.0338	0.348	0.0649
NCOA3	0.0346	0.2065	0.0852
FN1	0.1507	1.0	0.0361
HIST2H2AA3	0.0372	0.2871	0.0864
HIST2H2AC	0.0372	0.2871	0.0864
H2AFB1	0.0372	0.2871	0.0864
HIST1H2AD	0.0372	0.2871	0.0864
HIST1H2AB	0.0372	0.2871	0.0864
HIST1H2AJ	0.0372	0.2871	0.0864
H2AFJ	0.0372	0.2871	0.0864
H2AFZ	0.0372	0.2871	0.0864
H2AFV	0.0372	0.2871	0.0864
CDC42	0.0554	1.0	0.0374
H2AFX	0.0375	0.2877	0.087
TSC22D3	0.0381	0.0753	0.3153
BRCA1	0.0607	0.0383	0.4614
SYK	0.0608	1.0	0.0384
SMAD7	0.0396	0.0762	0.2673
SIRT1	0.0401	0.118	0.1528
CCND2	0.1393	0.0404	1.0
PCNA	0.2088	0.0406	1.0
NKX3-1	0.0408	0.0771	0.3225
EP300	0.1467	0.7827	0.0412
POLE3	0.2109	0.0417	1.0
ZBTB17	0.042	0.0455	0.3949
NELFCD	0.1031	0.0421	0.681
ASF1B	0.2078	0.0422	1.0
RB1	0.1399	0.7206	0.0423
WT1	0.1005	0.0433	0.6285
TFDP2	0.0434	0.0879	0.2092
HEY2	0.0538	0.5237	0.0442
LEF1	0.2147	0.9269	0.0442
MCM5	0.2084	0.0473	1.0
ATF3	0.2352	0.0488	1.0
ELK1	0.3315	0.0497	1.0
MSC	0.2325	1.0	0.051
RBBP4	0.0528	0.3481	0.0695
TP63	0.1593	0.7636	0.0553
ZNF300	0.2078	0.0576	1.0
HSF1	0.0579	0.0798	0.3243
FOXP2	0.2066	1.0	0.0595
NFIC	0.3334	0.0622	1.0
ELL	0.1335	0.064	0.6933
MMP13	0.194	1.0	0.0643
HIST2H3C	0.065	0.3338	0.1244
H3F3B	0.065	0.3338	0.1244
HIST1H3E	0.065	0.3338	0.1244
HIST1H2AC	0.065	0.3338	0.1244
HIST3H2BB	0.0653	0.3344	0.125
H2BFS	0.0653	0.3344	0.125
HIST1H4C	0.0653	0.3344	0.125
HIST1H2BH	0.0653	0.3344	0.125
HIST1H2BG	0.0653	0.3344	0.125
HIST1H2BB	0.0653	0.3344	0.125
HIST1H2BA	0.0653	0.3344	0.125
HIST1H2BD	0.0653	0.3344	0.125
HIST1H2BN	0.0653	0.3344	0.125
HIST1H2BM	0.0653	0.3344	0.125
HIST1H2BO	0.0653	0.3344	0.125
HIST1H2BJ	0.0653	0.3344	0.125
HIST1H2BL	0.0653	0.3344	0.125
HIST1H2BK	0.0653	0.3344	0.125
TFE3	0.0659	0.343	0.1231
MAMLD1	0.0983	0.6472	0.0664
MAML3	0.0983	0.6472	0.0664
REL	0.1661	0.0682	0.7305
CDC25A	0.2872	0.0688	1.0
VHL	0.3351	1.0	0.0703
HEY1	0.0705	0.4298	0.0757
PROX1	0.2866	0.0711	1.0
ARNT	0.4817	0.991	0.0712
TWIST1	0.0718	0.1128	0.2858
MET	0.073	0.3658	0.1194
RAD51D	0.3462	0.0737	1.0
MDC1	0.3468	0.0744	1.0
CDKN1A	0.0745	0.4023	0.0873
HIC1	0.0753	0.2378	0.182
BCL2	0.0757	0.4963	0.0776
CDC6	0.1051	0.0765	0.5382
FGFR1	0.1882	0.0776	1.0
ERBB4	0.1079	0.5775	0.0804
LYN	0.1227	1.0	0.0807
EDNRA	0.2124	1.0	0.0808
ULK1	0.1952	0.0812	1.0
ATR	0.3743	0.0814	1.0
ATG7	0.1982	0.082	1.0
DUSP1	0.0821	0.2302	0.2555
PTGDR	0.0826	0.1253	0.2891
IRF2	0.2765	0.0865	1.0
NANOG	0.0884	0.3895	0.1043
FLNA	0.2107	1.0	0.0897
CBFB	0.3466	0.9404	0.0897
FYN	0.1378	1.0	0.0905
NPAS2	0.1463	0.6877	0.0907
PRKCD	0.2076	1.0	0.0917
NELFA	0.4168	0.095	1.0
NELFE	0.4168	0.095	1.0
CCNT2	0.4168	0.095	1.0
ELOA2	0.4168	0.095	1.0
ELOA3	0.4168	0.095	1.0
CCNK	0.4168	0.095	1.0
SUPT4H1	0.4168	0.095	1.0
ELOA3D	0.4168	0.095	1.0
TCEA1	0.4168	0.095	1.0
ELOA3B	0.4168	0.095	1.0
SUPT5H	0.4168	0.095	1.0
ERCC3	0.4168	0.095	1.0
ELOA	0.4168	0.095	1.0
ELOB	0.4168	0.095	1.0
ELOC	0.4168	0.095	1.0
CTDP1	0.4168	0.095	1.0
GTF2H3	0.4168	0.095	1.0
GTF2H4	0.4168	0.095	1.0
GTF2H5	0.4168	0.095	1.0
SUPT16H	0.4168	0.095	1.0
GTF2H1	0.4172	0.0952	1.0
MNAT1	0.4177	0.0955	1.0
CCNH	0.4177	0.0955	1.0
NF1	0.3378	0.0967	1.0
NKX2-5	0.2669	0.0969	1.0
HDAC7	0.1376	0.0976	0.6082
DCT	0.2702	1.0	0.0979
NPM1	0.0981	0.2299	0.2489
CDK12	0.4272	0.0984	1.0
ERBB2	0.0995	0.21	0.3071
YWHAE	0.2487	0.0997	1.0
DYRK1A	0.2497	0.1014	1.0
NCOA1	0.4448	0.9753	0.1038
HIST2H2BE	0.105	0.4014	0.1491
HBP1	0.2647	0.105	1.0
APC	0.4134	1.0	0.1053
POU5F1	0.1057	0.204	0.2573
HDAC4	0.3801	0.1059	1.0
ARNTL	0.177	0.7072	0.1075
KAT2B	0.1087	0.4244	0.1227
DAPK1	0.1839	1.0	0.1118
IL6ST	0.2802	1.0	0.1125
HSP90AA1	0.1868	1.0	0.1133
SP3	0.1514	0.5325	0.1158
CCNB2	0.2009	0.1168	1.0
HDAC2	0.4478	0.1169	1.0
RHOA	0.1973	1.0	0.1174
CCNT1	0.4781	0.1186	1.0
GTF2F1	0.4781	0.1186	1.0
POLR2B	0.4781	0.1186	1.0
POLR2C	0.4781	0.1186	1.0
POLR2D	0.4781	0.1186	1.0
POLR2E	0.4781	0.1186	1.0
POLR2G	0.4781	0.1186	1.0
POLR2H	0.4781	0.1186	1.0
POLR2I	0.4781	0.1186	1.0
POLR2J	0.4781	0.1186	1.0
POLR2K	0.4781	0.1186	1.0
POLR2L	0.4781	0.1186	1.0
KIT	0.1859	1.0	0.1189
GTF2F2	0.4792	0.1191	1.0
POLR2A	0.4801	0.1195	1.0
ITGB3	0.196	1.0	0.1206
NOTCH4	0.2725	1.0	0.1211
ATF4	0.3062	0.1212	0.7676
AKT1	0.4523	0.1226	1.0
MLX	0.2736	1.0	0.1238
AGO2	0.1355	0.1245	0.5576
CREB1	0.1873	0.1274	0.5271
ERG	0.44	1.0	0.1287
CDK7	0.5074	0.1292	1.0
NELFB	0.4771	0.1295	1.0
GTF2H2	0.192	0.1297	0.6197
INSR	0.2107	1.0	0.13
PPARG	0.1305	0.308	0.207
DNMT1	0.4949	0.1308	1.0
CHEK1	0.481	0.1315	1.0
CDK9	0.5144	0.1328	1.0
TCF3	0.4163	1.0	0.1331
AHR	0.1335	0.2041	0.3477
YY1	0.1347	0.1483	0.3966
YBX1	0.3957	0.8873	0.1358
SNAI2	0.2516	0.7364	0.1372
SKP2	0.3296	0.1373	1.0
KLF8	0.1394	0.4933	0.1545
SSRP1	0.2374	0.141	0.6709
HDAC5	0.3595	0.1436	1.0
MLST8	0.3471	0.1439	1.0
GNAI3	0.2315	1.0	0.1445
GNAI1	0.2315	1.0	0.1445
GNAI2	0.2315	1.0	0.1445
GNAZ	0.2315	1.0	0.1445
GNAO1	0.2315	1.0	0.1445
IRF3	0.1452	0.4672	0.1776
SIN3A	0.5353	1.0	0.1465
MOV10	0.1708	0.1495	0.5861
AGO3	0.1708	0.1495	0.5861
AGO4	0.1708	0.1495	0.5861
AGO1	0.1708	0.1495	0.5861
PIK3R1	0.1495	0.2829	0.3431
TNRC6C	0.1708	0.1495	0.5861
TNRC6A	0.1712	0.1495	0.5869
TNRC6B	0.1708	0.1495	0.5861
RPTOR	0.3562	0.1525	1.0
MYB	0.2318	0.155	0.5585
CDK4	0.1562	0.2442	0.3716
IRF9	0.412	1.0	0.1586
CLOCK	0.2765	0.7698	0.1593
IRF1	0.2301	0.6008	0.1615
SOX2	0.1632	0.339	0.2482
LMO2	0.1887	0.1658	0.5572
CXCR4	0.3217	1.0	0.1697
RPS6KB1	0.2796	1.0	0.18
PLK4	0.4374	0.1857	1.0
TCF7L2	0.186	0.3523	0.2819
JUNB	0.5604	1.0	0.1876
LCK	0.1879	0.2837	0.4038
STK11	0.4463	0.1914	1.0
SNAI1	0.1925	0.2203	0.5012
ROCK1	0.3269	0.1951	1.0
TERT	0.2355	0.6141	0.1959
MLLT10	0.1974	0.3715	0.3362
SND1	0.3209	1.0	0.199
PURA	0.199	0.3961	0.3186
CD3D	0.428	1.0	0.2
MSX1	0.202	0.3167	0.3988
RUNX1	0.5678	0.9604	0.2028
FOXQ1	0.2039	0.2923	0.4165
MLXIPL	0.412	1.0	0.2073
SMARCA4	0.2982	0.2074	0.6638
FOSL2	0.5223	1.0	0.2095
DLX5	0.2096	0.3215	0.3984
PIK3CA	0.2099	0.3277	0.4036
POU4F1	0.2119	0.3423	0.3736
JUND	0.2153	0.5177	0.2137
SRC	0.3291	1.0	0.2176
HLA-DRB1	0.3474	1.0	0.2203
CD4	0.3474	1.0	0.2203
POU2F1	0.3262	0.7228	0.2223
GLI2	0.5698	1.0	0.2233
GAB2	0.4283	0.2251	1.0
HELZ2	0.5859	0.9623	0.2276
MAPK3	0.5007	1.0	0.2283
ATF2	0.347	0.6861	0.2363
ERCC2	0.3894	0.2418	0.7451
MCM7	0.5374	0.2419	1.0
RUNX3	0.242	0.3227	0.3782
MAP3K5	0.5495	0.2482	1.0
HES1	0.2487	0.4041	0.3476
BCL6	0.2516	0.3122	0.4528
PLK3	0.5489	0.2527	1.0
CEBPE	0.5435	1.0	0.2541
RPS6KA3	0.3911	1.0	0.2554
HMGA1	0.2816	0.6006	0.256
HIF1A	0.55	0.8823	0.2563
CSNK2A1	0.5492	0.259	1.0
MED1	0.6343	0.9671	0.2629
SOX17	0.2645	0.4531	0.3667
ATM	0.7753	0.2669	1.0
SOX6	0.2672	0.4322	0.3885
ZEB2	0.2711	0.4183	0.419
HLA-DRA	0.459	1.0	0.2713
SALL4	0.2718	0.4215	0.4137
CCND3	0.2725	0.3883	0.4421
CDK11B	0.533	0.2748	1.0
EDN1	0.5411	1.0	0.2749
EPHB3	0.4289	1.0	0.275
GATA6	0.2762	0.394	0.448
NR4A1	0.3345	0.653	0.2763
TP73	0.3695	0.2785	0.6001
TAL1	0.2787	0.3934	0.4345
TOPBP1	0.5449	0.2787	1.0
CCND1	0.4021	0.2805	0.7204
TFAP2C	0.2831	0.5547	0.2993
NCOA2	0.5377	0.8673	0.2854
KLF5	0.2855	0.529	0.3286
HOXA10	0.625	0.2859	1.0
MTA1	0.2877	0.3931	0.4139
CDKN1B	0.437	1.0	0.292
ITGB1	0.5261	0.2921	1.0
NCOR1	0.2922	0.5	0.3025
NR2F1	0.6143	1.0	0.2929
NFYA	0.5693	0.293	0.828
E2F7	0.6048	1.0	0.2935
SUPT7L	0.6156	0.2953	1.0
TAF12	0.6156	0.2953	1.0
TAF10	0.6156	0.2953	1.0
PRDM1	0.613	1.0	0.2971
SATB1	0.5895	1.0	0.2998
CREBBP	0.5969	0.8953	0.301
JAK3	0.6265	0.3037	1.0
ETV4	0.5838	1.0	0.3056
MDM2	0.5285	1.0	0.3099
JAK1	0.31	0.3632	0.5103
ATF5	0.6089	0.3154	1.0
PLK1	0.6142	0.3172	1.0
IFNG	0.5443	1.0	0.3173
TFAP2B	0.6089	0.3192	1.0
FOXD3	0.6064	0.3199	1.0
ZFHX3	0.6041	1.0	0.32
HDAC1	0.32	0.3717	0.4414
MAPK1	0.3902	0.7017	0.3209
RXRB	0.6113	0.322	1.0
CDX2	0.684	1.0	0.322
GATA4	0.634	1.0	0.3266
PAX5	0.3295	0.4062	0.4615
NOTCH3	0.3344	0.6047	0.3323
SP4	0.6737	0.3347	1.0
PITX1	0.3354	0.3485	0.5732
CIITA	0.7464	0.3365	1.0
SUPT3H	0.6791	0.3385	1.0
ESR2	0.3392	0.4807	0.4614
TRIM28	0.6767	1.0	0.3418
ELF3	0.3445	0.4285	0.5032
TIMP3	0.6054	0.3445	1.0
ANKRD1	0.6068	0.3445	1.0
ZBTB7A	0.6843	1.0	0.3461
HDAC3	0.4595	0.3461	0.7581
TCF4	0.5314	0.3481	0.798
MTOR	0.6918	0.3485	1.0
DAPK2	0.6111	0.3513	1.0
MCM6	0.6146	0.353	1.0
CTCF	0.6119	1.0	0.3544
CDH2	0.5271	1.0	0.3585
TEAD1	0.5307	1.0	0.3639
RXRG	0.6801	0.3681	1.0
LHX2	0.6157	1.0	0.3763
TRBC1	0.5578	1.0	0.3788
CD3E	0.5578	1.0	0.3788
TRAC	0.5578	1.0	0.3788
PPP1R13B	0.7319	0.3799	1.0
TP53BP2	0.7319	0.3799	1.0
CD3G	0.5595	1.0	0.3802
FANCI	0.7298	0.385	1.0
SOX9	0.7108	1.0	0.3889
EHMT2	0.6727	1.0	0.3897
F2	0.6743	0.3906	1.0
ING1	0.6029	1.0	0.3925
NR2F2	0.6036	0.395	1.0
PIAS1	0.6791	0.3953	1.0
PML	0.5678	0.3954	0.8002
ING4	0.4799	0.3969	0.7167
MAF	0.6057	1.0	0.4029
DDIT3	0.5316	0.4035	0.7651
MAZ	0.6147	1.0	0.4044
FOXF2	0.4085	0.5326	0.4895
PAX8	0.4089	0.4856	0.5281
RAD51	0.4107	0.4245	0.5801
TAF9	0.4108	0.4275	0.5904
NR1H4	0.7522	1.0	0.4117
HIF3A	0.5981	1.0	0.4159
FOSB	0.6723	0.4164	1.0
PBX1	0.6095	1.0	0.4177
CEBPB	0.7745	0.9701	0.4198
TCF7	0.6058	1.0	0.4202
CREB3L3	0.6012	1.0	0.4244
PRKCQ	0.6414	1.0	0.4264
NOTCH2	0.6048	1.0	0.4264
PAX3	0.6132	1.0	0.4311
NEUROG3	0.6089	1.0	0.4318
FOXA1	0.8935	1.0	0.4382
CD247	0.6365	1.0	0.4439
HIPK2	0.7399	1.0	0.4469
GLI3	0.725	1.0	0.4497
IL8	0.7304	0.451	1.0
XBP1	0.5163	0.4515	0.6293
MAPK8	0.6263	1.0	0.4538
OTX2	0.4742	0.4562	0.6327
RXRA	0.6312	0.8	0.4571
INS	0.7322	0.4573	1.0
ILF3	0.6752	1.0	0.4591
RORA	0.6719	1.0	0.4614
ELF1	0.462	0.4764	0.6126
BTF3	0.4626	0.5527	0.5387
APEX1	0.4705	0.4985	0.5988
MMP7	0.6601	1.0	0.4719
TFAP2A	0.4867	0.581	0.4763
NR1H3	0.6755	1.0	0.4788
TBX21	0.7719	1.0	0.4868
NFATC3	0.782	1.0	0.4949
KLK3	0.7251	1.0	0.512
NFATC1	0.8119	1.0	0.514
CDK2	0.6928	1.0	0.5201
SPDEF	0.5293	0.5369	0.6387
MSX2	0.7761	0.5309	1.0
ZFP36	0.7719	0.5329	1.0
IRF8	0.7777	1.0	0.5344
REST	0.835	0.5349	1.0
AR	0.9644	1.0	0.5366
ONECUT1	0.7348	1.0	0.5368
IL2RG	0.8759	0.5368	1.0
CEBPD	0.8153	1.0	0.537
ASCL1	0.732	0.5389	1.0
RARA	0.6543	0.7783	0.5431
USF2	0.6744	0.5433	0.7569
STAT3	0.8594	0.9472	0.547
MECP2	0.6355	0.5475	0.7218
GATA1	0.7781	0.9081	0.5489
IL2RB	0.8737	0.5552	1.0
MEF2C	0.7813	1.0	0.5554
PAX6	0.5902	0.5706	0.6808
STAT5B	0.5709	0.6221	0.5757
FOXP3	0.8094	1.0	0.5721
HNF4A	0.8408	0.5755	0.928
PPARD	0.8729	0.5766	1.0
NR5A1	0.8909	0.5784	1.0
NR1I2	0.8837	1.0	0.5796
TBP	0.8479	0.5805	1.0
IL2RA	0.639	0.5825	0.728
NR3C1	0.8755	0.5847	0.9537
FOXA2	0.7152	0.7931	0.586
FOXA3	0.7758	1.0	0.5917
IL37	0.92	0.5937	1.0
JAK2	0.9153	1.0	0.6065
PPARA	0.8316	0.9152	0.6081
ABL1	0.8307	1.0	0.6171
STAT5A	0.661	0.6902	0.6197
ATF1	0.82	1.0	0.6222
CHD9	0.8428	0.9363	0.6286
TGS1	0.8428	0.9363	0.6286
ZEB1	0.8501	0.6286	1.0
SMARCD3	0.8428	0.9363	0.6286
PGR	0.63	0.6615	0.6454
SPP1	0.8177	1.0	0.6304
TBL1X	0.8418	0.9369	0.6306
TBL1XR1	0.8418	0.9369	0.6306
KLF6	0.667	0.6316	0.7259
GLI1	0.6817	0.6492	0.7296
HDAC9	0.7503	0.7951	0.6668
CEBPA	0.9353	1.0	0.6687
ABCB1	0.8398	1.0	0.6695
IL2	0.7594	0.675	0.7983
SREBF2	0.7984	0.6785	0.8148
USF1	0.8182	0.6812	0.8329
NCOA6	0.884	0.9494	0.6859
FLI1	0.7218	0.6865	0.7527
CARM1	0.8937	0.9518	0.7027
NFYC	0.7816	0.794	0.7151
FOXO3	0.882	0.9264	0.7183
STAT1	0.8641	0.8666	0.7224
NFYB	0.805	0.8089	0.7346
SREBF1	0.8181	0.7936	0.7511
NFKBIA	0.8597	0.8501	0.7735
IL12RB2	0.9255	1.0	0.7753
IL12A	0.9255	1.0	0.7753
NFATC2	0.8773	0.8583	0.7893
HNF1A	0.9859	0.7922	1.0
IL12RB1	0.9674	1.0	0.8031
IL12B	0.9674	1.0	0.8031
IL23R	0.9397	1.0	0.812
TYK2	0.9729	1.0	0.8141
STAT4	0.9346	0.9152	0.8217
IL23A	0.9502	1.0	0.8298
FOXO1	0.9115	0.8537	0.841
ETS2	0.9571	1.0	0.8492
IL10	0.9917	0.8848	1.0
FOXO4	0.9782	1.0	0.8854
SPI1	0.9922	1.0	0.8948
ARAF	1.0	1.0	1.0
TBK1	1.0	1.0	1.0
PRKACG	1.0	1.0	1.0
AKT2	1.0	1.0	1.0
AKT3	1.0	1.0	1.0
PRKACA	1.0	1.0	1.0
PRKACB	1.0	1.0	1.0
MEF2A	1.0	1.0	1.0
CSNK2A2	1.0	1.0	1.0
PRKAB1	1.0	1.0	1.0
BCR	1.0	1.0	1.0
ATF6	1.0	1.0	1.0
SF1	1.0	1.0	1.0
PDGFB	1.0	1.0	1.0
SFN	1.0	1.0	1.0
ABCA3	1.0	1.0	1.0
NR0B1	1.0	1.0	1.0
IKBKB	1.0	1.0	1.0
SMPD1	1.0	1.0	1.0
IKBKG	1.0	1.0	1.0
IKBKE	1.0	1.0	1.0
PTGS2	1.0	1.0	1.0
EGFR	1.0	1.0	1.0
NRAS	1.0	1.0	1.0
MEF2D	1.0	1.0	1.0
PKN1	1.0	1.0	1.0
PIM1	1.0	1.0	1.0
MAP3K8	1.0	1.0	1.0
NEK3	1.0	1.0	1.0
PIM2	1.0	1.0	1.0
MAP3K7	1.0	1.0	1.0
CDKL5	1.0	1.0	1.0
TNNI3K	1.0	1.0	1.0
MAPKAPK2	1.0	1.0	1.0
MAPKAPK5	1.0	1.0	1.0
BLK	1.0	1.0	1.0
SHC1	1.0	1.0	1.0
STK39	1.0	1.0	1.0
CREM	1.0	1.0	1.0
TNFRSF11B	1.0	1.0	1.0
BCL2L11	1.0	1.0	1.0
STK38	1.0	1.0	1.0
NEK9	1.0	1.0	1.0
NEK6	1.0	1.0	1.0
ZBTB16	1.0	1.0	1.0
NFKB2	1.0	1.0	1.0
SP2	1.0	1.0	1.0
PIN1	1.0	1.0	1.0
NFE2L2	1.0	1.0	1.0
PTEN	1.0	1.0	1.0
ARRB2	1.0	1.0	1.0
FOXL2	1.0	1.0	1.0
PRKAA1	1.0	1.0	1.0
PRKAA2	1.0	1.0	1.0
ROCK2	1.0	1.0	1.0
ACTB	1.0	1.0	1.0
TRIM24	1.0	1.0	1.0
CSNK1D	1.0	1.0	1.0
CSNK2B	1.0	1.0	1.0
BTK	1.0	1.0	1.0
TGFA	1.0	1.0	1.0
EGR2	1.0	1.0	1.0
PTK6	1.0	1.0	1.0
PTK2	1.0	1.0	1.0
WNK1	1.0	1.0	1.0
GRB2	1.0	1.0	1.0
CALM1	1.0	1.0	1.0
CALM2	1.0	1.0	1.0
PPP3CA	1.0	1.0	1.0
GAB1	1.0	1.0	1.0
IL18	1.0	1.0	1.0
NR5A2	1.0	1.0	1.0
CaMK2	1.0	1.0	1.0
PAK1	1.0	1.0	1.0
HSF2	1.0	1.0	1.0
PAK2	1.0	1.0	1.0
PAK4	1.0	1.0	1.0
MAP3K1	1.0	1.0	1.0
PER1	1.0	1.0	1.0
KITLG	1.0	1.0	1.0
STK17A	1.0	1.0	1.0
HDGF	1.0	1.0	1.0
IL18R1	1.0	1.0	1.0
IHH	1.0	1.0	1.0
NR3C2	1.0	1.0	1.0
PDGFRB	1.0	1.0	1.0
CD8B	1.0	1.0	1.0
CD8A	1.0	1.0	1.0
RAF1	1.0	1.0	1.0
GRK5	1.0	1.0	1.0
VDR	1.0	1.0	1.0
CLK2	1.0	1.0	1.0
GH2	1.0	1.0	1.0
CLK1	1.0	1.0	1.0
GH1	1.0	1.0	1.0
IL6	1.0	1.0	1.0
GNAQ	1.0	1.0	1.0
GNB1	1.0	1.0	1.0
TAB2	1.0	1.0	1.0
DYRK4	1.0	1.0	1.0
GSK3B	1.0	1.0	1.0
DYRK3	1.0	1.0	1.0
GSK3A	1.0	1.0	1.0
DYRK2	1.0	1.0	1.0
YWHAB	1.0	1.0	1.0
YWHAQ	1.0	1.0	1.0
YWHAH	1.0	1.0	1.0
PDPK1	1.0	1.0	1.0
YWHAZ	1.0	1.0	1.0
IRF4	1.0	1.0	1.0
IRF7	1.0	1.0	1.0
CREB5	1.0	1.0	1.0
CBL	1.0	1.0	1.0
AURKB	1.0	1.0	1.0
AURKA	1.0	1.0	1.0
GNG2	1.0	1.0	1.0
PTK2B	1.0	1.0	1.0
EGF	1.0	1.0	1.0
MAPK14	1.0	1.0	1.0
EPOR	1.0	1.0	1.0
MAPK12	1.0	1.0	1.0
MAPK13	1.0	1.0	1.0
MAPK10	1.0	1.0	1.0
MAPK11	1.0	1.0	1.0
KRAS	1.0	1.0	1.0
VIM	1.0	1.0	1.0
HOXA9	1.0	1.0	1.0
PRKCG	1.0	1.0	1.0
PRKCI	1.0	1.0	1.0
PRKCH	1.0	1.0	1.0
PRKCB	1.0	1.0	1.0
PRKCE	1.0	1.0	1.0
PRKCA	1.0	1.0	1.0
PRKD3	1.0	1.0	1.0
PRKD2	1.0	1.0	1.0
PRKD1	1.0	1.0	1.0
PRKDC	1.0	1.0	1.0
CTBP1	1.0	1.0	1.0
PRKCZ	1.0	1.0	1.0
PPP3R1	1.0	1.0	1.0
PLCG2	1.0	1.0	1.0
PLCG1	1.0	1.0	1.0
CDC7	1.0	1.0	1.0
BRAF	1.0	1.0	1.0
NR1D1	1.0	1.0	1.0
CDK16	1.0	1.0	1.0
SERPINB5	1.0	1.0	1.0
MTF1	1.0	1.0	1.0
HBEGF	1.0	1.0	1.0
CK1	1.0	1.0	1.0
CSNK1A1	1.0	1.0	1.0
NR1H2	1.0	1.0	1.0
HIPK1	1.0	1.0	1.0
MRE11	1.0	1.0	1.0
EPO	1.0	1.0	1.0
TNF	1.0	1.0	1.0
CDH1	1.0	1.0	1.0
MEN1	1.0	1.0	1.0
MAP2K4	1.0	1.0	1.0
MAP2K1	1.0	1.0	1.0
MAP2K2	1.0	1.0	1.0
AIP	1.0	1.0	1.0
DYRK1B	1.0	1.0	1.0
VRK1	1.0	1.0	1.0
ABL2	1.0	1.0	1.0
MAP2K7	1.0	1.0	1.0
CDK6	1.0	1.0	1.0
CDK5	1.0	1.0	1.0
CDK3	1.0	1.0	1.0
BCL3	1.0	1.0	1.0
PRKG2	1.0	1.0	1.0
PRKG1	1.0	1.0	1.0
AMP	1.0	1.0	1.0
PKC	1.0	1.0	1.0
TRAF2	1.0	1.0	1.0
TRAF6	1.0	1.0	1.0
SOS1	1.0	1.0	1.0
CSK	1.0	1.0	1.0
PTPN11	1.0	1.0	1.0
RPS6KA4	1.0	1.0	1.0
RPS6KA5	1.0	1.0	1.0
PPP2R1B	1.0	1.0	1.0
PPP2R1A	1.0	1.0	1.0
RPS6KA2	1.0	1.0	1.0
CHEK2	1.0	1.0	1.0
RPS6KA1	1.0	1.0	1.0
BTRC	1.0	1.0	1.0
B2M	1.0	1.0	1.0
HLA-A	1.0	1.0	1.0
UHMK1	1.0	1.0	1.0
SIK1	1.0	1.0	1.0
NLK	1.0	1.0	1.0
SRPK2	1.0	1.0	1.0
TRERF1	1.0	1.0	1.0
HRAS	1.0	1.0	1.0
VAV3	1.0	1.0	1.0
PRMT1	1.0	1.0	1.0
HCK	1.0	1.0	1.0
FAM20C	1.0	1.0	1.0
SGK3	1.0	1.0	1.0
SGK1	1.0	1.0	1.0
PPP2CA	1.0	1.0	1.0
PPP2CB	1.0	1.0	1.0
CD40LG	1.0	1.0	1.0
AXL	1.0	1.0	1.0
CAMK4	1.0	1.0	1.0
CAMK1	1.0	1.0	1.0
CDK5R1	1.0	1.0	1.0
IL18RAP	1.0	1.0	1.0
PXN	1.0	1.0	1.0
STK4	1.0	1.0	1.0
STK3	1.0	1.0	1.0
RIPK1	1.0	1.0	1.0
MARK3	1.0	1.0	1.0
MARK2	1.0	1.0	1.0
TGFB1	1.0	1.0	1.0
PTCH1	1.0	1.0	1.0
PKD1	1.0	1.0	1.0
PPP2R5A	1.0	1.0	1.0
PPP2R5D	1.0	1.0	1.0
PPP2R5C	1.0	1.0	1.0
LATS1	1.0	1.0	1.0
CAMK2B	1.0	1.0	1.0
CAMK2D	1.0	1.0	1.0
CAMK2A	1.0	1.0	1.0
MAPK9	1.0	1.0	1.0
MAPK7	1.0	1.0	1.0
BUB1	1.0	1.0	1.0
CAMK2G	1.0	1.0	1.0
PDX1	1.0	1.0	1.0
PPP2R3B	1.0	1.0	1.0
WEE1	1.0	1.0	1.0
RPS6KB2	1.0	1.0	1.0
RBMX	1.0	1.0	1.0