Overall graph size pval = 0.0469
Gene	Downstream crowded pval	Downstream suggests activation pval	Downstream suggests inhibition pval
GATA3	1.0E-4	1.0E-4	0.4908
E2F5	0.0109	1.0E-4	1.0
ESR1	1.0E-4	1.0E-4	0.1774
MYBL2	0.0078	1.0	2.0E-4
MYC	0.268	0.9999	4.0E-4
E2F3	0.0685	1.0	8.0E-4
E2F1	0.0041	0.3223	0.0011
E2F2	0.0349	1.0	0.0011
TFDP1	0.0205	0.7279	0.0013
RBL1	0.0429	0.0013	1.0
E2F4	0.1043	0.0017	1.0
IL2RA	0.062	1.0	0.0018
AGO2	0.002	0.1028	0.0129
HOXB7	0.0039	0.003	0.4419
WT1	0.0061	0.4232	0.0031
MOV10	0.0033	0.1178	0.0179
AGO3	0.0033	0.1178	0.0179
AGO4	0.0033	0.1178	0.0179
AGO1	0.0033	0.1178	0.0179
TNRC6C	0.0033	0.1178	0.0179
TNRC6A	0.0033	0.1178	0.0179
TNRC6B	0.0033	0.1178	0.0179
RBPJ	0.0035	0.0248	0.0732
FOXM1	0.0036	0.1342	0.0039
RUNX2	0.0118	0.0037	0.6576
RBL2	0.1393	0.0044	1.0
MAX	0.1861	0.9666	0.0053
IL2	0.1181	1.0	0.0054
IRF1	0.0669	0.8027	0.0065
PTTG1	0.0606	0.7601	0.008
MAML2	0.0105	0.0384	0.161
TWIST1	0.0128	0.3368	0.0114
IL2RG	0.1588	1.0	0.0117
TWIST2	0.014	0.1704	0.0467
IL2RB	0.1611	1.0	0.0144
TRRAP	0.1977	1.0	0.0164
YBX1	0.1893	0.0167	1.0
STAT6	0.1657	0.0169	1.0
RELA	0.1131	0.6895	0.0171
NFKB1	0.0799	0.5854	0.0172
ESRRA	0.0268	0.505	0.0175
PRDM1	0.1248	0.0184	1.0
HIST2H2AA3	0.0187	0.0595	0.2128
HIST2H2AC	0.0187	0.0595	0.2128
HIST1H2AD	0.0187	0.0595	0.2128
HIST1H2AB	0.0187	0.0595	0.2128
HIST1H2AJ	0.0187	0.0595	0.2128
H2AFB1	0.0187	0.0595	0.2128
H2AFJ	0.0187	0.0595	0.2128
H2AFZ	0.0187	0.0595	0.2128
H2AFX	0.0187	0.0595	0.2128
H2AFV	0.0187	0.0595	0.2128
LIN54	0.0191	0.089	0.1237
LIN52	0.0191	0.089	0.1237
LIN37	0.0191	0.089	0.1237
LIN9	0.0191	0.089	0.1237
MAML1	0.0192	0.0465	0.2263
LMO2	0.0192	0.1143	0.0976
CREM	0.0573	0.0194	0.6392
ELK1	0.195	1.0	0.02
ATF3	0.128	1.0	0.0205
CDKN2A	0.0586	0.6684	0.0211
CD247	0.1284	1.0	0.0212
TCF7L2	0.0224	0.174	0.0526
STAT5A	0.227	0.925	0.0231
SRF	0.1152	0.0234	1.0
MSC	0.0328	0.0236	0.4659
GATA2	0.0432	0.0237	0.6156
EZH2	0.0367	0.0242	0.4055
SP1	0.1535	0.0243	0.8841
NOTCH1	0.0256	0.0251	0.4804
BRCA1	0.0476	0.4413	0.0253
REL	0.2304	1.0	0.0284
IL12RB2	0.2702	1.0	0.0298
IL12A	0.2702	1.0	0.0298
SIRT1	0.0303	0.1289	0.0987
SALL4	0.0305	0.3431	0.0482
HIST3H2BB	0.0322	0.0826	0.2477
H3F3B	0.0322	0.0826	0.2477
HIST2H3C	0.0322	0.0826	0.2477
HIST1H3E	0.0322	0.0826	0.2477
HIST1H4C	0.0322	0.0826	0.2477
HIST1H2AC	0.0322	0.0826	0.2477
HIST1H2BH	0.0322	0.0826	0.2477
HIST1H2BG	0.0322	0.0826	0.2477
HIST1H2BB	0.0322	0.0826	0.2477
HIST1H2BA	0.0322	0.0826	0.2477
HIST1H2BD	0.0322	0.0826	0.2477
H2BFS	0.0322	0.0826	0.2477
HIST1H2BN	0.0322	0.0826	0.2477
HIST1H2BM	0.0322	0.0826	0.2477
HIST1H2BO	0.0322	0.0826	0.2477
HIST1H2BJ	0.0322	0.0826	0.2477
HIST1H2BL	0.0322	0.0826	0.2477
HIST1H2BK	0.0322	0.0826	0.2477
NCOA3	0.066	0.0324	0.6728
FOSL2	0.0407	0.0326	0.5374
CREB1	0.0789	0.5205	0.0327
IL6ST	0.1829	1.0	0.0331
TAL1	0.0342	0.057	0.3048
VHL	0.1919	0.0346	1.0
CTNNB1	0.038	0.0347	0.4191
MAML3	0.035	0.1206	0.1422
MAMLD1	0.035	0.1206	0.1422
RUVBL2	0.2329	1.0	0.0354
ERBB4	0.0413	0.0362	0.4728
ETS1	0.184	0.0382	0.9244
PTGDR	0.1898	0.7864	0.0386
IL12RB1	0.4918	1.0	0.0396
IL12B	0.4918	1.0	0.0396
NR4A1	0.1924	0.0401	1.0
ETV6	0.1297	0.0411	1.0
MYCN	0.4517	1.0	0.0432
FOSL1	0.0439	0.2173	0.0922
TYK2	0.5199	1.0	0.0477
NKX3-1	0.1258	1.0	0.0479
EDNRA	0.1246	0.0486	1.0
FOXA1	0.3318	0.0487	1.0
TP53	0.1557	0.0495	0.7247
AIP	0.1305	1.0	0.0501
EPAS1	0.2088	0.0513	1.0
HDAC7	0.1971	1.0	0.0519
HIST2H2BE	0.0527	0.0988	0.3137
IRF2	0.1778	1.0	0.0527
NF1	0.2198	1.0	0.0528
STAT5B	0.1652	0.6798	0.0532
EP300	0.0728	0.0549	0.4772
CIITA	0.3014	1.0	0.0552
TCF4	0.1442	0.7101	0.0553
APC	0.2722	0.0554	1.0
JAK2	0.5474	1.0	0.0576
GABPB1	0.3137	1.0	0.0586
CD3D	0.2765	1.0	0.0587
GABPA	0.3157	1.0	0.0603
NKX2-5	0.1784	1.0	0.0627
IRF3	0.271	1.0	0.0655
DCT	0.1768	0.066	1.0
EGR1	0.1193	0.0661	0.6104
REST	0.0685	0.2352	0.1459
KLF8	0.0697	0.0966	0.3898
TFDP2	0.2838	0.8315	0.0705
RBBP4	0.0707	0.1519	0.2503
NELFB	0.325	1.0	0.072
SNAI2	0.1199	0.0723	0.6241
POLR2F	0.1308	0.5754	0.0733
FOS	0.1307	0.4909	0.0735
TCF3	0.0756	0.0854	0.4374
HSF1	0.0757	0.2194	0.1821
HDAC1	0.0766	0.3715	0.0882
POU1F1	0.1732	0.0767	1.0
HIF1A	0.1533	0.0781	0.6521
MMP7	0.1721	0.0819	1.0
SMAD4	0.0857	0.0823	0.4576
SP3	0.1095	0.0824	0.5248
MYB	0.0827	0.1785	0.216
HES1	0.1181	0.591	0.0832
PAX8	0.2701	0.091	1.0
SNAI1	0.0983	0.3976	0.1381
SNW1	0.0989	0.1658	0.3457
JUN	0.1007	0.2693	0.1442
HEY2	0.102	0.1314	0.42
ATF2	0.1029	0.3702	0.1026
KAT2B	0.1051	0.1986	0.2742
AHR	0.4589	1.0	0.1094
NELFCD	0.4222	1.0	0.111
JUND	0.1878	0.5777	0.113
LEF1	0.2644	0.1172	0.8316
NANOG	0.2856	0.1237	0.8233
SMARCA4	0.4256	1.0	0.1243
PIK3CA	0.1249	0.3289	0.2376
PCNA	0.128	0.3542	0.2093
FOXA3	0.272	0.128	1.0
SMAD2	0.2801	0.1283	1.0
PURA	0.1295	0.2379	0.3246
NOTCH2	0.13	0.3589	0.2083
DLX5	0.1318	0.3311	0.2411
BCL2	0.135	0.2024	0.3824
MITF	0.338	0.1352	1.0
ZBTB17	0.1379	0.2597	0.291
POU5F1	0.162	0.1384	0.5259
PDX1	0.2719	0.139	1.0
NCOR1	0.1399	0.1828	0.3704
IL10	0.743	0.1419	1.0
TFAP2A	0.3632	0.1419	0.8849
NRF1	0.2968	0.7248	0.1421
ATF4	0.4658	0.8917	0.1443
IL4	0.4806	0.1489	1.0
IL23R	0.5956	1.0	0.1507
NFIC	0.4738	1.0	0.1558
JUNB	0.162	0.2636	0.3253
MAPK3	0.162	0.2401	0.407
MECP2	0.2003	0.5558	0.1621
IL23A	0.6287	1.0	0.1658
KAT2A	0.166	0.4219	0.176
SOX17	0.1663	0.2721	0.3817
POU2F1	0.169	0.3803	0.2176
RB1	0.4436	0.1692	0.8706
NPAS2	0.1694	0.424	0.1808
SPDEF	0.3725	0.17	1.0
GATA6	0.1727	0.3573	0.3065
SOX6	0.173	0.3005	0.3565
PGR	0.4715	0.1753	1.0
SMAD7	0.1901	0.1754	0.5445
PPARGC1A	0.5699	0.931	0.1797
EDN1	0.3666	0.1851	1.0
RUNX1	0.6202	0.1872	1.0
BCL6	0.4911	1.0	0.1902
CBFB	0.5724	0.1903	1.0
CDKN1A	0.1928	0.3936	0.2607
MAPK1	0.1957	0.2695	0.4342
SMAD3	0.1963	0.4334	0.1969
ARNTL	0.1964	0.4558	0.1967
KAT5	0.1965	0.2201	0.4948
SATB1	0.4244	0.1969	1.0
SUPT7L	0.499	1.0	0.207
TAF12	0.499	1.0	0.207
TAF10	0.499	1.0	0.207
MTOR	0.5061	1.0	0.2085
FOXQ1	0.4996	1.0	0.2097
FOXA2	0.437	0.2099	0.8875
JAK3	0.5056	1.0	0.2107
POLE3	0.5019	1.0	0.2111
ETV4	0.4197	0.2152	1.0
TFAP2C	0.4208	0.2186	1.0
INS	0.2199	0.3819	0.3558
NOTCH3	0.4686	0.2295	1.0
ASCL1	0.2343	0.2887	0.4617
IRF7	0.5629	1.0	0.2368
TSC22D3	0.4948	0.2374	1.0
HDAC4	0.5159	1.0	0.2398
ZBTB7A	0.5643	0.2408	1.0
FOXD3	0.5096	1.0	0.2413
SUPT3H	0.5623	1.0	0.2434
ACTL6A	0.5638	1.0	0.2444
IL18	0.5676	1.0	0.2466
IL18R1	0.5676	1.0	0.2466
IL18RAP	0.5676	1.0	0.2466
TRIM28	0.5679	0.2483	1.0
JAK1	0.5712	1.0	0.2493
PITX1	0.472	1.0	0.2501
ERG	0.2654	0.2506	0.581
PAX5	0.3725	0.7102	0.2571
MTA1	0.3356	0.6706	0.2583
FLI1	0.2605	0.2707	0.559
CLOCK	0.2862	0.5236	0.2642
PML	0.6628	1.0	0.2648
ZNF300	0.4937	1.0	0.2662
ANKRD1	0.4955	1.0	0.2672
CTCF	0.4992	0.2689	1.0
MLLT10	0.5003	0.2735	1.0
IL13	0.6652	0.2737	1.0
HNF1A	0.7965	1.0	0.274
STAT3	0.2752	0.4235	0.2921
AKT1	0.5642	1.0	0.2765
ATR	0.6173	1.0	0.2814
FOXF2	0.2816	0.3937	0.4449
MDC1	0.6189	1.0	0.2825
RAD51D	0.6178	1.0	0.2831
STAT4	0.287	0.4178	0.3606
MMP13	0.4964	0.2944	1.0
MEN1	0.5631	0.3014	1.0
ARNT	0.6426	0.3017	0.962
RUVBL1	0.6202	1.0	0.3031
PIAS1	0.5692	1.0	0.3049
HNF4A	0.4355	0.3103	0.7609
TAF9	0.668	1.0	0.3103
AR	0.8476	0.3119	1.0
CDK12	0.6662	1.0	0.3156
ELOA	0.6662	1.0	0.3156
ELOB	0.6662	1.0	0.3156
ELOC	0.6662	1.0	0.3156
NELFA	0.6662	1.0	0.3156
NELFE	0.6662	1.0	0.3156
CTDP1	0.6662	1.0	0.3156
GTF2H1	0.6662	1.0	0.3156
GTF2H3	0.6662	1.0	0.3156
GTF2H4	0.6662	1.0	0.3156
GTF2H5	0.6662	1.0	0.3156
CCNT2	0.6662	1.0	0.3156
SUPT16H	0.6662	1.0	0.3156
ELOA2	0.6662	1.0	0.3156
ELOA3	0.6662	1.0	0.3156
CDK7	0.6662	1.0	0.3156
MNAT1	0.6662	1.0	0.3156
CCNK	0.6662	1.0	0.3156
CCNH	0.6662	1.0	0.3156
SUPT4H1	0.6662	1.0	0.3156
ELOA3D	0.6662	1.0	0.3156
TCEA1	0.6662	1.0	0.3156
ELOA3B	0.6662	1.0	0.3156
SUPT5H	0.6662	1.0	0.3156
ERCC3	0.6662	1.0	0.3156
MAZ	0.5024	0.3226	1.0
RXRB	0.49	0.323	1.0
ZFHX3	0.4994	1.0	0.3237
CCNT1	0.3245	0.5368	0.3439
GTF2F1	0.3245	0.5368	0.3439
GTF2F2	0.3245	0.5368	0.3439
CDK9	0.3245	0.5368	0.3439
POLR2A	0.3245	0.5368	0.3439
POLR2B	0.3245	0.5368	0.3439
POLR2C	0.3245	0.5368	0.3439
POLR2D	0.3245	0.5368	0.3439
POLR2E	0.3245	0.5368	0.3439
POLR2G	0.3245	0.5368	0.3439
POLR2H	0.3245	0.5368	0.3439
POLR2I	0.3245	0.5368	0.3439
POLR2J	0.3245	0.5368	0.3439
POLR2K	0.3245	0.5368	0.3439
POLR2L	0.3245	0.5368	0.3439
GTF2H2	0.3246	0.518	0.373
MSX1	0.4978	0.3262	1.0
FOSB	0.5646	1.0	0.3267
APEX1	0.3281	0.5056	0.3957
GATA1	0.3286	0.3654	0.4992
PITX2	0.4978	0.3295	1.0
ZEB2	0.5658	0.3301	1.0
TGFB1	0.566	0.3341	1.0
ZBTB16	0.5649	0.3367	1.0
CHEK1	0.6601	1.0	0.3399
NFATC3	0.344	0.3775	0.5485
HEY1	0.41	0.348	0.6681
HDAC2	0.4237	0.7156	0.3514
TCF7	0.5036	0.3516	1.0
HIF3A	0.5035	0.3524	1.0
PAX3	0.503	0.3572	1.0
ESR2	0.619	0.3617	1.0
SIN3A	0.3759	0.3707	0.581
HIC1	0.371	0.4399	0.5303
TERT	0.3732	0.4653	0.5041
FANCD2	0.7084	1.0	0.3741
SSRP1	0.7444	1.0	0.3757
CDC25A	0.5577	0.3772	1.0
HBP1	0.5561	1.0	0.3786
RXRG	0.5579	0.3799	1.0
MET	0.5626	0.3804	1.0
ZNF382	0.3889	0.3812	0.5797
IL8	0.62	0.3833	1.0
ILF3	0.5588	0.3845	1.0
KLF10	0.6241	0.387	1.0
ABL1	0.7111	1.0	0.3986
NFE2L2	0.7451	1.0	0.3987
KLF5	0.4224	0.6162	0.4041
THRAP3	0.7499	1.0	0.4043
NR1H3	0.5605	0.4055	1.0
HDAC5	0.6167	1.0	0.4072
NOTCH4	0.5646	0.4108	1.0
PARP1	0.4171	0.5061	0.5242
ELF3	0.6245	0.4185	1.0
RUNX3	0.4723	0.42	0.6428
NR0B1	0.7455	0.4209	1.0
PROX1	0.4237	0.4916	0.5444
NPM1	0.4256	0.5257	0.5117
IRF9	0.6685	0.4278	1.0
MED12	0.7847	1.0	0.4361
TBX21	0.6701	1.0	0.4361
PAX6	0.7738	1.0	0.4386
NR1I2	0.7472	0.4408	1.0
KLK3	0.6317	0.4415	1.0
ZFP36	0.6688	1.0	0.4437
MSX2	0.6709	1.0	0.4472
FOXO1	0.9483	1.0	0.4479
KLF4	0.4717	0.4486	0.6159
IL37	0.8285	1.0	0.4515
NR5A1	0.4761	0.6388	0.4524
DNMT1	0.7727	1.0	0.4529
ONECUT1	0.6159	0.4535	1.0
SOX2	0.47	0.6015	0.4543
CDC6	0.6216	0.4575	1.0
STAT1	0.7189	0.8493	0.4658
BTF3	0.7118	1.0	0.4723
HDAC3	0.4827	0.617	0.4918
HMGA1	0.7783	1.0	0.4843
FOXP3	0.7176	0.4891	1.0
YY1	0.8521	0.9592	0.4934
CEBPA	0.8114	0.4935	1.0
SREBF2	0.5722	0.6864	0.4942
CREB5	0.7776	0.4994	1.0
ERCC2	0.8289	1.0	0.5
TBP	0.7453	0.5032	1.0
KLF6	0.5108	0.6326	0.5183
ELL	0.8063	1.0	0.5133
TP63	0.6047	0.5183	0.7084
ATF1	0.7113	0.5314	1.0
OTX2	0.704	0.5333	1.0
FOXO3	0.8613	0.9525	0.5346
SPP1	0.7084	0.5366	1.0
WWTR1	0.7523	0.559	1.0
CEBPD	0.6663	0.7572	0.5724
NFATC1	0.6661	0.7569	0.5808
NFYC	0.5828	0.5827	0.6613
XBP1	0.6517	0.6061	0.6912
NFYB	0.6133	0.6079	0.678
SREBF1	0.8922	0.9541	0.6122
USF2	0.6638	0.6278	0.7234
FOXO4	0.9356	1.0	0.6313
DDIT3	0.6321	0.6589	0.6576
CDX2	0.7446	0.8089	0.6422
ATF6	0.8315	0.6449	1.0
NFKBIA	0.7318	0.6497	0.7793
ING4	0.8688	1.0	0.6514
SOX9	0.8502	0.665	1.0
NR3C1	0.8718	0.6758	0.9076
NR1H4	0.8793	0.6886	1.0
HDAC9	0.8767	1.0	0.7105
NFYA	0.7481	0.7154	0.7471
NCOA2	0.8217	0.8124	0.7169
USF1	0.8031	0.7245	0.8179
ATM	0.9517	1.0	0.7292
NFATC2	0.894	0.9089	0.7551
ETS2	0.9037	0.7678	1.0
RARA	0.9322	0.7716	1.0
SPI1	0.9636	0.795	1.0
CREBBP	0.8964	0.8199	0.8396
SMARCD3	0.9735	0.9722	0.8598
CHD9	0.9735	0.9722	0.8598
TGS1	0.9735	0.9722	0.8598
TBL1X	0.9729	0.9721	0.8601
TBL1XR1	0.9729	0.9721	0.8601
PPARG	0.9383	0.8895	0.8716
NCOA6	0.9812	0.9785	0.879
CARM1	0.9408	0.9009	0.8853
HELZ2	0.9884	0.9824	0.9001
MED1	0.9903	0.9852	0.9089
CEBPB	0.9666	0.9217	0.9126
TP73	0.9676	0.9237	0.9262
NCOA1	0.9765	0.9472	0.9283
RXRA	0.9894	0.9675	0.9495
PPARA	0.9992	0.9848	1.0
EHMT2	1.0	1.0	1.0
HOXA9	1.0	1.0	1.0
CREB3L3	1.0	1.0	1.0
MEF2A	1.0	1.0	1.0
MEF2C	1.0	1.0	1.0
DAPK2	1.0	1.0	1.0
MED8	1.0	1.0	1.0
MED9	1.0	1.0	1.0
MED4	1.0	1.0	1.0
MED6	1.0	1.0	1.0
MED7	1.0	1.0	1.0
PRKCQ	1.0	1.0	1.0
ATF5	1.0	1.0	1.0
SF1	1.0	1.0	1.0
ASF1B	1.0	1.0	1.0
ABCB1	1.0	1.0	1.0
GATA4	1.0	1.0	1.0
CDK19	1.0	1.0	1.0
ABCA3	1.0	1.0	1.0
NR2F1	1.0	1.0	1.0
NR2F2	1.0	1.0	1.0
NR1D1	1.0	1.0	1.0
PBX1	1.0	1.0	1.0
MED19	1.0	1.0	1.0
MED16	1.0	1.0	1.0
GLI1	1.0	1.0	1.0
MED15	1.0	1.0	1.0
ING1	1.0	1.0	1.0
MED18	1.0	1.0	1.0
GLI3	1.0	1.0	1.0
MED17	1.0	1.0	1.0
GLI2	1.0	1.0	1.0
MED11	1.0	1.0	1.0
MED14	1.0	1.0	1.0
MED13	1.0	1.0	1.0
MED10	1.0	1.0	1.0
TIMP3	1.0	1.0	1.0
MED27	1.0	1.0	1.0
F2	1.0	1.0	1.0
MED26	1.0	1.0	1.0
MED29	1.0	1.0	1.0
SERPINB5	1.0	1.0	1.0
MED28	1.0	1.0	1.0
MED23	1.0	1.0	1.0
MED22	1.0	1.0	1.0
MED25	1.0	1.0	1.0
MED24	1.0	1.0	1.0
ZEB1	1.0	1.0	1.0
MED21	1.0	1.0	1.0
MTF1	1.0	1.0	1.0
MED20	1.0	1.0	1.0
PPARD	1.0	1.0	1.0
PTGS2	1.0	1.0	1.0
EGFR	1.0	1.0	1.0
MEF2D	1.0	1.0	1.0
NR1H2	1.0	1.0	1.0
POU4F1	1.0	1.0	1.0
HIPK2	1.0	1.0	1.0
RORA	1.0	1.0	1.0
TNF	1.0	1.0	1.0
FOXP2	1.0	1.0	1.0
MAF	1.0	1.0	1.0
TNFRSF11B	1.0	1.0	1.0
MED30	1.0	1.0	1.0
MED31	1.0	1.0	1.0
FANCI	1.0	1.0	1.0
NFKB2	1.0	1.0	1.0
MLXIPL	1.0	1.0	1.0
CDK8	1.0	1.0	1.0
SP2	1.0	1.0	1.0
LHX2	1.0	1.0	1.0
SP4	1.0	1.0	1.0
CDK1	1.0	1.0	1.0
PPP1R13B	1.0	1.0	1.0
FOXL2	1.0	1.0	1.0
MCM5	1.0	1.0	1.0
MCM6	1.0	1.0	1.0
E2F6	1.0	1.0	1.0
E2F7	1.0	1.0	1.0
KLF2	1.0	1.0	1.0
RAD51	1.0	1.0	1.0
CCNC	1.0	1.0	1.0
TP53BP2	1.0	1.0	1.0
EGR2	1.0	1.0	1.0
TRERF1	1.0	1.0	1.0
MED13L	1.0	1.0	1.0
CITED2	1.0	1.0	1.0
MLX	1.0	1.0	1.0
TFE3	1.0	1.0	1.0
NR5A2	1.0	1.0	1.0
HSF2	1.0	1.0	1.0
VEGFA	1.0	1.0	1.0
PER1	1.0	1.0	1.0
HDGF	1.0	1.0	1.0
NEUROG3	1.0	1.0	1.0
IHH	1.0	1.0	1.0
NR3C2	1.0	1.0	1.0
HOXA10	1.0	1.0	1.0
CCND3	1.0	1.0	1.0
CCND1	1.0	1.0	1.0
TFAP2B	1.0	1.0	1.0
VDR	1.0	1.0	1.0
PTCH1	1.0	1.0	1.0
ELF1	1.0	1.0	1.0
IRF4	1.0	1.0	1.0
IRF8	1.0	1.0	1.0
FAM120B	1.0	1.0	1.0
MAPK14	1.0	1.0	1.0
RBMX	1.0	1.0	1.0