

Data type: org.panda.causalpath.data.SiteModProteinData
Row ID	Change amount	P-value	Q-value
TTK-P-S821	3.440247504629346	0.03205675015184051	23.529654611450933
TP53BP1-P-S1618	0.7924737403403318	0.45272348858662925	166.14952031129295
TCEA1-P-S100	-0.7924737403403318	0.45272348858662925	83.07476015564647
DDB2-P-S26	-0.7924737403403318	0.45272348858662925	66.45980812451718
PER1-P-S815	0.7924737403403318	0.45272348858662925	41.53738007782324
RECQL4-P-S89	-0.7924737403403318	0.45272348858662925	30.209003692962355
BOD1L1-P-S2986	-0.7924737403403318	0.45272348858662925	110.76634687419529
CETN2-P-S20	-0.7924737403403318	0.45272348858662925	55.383173437097646
PARP4-P-S1722	0.7924737403403318	0.45272348858662925	47.47129151751227
TIMELESS-P-S1121	-0.7924737403403318	0.45272348858662925	36.92211562473177
CHEK2-P-S303	0.7924737403403318	0.45272348858662925	33.22990406225859
TIMELESS-P-S1173	-0.7924737403403318	0.45272348858662925	27.691586718548823
TP53BP1-P-S1635	-0.7840466380788965	0.45655475629003406	25.777783932068076
TREX1-P-S167	-0.6725815085274902	0.5103893013237746	26.75898194083218
TOP2B-P-S1375	0.6725815085274902	0.5103893013237746	23.414109198228157
RECQL5-P-S815	-0.6725815085274902	0.5103893013237746	18.731287358582527
KAT5-P-S86-S90	-0.6725815085274902	0.5103893013237746	17.83932129388812
XRCC6-P-T455	0.6725815085274902	0.5103893013237746	24.975049811443366
CDT1-P-S318	0.6725815085274902	0.5103893013237746	22.036808657155913
MCM6-P-S762	0.6725815085274902	0.5103893013237746	20.81254150953614
SETMAR-P-S508	-0.6725815085274902	0.5103893013237746	19.717144587981608
XRCC1-P-S461	-0.6434996023771148	0.5254503353913829	17.530933917148865
PARG-P-S197	-0.6434996023771148	0.5254503353913829	16.768719399011957
MPLKIP-P-S93	-0.6195578424116266	0.5381823464025967	16.459410094146083
PTEN-P-S294	-0.5957362351973923	0.5511566355417067	16.18195881950451
DDB2-P-S24	-0.5648489439436956	0.5684460074845984	15.45330998124797
XPC-P-S94	-0.5648489439436956	0.5684460074845984	14.901406053346259
RAD9A-P-S387	-0.5648489439436956	0.5684460074845984	14.387564465299835
BAP1-P-S292	-0.5648489439436956	0.5684460074845984	13.038730296677976
RAD50-P-S635	0.5648489439436956	0.5684460074845984	12.643617257384705
TP53BP1-P-S1426-S1430	0.5648489439436956	0.5684460074845984	12.271746161579271
XRCC6-P-S2	0.5648489439436956	0.5684460074845984	10.979983407728822
ATR-P-S435	-0.5648489439436956	0.5684460074845984	16.047668057449815
TP53BP1-P-S635	-0.5648489439436956	0.5684460074845984	13.907978983123174
MGMT-P-S201	-0.5648489439436956	0.5684460074845984	13.45933449979662
CLK2-P-S57	-0.5648489439436956	0.5684460074845984	11.921124842677006
SIRT6-P-S330	-0.5648489439436956	0.5684460074845984	11.589982485935979
NSD2-P-S121	-0.5648489439436956	0.5684460074845984	11.276739716045817
RBBP8-P-T315	-0.5468852038414781	0.5787496931122309	10.620056868609437
RIF1-P-S1454	0.5468852038414781	0.5787496931122309	10.892366019086602
DBF4-P-S413	-0.5468852038414781	0.5787496931122309	10.36103109132628
RAD23B-P-S160	-0.5468852038414781	0.5787496931122309	10.11433987486613
MCM3-P-T722	-0.5468852038414781	0.5787496931122309	9.879122668473896
WRN-P-S1133	0.5468852038414781	0.5787496931122309	9.654597153281307
SAMHD1-P-S102	0.5468852038414781	0.5787496931122309	9.440050549875055
YY1-P-S247	-0.5468852038414781	0.5787496931122309	9.23483205966038
APBB1-P-T709	0.5275363972622361	0.5900568461822537	9.21493032122924
RNF8-P-S157	0.5275363972622361	0.5900568461822537	9.02295260620363
NBN-P-S509	0.5166484160570255	0.5965164763849787	8.935573340134171
TP53BP1-P-S523-S525	-0.5166484160570255	0.5965164763849787	8.756861873331488
TICRR-P-S599	0.48572323632933984	0.6152520631715084	8.854804203291904
DDB2-P-S24-S26	-0.48545824832923723	0.615415119188277	8.686821105465295
XRCC6-P-S520	0.48545824832923723	0.615415119188277	8.522918820456516
BAZ1B-P-S493	0.46159630153657816	0.6302767303375193	8.116195088907704
KDM4A-P-S410	0.46159630153657816	0.6302767303375193	7.976260690823088
SETMAR-P-S410	-0.46159630153657816	0.6302767303375193	7.710385334462319
TP53BP1-P-S1426	0.46159630153657816	0.6302767303375193	7.343224128059352
CLSPN-P-S1289	0.46159630153657816	0.6302767303375193	8.567094816069243
TP53BP1-P-S630	-0.46159630153657816	0.6302767303375193	8.411329455777075
SLX4-P-S1028	0.46159630153657816	0.6302767303375193	8.261127144066771
BRIP1-P-S128	-0.46159630153657816	0.6302767303375193	7.841069831656595
HERC2-P-S1942	-0.46159630153657816	0.6302767303375193	7.58398557488097
SMARCA4-P-S699	-0.46159630153657816	0.6302767303375193	7.461663226899018
ORC6-P-T195	0.4494882199239248	0.6379545605233798	7.316541366002513
CUL4B-P-S146	-0.4494882199239248	0.6379545605233798	7.203979191140935
ORC2-P-S111	-0.4494882199239248	0.6379545605233798	7.094827991275164
HMGN1-P-S7	-0.4494882199239248	0.6379545605233798	6.988935036181505
RECQL5-P-S491	-0.4494882199239248	0.6379545605233798	6.8861565797670705
FANCD2-P-S1435	-0.44566436069564586	0.6403986789611443	6.812356961702608
BOD1L1-P-S2905	0.4405129494047603	0.6437061476983126	6.749718748722306
HMGN1-P-S8	-0.4379414101279722	0.6453635935199785	6.671787009065693
RAD23A-P-S133	-0.4272683801032059	0.6522884674880967	6.649718543559207
CUL4B-P-S61	-0.4272683801032059	0.6522884674880967	6.46999642076031
SAMHD1-P-S278	0.4272683801032059	0.6522884674880967	6.383729801816839
UNG-P-S12	-0.4272683801032059	0.6522884674880967	6.299733357056091
DTL-P-S478	-0.4272683801032059	0.6522884674880967	6.558626508715931
XRCC6-P-S477	0.42348302466019383	0.654762290384467	6.24150027457401
H2AX-P-S122	-0.42348302466019383	0.654762290384467	6.1614810402846
POLD3-P-S458	0.42348302466019383	0.654762290384467	6.083487609394921
IDH1-P-S94	-0.42348302466019383	0.654762290384467	6.0074440142774845
USP10-P-S576	-0.42348302466019383	0.654762290384467	5.933278038792578
RAD18-P-S471	0.42348302466019383	0.654762290384467	5.860920989539009
KAT5-P-S155	-0.42348302466019383	0.654762290384467	5.790307483640949
BOD1L1-P-S1531	0.42348302466019383	0.654762290384467	5.721375251692843
PARG-P-S316	-0.42348302466019383	0.654762290384467	5.588320013281381
TP53BP1-P-T1609	0.42348302466019383	0.654762290384467	5.461312740252259
TERF2IP-P-S154	0.42348302466019383	0.654762290384467	5.167693775722568
MUS81-P-S95	0.42348302466019383	0.654762290384467	5.0062033452312376
BOD1L1-P-S1077	-0.42348302466019383	0.654762290384467	4.491546926562606
TP53BP1-P-T591	0.42348302466019383	0.654762290384467	5.654064954614103
TOP2A-P-S4	0.42348302466019383	0.654762290384467	5.524086449910331
RBBP8-P-S347	-0.42348302466019383	0.654762290384467	5.3999496757550425
RIF1-P-S1236	-0.42348302466019383	0.654762290384467	5.33995023491332
TOP2A-P-S1374	0.42348302466019383	0.654762290384467	5.2812694631010855
CLSPN-P-S846	0.42348302466019383	0.654762290384467	5.223864360241291
ELL-P-T180	-0.42348302466019383	0.654762290384467	5.112718310023391
TP53BP1-P-S862	-0.42348302466019383	0.654762290384467	5.058900222549461
UFD1-P-S129	0.42348302466019383	0.654762290384467	4.954593001465967
BOD1L1-P-S2954	0.42348302466019383	0.654762290384467	4.904035930022436
NBN-P-S343	0.42348302466019383	0.654762290384467	4.8545002135575634
CLK2-P-S75	0.42348302466019383	0.654762290384467	4.8059552114219874
SMARCA4-P-S1453	-0.42348302466019383	0.654762290384467	4.758371496457413
SMARCAL1-P-S112	-0.42348302466019383	0.654762290384467	4.711720795511753
CLSPN-P-S775	-0.42348302466019383	0.654762290384467	4.665975933419405
TICRR-P-T1105	0.42348302466019383	0.654762290384467	4.62111078021345
BAZ1B-P-S189	-0.42348302466019383	0.654762290384467	4.577100201354274
DUT-P-S99	-0.42348302466019383	0.654762290384467	4.53392001077546
DUT-P-S88	-0.42348302466019383	0.654762290384467	4.449958529094433
POLE3-P-S122	0.4156209537278631	0.6599303672278432	4.443934766470063
BAZ1B-P-S1468	0.4065109077837985	0.6659698313215101	4.443835056272622
PARP4-P-S1236	0.4065109077837985	0.6659698313215101	4.403800506216112
USP10-P-S365	0.4065109077837985	0.6659698313215101	4.364480858839182
TOP2B-P-S1400	-0.4065109077837985	0.6659698313215101	4.250624836434682
TOP2B-P-S1413	-0.4065109077837985	0.6659698313215101	4.142558103304986
TOP2A-P-S1525	0.4065109077837985	0.6659698313215101	4.039850051156929
LIG1-P-T195	0.4065109077837985	0.6659698313215101	3.9421117434676485
RBBP8-P-T245	-0.4065109077837985	0.6659698313215101	3.879538541190384
TCEA1-P-S81	0.4065109077837985	0.6659698313215101	3.848990993621956
RIF1-P-S2348	0.4065109077837985	0.6659698313215101	4.325857134424676
MDC1-P-S495	0.4065109077837985	0.6659698313215101	4.287911019210425
TP53BP1-P-S294	-0.4065109077837985	0.6659698313215101	4.21398151887921
ATRX-P-S1348	-0.4065109077837985	0.6659698313215101	4.1779645828204135
TICRR-P-S1057	0.4065109077837985	0.6659698313215101	4.107746690672172
GPS1-P-S483	-0.4065109077837985	0.6659698313215101	4.073515468249903
SIRT6-P-S326	-0.4065109077837985	0.6659698313215101	4.006736526147446
KDM4A-P-S520	-0.4065109077837985	0.6659698313215101	3.97416143243893
RTEL1-P-S847	-0.4065109077837985	0.6659698313215101	3.9105748495199073
POLR2A-P-S1882	0.4017319026136577	0.6691601217238281	3.8372150730100767
CDC6-P-S54	0.4017319026136577	0.6691601217238281	3.8074692197309288
BAZ1B-P-S349	0.39641199011329936	0.6727294809413159	3.7983341462378912
RAD23B-P-T155	-0.3936130580843488	0.674615042580814	3.779904131712347
RAD9A-P-S328	-0.37834227861195274	0.6849960010556246	3.780353870487432
BAZ1B-P-S158	-0.37834227861195274	0.6849960010556246	3.8089929149608217
UBC-P-S57	0.36543092932509313	0.6938975656306643	3.800901590842594
LIG1-P-S51	0.3449758975065161	0.7082374235499695	3.8223990359241005
RIF1-P-S782	0.3449758975065161	0.7082374235499695	3.8507131028568717
HERC2-P-S1577	-0.3379473444802714	0.7132328425555559	3.8212620907721018
ACTB-P-S52	0.3379473444802714	0.7132328425555559	3.793571785766507
SMARCA5-P-S137	0.3379473444802714	0.7132328425555559	3.766279902415669
POLA1-P-S215	0.3081412760359722	0.7348114994198772	3.8525117183870705
MDC1-P-S955	-0.29114146714862615	0.7474099365862142	3.8907722940019944
H2AX-P-S140	0.2853954567263457	0.7517169240187127	3.8856353678150364
H2AX-P-Y143	0.2853954567263457	0.7517169240187127	3.805242911929208
LIG1-P-S66	0.2853954567263457	0.7517169240187127	3.7791796043132546
BAP1-P-S597	-0.2853954567263457	0.7517169240187127	3.8584630925156307
DCTPP1-P-S150	0.2853954567263457	0.7517169240187127	3.8316682099287167
PCLAF-P-S72	-0.28244566420353107	0.7539376066467314	3.7645592059775566
PARP1-P-S75	0.28244566420353107	0.7539376066467314	3.6892680218580054
RIF1-P-S7	0.28244566420353107	0.7539376066467314	3.739122995126357
PRKDC-P-S3205	0.28244566420353107	0.7539376066467314	3.714028209924167
MRE11-P-S619	0.27634677953705983	0.7585498355850453	3.687255492181611
FANCD2-P-S1412	-0.27634677953705983	0.7585498355850453	3.662997232364627
TOP2B-P-S1550	-0.27634677953705983	0.7585498355850453	3.639056073983159
DNPH1-P-S169	-0.27634677953705983	0.7585498355850453	3.6154258397365147
PIAS1-P-T508	0.27602878160041594	0.7587910912249677	3.570209365122605
FTO-P-S256	-0.27602878160041594	0.7587910912249677	3.593242973929847
TOPBP1-P-T822	-0.27569283896718483	0.7590460443246362	3.5040238775741064
EYA2-P-S257	-0.27569283896718483	0.7590460443246362	3.46049563064772
TOP2A-P-S1351-S1354	-0.27569283896718483	0.7590460443246362	3.3971938813066034
GPS1-P-T479-S483	-0.27569283896718483	0.7590460443246362	3.3361664463130714
EXO1-P-S815	0.27569283896718483	0.7590460443246362	3.548661124422184
RBBP8-P-S568	-0.27569283896718483	0.7590460443246362	3.5262012438878667
TOP2A-P-S1354	0.27569283896718483	0.7590460443246362	3.4821237283392685
RECQL4-P-S251	-0.27569283896718483	0.7590460443246362	3.4391345465079195
TICRR-P-T1134	-0.27569283896718483	0.7590460443246362	3.418035561560018
MCM4-P-S120	0.27569283896718483	0.7590460443246362	3.3766048274805027
LIG1-P-T233	0.27569283896718483	0.7590460443246362	3.356263834543873
RIF1-P-S2161	-0.27569283896718483	0.7590460443246362	3.316308312704065
REV3L-P-S1967	0.27569283896718483	0.7590460443246362	3.29668518659339
RMI1-P-S284	0.2730150162076756	0.7610813589873825	3.286080691157287
RPA2-P-S238	-0.26545043345590225	0.766860452566057	3.2916700127689227
KAT5-P-S90	-0.25769501739213946	0.7728308961505272	3.2980109172935292
TOP2B-P-S1441	-0.25769501739213946	0.7728308961505272	3.2789472703727576
ATRX-P-S729	-0.25723329304784615	0.7731878133816483	3.2616083621961485
BRCA1-P-S1009	0.25723329304784615	0.7731878133816483	3.242970600126456
LIG1-P-S819	0.25723329304784615	0.7731878133816483	3.224544630807556
ACTB-P-S368	-0.25723329304784615	0.7731878133816483	3.206326864531807
TP53BP1-P-T922	-0.25723329304784615	0.7731878133816483	3.1883137922591565
POLM-P-S12	-0.25723329304784615	0.7731878133816483	3.1705019833638537
CHAF1A-P-S206	-0.25723329304784615	0.7731878133816483	3.152888083456277
TICRR-P-S923	0.25723329304784615	0.7731878133816483	3.1354688122769603
POLR2A-P-S1966	-0.25655091022799	0.7737156035190029	3.1203695218843306
NUDT5-P-T7	-0.25655091022799	0.7737156035190029	3.103318322311192
RRM2-P-S20	0.2396323232507874	0.78691713901848	3.139115108910676
TP53BP1-P-S1068	-0.2396323232507874	0.78691713901848	3.072325425742364
BRCA1-P-S1342	0.2396323232507874	0.78691713901848	3.1221469191327804
SLX4-P-S467	-0.2396323232507874	0.78691713901848	3.1053611830084105
MPLKIP-P-S66	-0.2396323232507874	0.78691713901848	3.0887549734736064
POLR2A-P-S1917	0.23894861959986927	0.7874553411037971	3.0581598961385557
DBF4-P-S381	0.23894861959986927	0.7874553411037971	3.026137279425063
PMS2-P-S445	-0.23894861959986927	0.7874553411037971	2.9947783438869795
REV3L-P-T1167-S1168	-0.23894861959986927	0.7874553411037971	2.9793413421143664
RFC1-P-S69	-0.23894861959986927	0.7874553411037971	2.9489398998478933
TP53BP1-P-S507	0.23894861959986927	0.7874553411037971	2.904483519448176
TOP2A-P-S1213	0.23894861959986927	0.7874553411037971	2.8899611018509352
MCM6-P-S13	0.23894861959986927	0.7874553411037971	2.8755831859213288
MBD4-P-S387	0.23894861959986927	0.7874553411037971	2.8472523170945174
TERF2-P-S365	0.23894861959986927	0.7874553411037971	2.8194742457082294
PRKDC-P-S2624	0.23894861959986927	0.7874553411037971	2.80578747752518
TERF1-P-T371	-0.23894861959986927	0.7874553411037971	2.7922329486482464
RFC1-P-T506	-0.23894861959986927	0.7874553411037971	2.7788087517797453
XPC-P-S883-S884	-0.23894861959986927	0.7874553411037971	2.7523439065247004
TP53BP1-P-S1002	0.23894861959986927	0.7874553411037971	2.7263783979725806
MDC1-P-T1280	0.23894861959986927	0.7874553411037971	3.0420643177378266
ATR-P-T1989	-0.23894861959986927	0.7874553411037971	3.010376147761391
XRCC6-P-S560	0.23894861959986927	0.7874553411037971	2.9640626685650617
TOP2A-P-S1377	0.23894861959986927	0.7874553411037971	2.9339706617775994
SLX4-P-S228	0.23894861959986927	0.7874553411037971	2.9191526281322577
GPS1-P-S474	-0.23894861959986927	0.7874553411037971	2.8613476255949855
RAD23A-P-S92	-0.23894861959986927	0.7874553411037971	2.8332951978930736
EP300-P-S1726	0.23894861959986927	0.7874553411037971	2.765513016125297
AURKA-P-S10	0.23894861959986927	0.7874553411037971	2.7392996226075215
ATRX-P-S677	-0.23894861959986927	0.7874553411037971	2.7135784993905494
SUMO1-P-T76	-0.23181257589141102	0.7930947544550987	2.6950534711576037
DTL-P-S557	-0.23181257589141102	0.7930947544550987	2.6826338699080297
ATRX-P-S84	-0.23181257589141102	0.7930947544550987	2.6581349304568147
BAZ1B-P-S1342	-0.23181257589141102	0.7930947544550987	2.720240886775899
FEN1-P-Y152-S157-S162	-0.23181257589141102	0.7930947544550987	2.7075886035815926
ORC2-P-T226	0.23181257589141102	0.7930947544550987	2.670328209954323
RECQL5-P-S488	-0.23181257589141102	0.7930947544550987	2.646052498954738
FTO-P-T4	-0.23181257589141102	0.7930947544550987	2.6340794107241736
SMARCA4-P-S1663	0.23181257589141102	0.7930947544550987	2.622214188153344
PARP4-P-T101	0.23181257589141102	0.7930947544550987	2.6104553801347192
MCM4-P-S131	0.23181257589141102	0.7930947544550987	2.5988015614734037
TP53BP1-P-S1101	-0.23181257589141102	0.7930947544550987	2.5872513323112996
RFC1-P-S156	0.23181257589141102	0.7930947544550987	2.5758033175665593
WEE1-P-S67	-0.23181257589141102	0.7930947544550987	2.564456166387852
USP10-P-S370	0.2223677758980672	0.8006208611261757	2.5774373336254954
TCEA1-P-S135	-0.2223677758980672	0.8006208611261757	2.5661821487625023
ACTL6A-P-S233	0.2223677758980672	0.8006208611261757	2.5550248350722304
MCM4-P-T19	-0.21885927353009216	0.803434774738063	2.5529053015486505
TOP2A-P-S1247	0.21885927353009216	0.803434774738063	2.541901399386803
PIAS1-P-S503	-0.21885927353009216	0.803434774738063	2.530991951320765
BOD1L1-P-S538	0.2153109367774748	0.8062906957658681	2.529134062786954
MSH6-P-S830	0.19992155116040086	0.8187949840748956	2.5574277374935037
MSH6-P-S227	-0.19992155116040086	0.8187949840748956	2.5358460688226723
CDK7-P-T170	0.19992155116040086	0.8187949840748956	2.5465911792837854
XRCC6-P-S27	-0.19094287597386422	0.8261797815186758	2.5479662169525543
ALKBH5-P-S361	-0.19094287597386422	0.8261797815186758	2.5373052704381087
HMGN1-P-S86-S89	-0.19007763018868595	0.8268949394415066	2.518426910996124
EXO1-P-S610	0.19007763018868595	0.8268949394415066	2.528920356458608
XRCC4-P-S260	0.19007763018868595	0.8268949394415066	2.508020188223413
TP53BP1-P-S398	-0.18898635689850862	0.8277978003470977	2.480014634509264
CDC25C-P-T48	-0.18898635689850862	0.8277978003470977	2.500426277591645
TOP2B-P-T1317	-0.18898635689850862	0.8277978003470977	2.4901786289129904
MCM6-P-S271	0.18898635689850862	0.8277978003470977	2.469933274206381
SAMHD1-P-S6	0.18898635689850862	0.8277978003470977	2.459933544351294
DTL-P-S490	0.18898635689850862	0.8277978003470977	2.4500144574789102
CDC25C-P-S173	0.18898635689850862	0.8277978003470977	2.4401750419870267
ACTB-P-S239	0.18898635689850862	0.8277978003470977	2.4304143418190787
MTOR-P-S1261	-0.18898635689850862	0.8277978003470977	2.420731416154461
ALKBH5-P-S371	0.18898635689850862	0.8277978003470977	2.411125339106229
TP53BP1-P-S1317	0.18898635689850862	0.8277978003470977	2.401595199425967
MDC1-P-S453	-0.18892442298473688	0.827849070692355	2.3922882594023176
PARG-P-S302	-0.1880219193791959	0.8285965447117618	2.3573250535598187
MDC1-P-T1343	0.1880219193791959	0.8285965447117618	2.348223412426383
ELL-P-S319	-0.1880219193791959	0.8285965447117618	2.339191783917051
SLX4-P-S1185	0.1880219193791959	0.8285965447117618	2.312508987902788
MDC1-P-S108	0.1880219193791959	0.8285965447117618	2.29505608988088
HMGN1-P-S89	-0.1880219193791959	0.8285965447117618	2.286428059467794
TP53BP1-P-S552	0.1880219193791959	0.8285965447117618	2.2693651635016163
MAPK8-P-T183	-0.1880219193791959	0.8285965447117618	2.2359921463912986
TOP1-P-S394	-0.1880219193791959	0.8285965447117618	2.2115995047943025
ATRX-P-S1348-S1352	-0.1880219193791959	0.8285965447117618	2.1798919850123055
UNG-P-S23	0.1880219193791959	0.8285965447117618	2.164376739567378
YY1-P-S118	-0.1880219193791959	0.8285965447117618	2.156701644746217
MCM3-P-T674	-0.1880219193791959	0.8285965447117618	2.1490807908778558
RBBP8-P-S539	-0.1880219193791959	0.8285965447117618	2.3850582894840517
SMARCA4-P-S1659-S1663	0.1880219193791959	0.8285965447117618	2.3757416555407547
RAD18-P-S99	0.1880219193791959	0.8285965447117618	2.366497524585343
POLR2A-P-T1870	0.1880219193791959	0.8285965447117618	2.330229363289016
POLD3-P-S307	-0.1880219193791959	0.8285965447117618	2.321335358085623
TOP2B-P-S1522	-0.1880219193791959	0.8285965447117618	2.3037494841607318
MDC1-P-S453-T455	0.1880219193791959	0.8285965447117618	2.2778646584960045
MDC1-P-S882	-0.1880219193791959	0.8285965447117618	2.260928861778562
BABAM1-P-S49	-0.1880219193791959	0.8285965447117618	2.252555051179382
TIMELESS-P-S1149	-0.1880219193791959	0.8285965447117618	2.2442430399204176
UIMC1-P-S101	0.1880219193791959	0.8285965447117618	2.22780169896862
SMARCA4-P-S1449	-0.1880219193791959	0.8285965447117618	2.2196710358336977
TP53BP1-P-S727	-0.1880219193791959	0.8285965447117618	2.2035864631102653
MPG-P-T67	0.1880219193791959	0.8285965447117618	2.1956312773228635
UNG-P-T60	-0.1880219193791959	0.8285965447117618	2.187733323087889
HMGN1-P-S21-S25	0.1880219193791959	0.8285965447117618	2.1721066564944045
FANCM-P-S34	-0.1880219193791959	0.8285965447117618	2.141513604994483
DDB2-P-T148	-0.1880219193791959	0.8285965447117618	2.133999522169941
ABRAXAS1-P-S406	-0.1880219193791959	0.8285965447117618	2.126537985379137
MCM4-P-S326	0.1880219193791959	0.8285965447117618	2.1191284453603942
RNF4-P-T112	-0.1876146217817281	0.8289340988315176	2.1126306546608813
CHAF1A-P-S775	0.1876146217817281	0.8289340988315176	2.0980607880770132
ABL1-P-S569	-0.1876146217817281	0.8289340988315176	2.090850957190151
LIG1-P-S76	0.1876146217817281	0.8289340988315176	2.083690508706623
NUDT5-P-S3	0.1876146217817281	0.8289340988315176	2.0765789370045526
RBBP8-P-S163	0.1876146217817281	0.8289340988315176	2.062500435736725
MDC1-P-T1239	0.1876146217817281	0.8289340988315176	2.1053205139873143
TICRR-P-S1750	0.1876146217817281	0.8289340988315176	2.0695157433412716
MCM4-P-T23	-0.18245359811899053	0.8332233061600302	2.0661686037887237
XRCC1-P-S266	0.18245359811899053	0.8332233061600302	2.052301700407591
EP300-P-S2320-S2328	-0.18245359811899053	0.8332233061600302	2.05921180714297
BABAM1-P-S29	-0.18245359811899053	0.8332233061600302	2.045437815121947
POLR2A-P-S1910	-0.18126643332168776	0.8342130669257208	2.0410413037449304
PIAS1-P-S488	-0.18126643332168776	0.8342130669257208	2.034260435626176
PNKP-P-T118	-0.18126643332168776	0.8342130669257208	2.0275244739188047
CDC5L-P-T396	-0.18126643332168776	0.8342130669257208	2.0208329740048816
APBB1-P-S517	0.18126643332168776	0.8342130669257208	2.0141854971167077
PARP4-P-S1335	0.17241357680920166	0.8416310221072116	2.025433345005552
PRKDC-P-S893	-0.17080143547907875	0.8429889445500075	2.022071520587273
PAXIP1-P-S235	-0.16859522845146238	0.8448508057541191	2.0133782189075435
MPLKIP-P-T51	-0.16859522845146238	0.8448508057541191	2.0068624317913377
CDK1-P-T161	0.16859522845146238	0.8448508057541191	2.0003886820113657
TP53BP1-P-S532	0.16859522845146238	0.8448508057541191	1.993956564062776
TOP2B-P-S1476	0.16859522845146238	0.8448508057541191	1.981215627551193
MDC1-P-S498	0.16859522845146238	0.8448508057541191	2.0199364541482847
PARP4-P-S1504	-0.16859522845146238	0.8448508057541191	1.987565677639498
TP53BP1-P-S1094-S1101	-0.16859522845146238	0.8448508057541191	1.9749060236417941
TOP2B-P-S1400-S1413	-0.16859522845146238	0.8448508057541191	1.968636480709598
UFD1-P-S247	0.16751062190094862	0.8457676335811027	1.952180638517388
MDC1-P-S299	-0.16751062190094862	0.8457676335811027	1.9645362121788905
MSH6-P-S41	-0.16751062190094862	0.8457676335811027	1.9583389370616069
PIAS1-P-S510	-0.16751062190094862	0.8457676335811027	1.94606094999539
TICRR-P-S292	-0.16751062190094862	0.8457676335811027	1.9399795095266543
BARD1-P-S330	0.16751062190094862	0.8457676335811027	1.9339359596527397
MDC1-P-T1589	-0.16663961388647797	0.8465046248844041	1.9236358967961382
MPLKIP-P-S133	0.16663961388647797	0.8465046248844041	1.92960992132035
TOP2B-P-S1466	-0.16436101419599636	0.8484356692637184	1.9220733988875593
ATRX-P-S703	-0.15738240365169598	0.854377279349287	1.9295782247457745
MAPK8-P-S377	0.15738240365169598	0.854377279349287	1.9236592731361248
ACTB-P-S60	0.15738240365169598	0.854377279349287	1.917776523065372
TOP2B-P-S1424	0.15544940186028283	0.8560303893783991	1.9098064006192856
PIAS1-P-S485	-0.15544940186028283	0.8560303893783991	1.9040191084961968
MSH6-P-S261	-0.15544940186028283	0.8560303893783991	1.8812164844423502
WDHD1-P-S383	-0.15544940186028283	0.8560303893783991	1.875600912847
BOD1L1-P-S2501	-0.15544940186028283	0.8560303893783991	1.9156289811089786
BOD1L1-P-T2956	0.15544940186028283	0.8560303893783991	1.8982667849055739
ACTB-P-T318	-0.15544940186028283	0.8560303893783991	1.8925491138667017
NBN-P-S347	0.15544940186028283	0.8560303893783991	1.8868657831944293
TICRR-P-T969	0.14935197182794652	0.8612659202038107	1.8814559090166578
POLA1-P-T225	-0.14935197182794652	0.8612659202038107	1.875872953797024
POLR2A-P-S1910-S1917	0.13907647298572864	0.8701614820671837	1.8896406149032923
TICRR-P-S441	-0.13744412361436903	0.8715830495471537	1.8815939951988552
RAD9A-P-S375	-0.13744412361436903	0.8715830495471537	1.8760761242451929
RNF168-P-S134	0.13744412361436903	0.8715830495471537	1.8871444199634537
PRKDC-P-T2603	0.12703621983930705	0.8807017731427632	1.8575721307091615
TICRR-P-S1001	0.12703621983930705	0.8807017731427632	1.846957432819395
TP53BP1-P-S222	-0.12703621983930705	0.8807017731427632	1.890161115458445
PARP4-P-S1340	0.12703621983930705	0.8807017731427632	1.8846504416524437
BAZ1B-P-S330	0.12703621983930705	0.8807017731427632	1.8791718066476402
TOP2A-P-S1106	0.12703621983930705	0.8807017731427632	1.873724931845763
ABL1-P-T781	-0.12703621983930705	0.8807017731427632	1.86830954186933
ATRX-P-S1352	-0.12703621983930705	0.8807017731427632	1.8629253645152397
BAZ1B-P-S361	0.12703621983930705	0.8807017731427632	1.8522495744607113
USP7-P-S18	-0.12238823826002516	0.884804786740284	1.8502755369440698
TFPT-P-S167	-0.12238823826002516	0.884804786740284	1.8450190723504785
ATRX-P-S92	-0.12132209399981521	0.8857486193265189	1.8365522219934038
TP53BP1-P-S525	-0.12132209399981521	0.8857486193265189	1.8313788354525773
TP53BP1-P-T855	0.12132209399981521	0.8857486193265189	1.8262345128810813
TOP2B-P-S1454	0.12132209399981521	0.8857486193265189	1.8211190100438794
TP53BP1-P-S1028	0.12132209399981521	0.8857486193265189	1.8009404060544736
MDC1-P-T1425	0.12132209399981521	0.8857486193265189	1.841754919506133
ATR-P-S464	0.12132209399981521	0.8857486193265189	1.8160320854348182
SMARCA4-P-S1659	-0.12132209399981521	0.8857486193265189	1.810973500238621
POLR2E-P-Y26-T36	0.12132209399981521	0.8857486193265189	1.8059430182935137
RIF1-P-S2393	0.12132209399981521	0.8857486193265189	1.7959654325570855
POLR2A-P-S1861-S1868	0.11894681527080318	0.8878550198350681	1.7952770924488706
MSH6-P-S137	0.11516344854623717	0.8912204633124098	1.7971313738222767
APEX1-P-T19	0.11247929153895571	0.8936158523259742	1.7970247550883975
ATRX-P-S1995-S1996	-0.1113666993501542	0.8946106356345136	1.7892212712690274
MDC1-P-S1820	0.1113666993501542	0.8946106356345136	1.7941098539774127
TTK-P-S455	-0.1113666993501542	0.8946106356345136	1.7843592569449267
SMARCA4-P-S695	0.1113666993501542	0.8946106356345136	1.7795235950019865
TP53BP1-P-S580	0.09839822493074578	0.9062879254370658	1.7978792899210982
ERCC6L-P-S971	-0.09839822493074578	0.9062879254370658	1.7930332540992084
TP53BP1-P-S1656	0.09839822493074578	0.9062879254370658	1.7882132722333504
ABL1-P-Y393	0.09802067304799916	0.9066301607513534	1.7840925951514568
CHAF1A-P-S772	-0.0975204314747297	0.9070838083065644	1.770743391747389
RCHY1-P-S257	-0.0975204314747297	0.9070838083065644	1.7521039876237323
RIF1-P-S2234	-0.0975204314747297	0.9070838083065644	1.7429306683168018
BAZ1B-P-S947	-0.0975204314747297	0.9070838083065644	1.780212607746038
BOD1L1-P-S2973	-0.0975204314747297	0.9070838083065644	1.775465374125382
POLA1-P-S192	0.0975204314747297	0.9070838083065644	1.7660464596737886
TOPBP1-P-S888	0.0975204314747297	0.9070838083065644	1.7613743790926408
PARP4-P-S1507	0.0975204314747297	0.9070838083065644	1.7567269532902856
TP53BP1-P-S1362	-0.0975204314747297	0.9070838083065644	1.7475052894934864
POLQ-P-S1587	-0.0975204314747297	0.9070838083065644	1.7383799355013532
PRKDC-P-S511	0.0975204314747297	0.9070838083065644	1.7338529044193185
TP53BP1-P-S1430	0.09730690754902063	0.9072775130818272	1.725237550782542
WDR48-P-S373	0.09730690754902063	0.9072775130818272	1.729718687278081
TFPT-P-S252	-0.09385930873645658	0.9104108400822738	1.726722368528137
RIF1-P-S2172	0.09385930873645658	0.9104108400822738	1.7222720531453326
TP53BP1-P-S771	0.09210573351766295	0.9120087145574456	1.7164471704747821
MRE11-P-S688-S689	0.09210573351766295	0.9120087145574456	1.7208596310672624
ACTB-P-S323	0.09208925032282281	0.9120237474986786	1.707717935367424
RIF1-P-S1616	0.09208925032282281	0.9120237474986786	1.7120855004195146
NFRKB-P-S240	0.09136013629824538	0.9126889592818785	1.7046150028318037
SMARCC1-P-S330	0.08882675015198693	0.9150040841616003	1.7046015171944535
TOP2B-P-S1466-S1476	0.08673191580773344	0.9169228752152427	1.703851621286046
USP1-P-S313	0.08673191580773344	0.9169228752152427	1.6995489656767377
POLR2A-P-S1861	0.08661521620461166	0.91702988599481	1.6954658345596738
ALKBH5-P-S371-S384	-0.08216333907038696	0.9211214912799801	1.6987516949736319
MNAT1-P-T51	-0.07627401141004235	0.9265622831343194	1.7045030471693996
HMGN1-P-T83	-0.07627401141004235	0.9265622831343194	1.700241789551476
TOP2B-P-T1292	-0.07627401141004235	0.9265622831343194	1.6960017850887543
PNKP-P-S114-T118	0.07517900614088299	0.9275774294103833	1.6936364009632372
TOP2B-P-S1473	-0.07231417462720748	0.9302385925334502	1.6859138936285245
CDC5L-P-T424	-0.07231417462720748	0.9302385925334502	1.6817613963535774
ATRX-P-S849	-0.07231417462720748	0.9302385925334502	1.6942807119591872
SMARCC1-P-S328-S330	0.07231417462720748	0.9302385925334502	1.6900869478206744
DNPH1-P-S123	0.07231417462720748	0.9302385925334502	1.6776293044706447
PRKDC-P-S2612	-0.07172250826665702	0.9307891462719404	1.6582505664165152
HELB-P-S967	0.07172250826665702	0.9307891462719404	1.654235431873134
TERF2IP-P-S36	-0.07172250826665702	0.9307891462719404	1.6502396941149864
MCM4-P-S26	0.07172250826665702	0.9307891462719404	1.6745079249107948
SMARCC1-P-S357	-0.07172250826665702	0.9307891462719404	1.670413773505145
MSH6-P-S14	-0.07172250826665702	0.9307891462719404	1.6663395935697667
MSH6-P-S274-S275	-0.07172250826665702	0.9307891462719404	1.6622852393275045
ATRX-P-S213	-0.07172250826665702	0.9307891462719404	1.6462632129243477
TRIM25-P-S433	-0.0709124479901337	0.9315434470584587	1.643636755146415
RIF1-P-S1579	0.07070842774024053	0.9317335201740369	1.6322014410685992
UBE2T-P-S184	-0.07070842774024053	0.9317335201740369	1.6167669120750428
MDC1-P-S780	-0.07070842774024053	0.9317335201740369	1.6129537825654319
TOP2B-P-S1236	0.07070842774024053	0.9317335201740369	1.6091585971946896
UIMC1-P-S677	-0.07070842774024053	0.9317335201740369	1.6016215545848784
ATRX-P-S819	-0.07070842774024053	0.9317335201740369	1.6400297453423096
TP53BP1-P-T321	-0.07070842774024053	0.9317335201740369	1.6361062292051272
SLX4-P-S601	-0.07070842774024053	0.9317335201740369	1.6283152471612932
EP300-P-T1724	-0.07070842774024053	0.9317335201740369	1.6244475149827626
XRCC6-P-S324	-0.07070842774024053	0.9317335201740369	1.6205981132884908
ERCC6L-P-S820	0.07070842774024053	0.9317335201740369	1.6053812295956411
SMARCA4-P-S1484	-0.07070842774024053	0.9317335201740369	1.5978794481489325
RAD18-P-T118	0.06892779521571427	0.9333940731628274	1.5969959200501525
MDC1-P-T1302	-0.06396835420147087	0.9380346839176545	1.601203390687345
SAMHD1-P-S33	-0.06396835420147087	0.9380346839176545	1.5974883016138246
TP53BP1-P-S265	0.06198875033769991	0.9398934602156406	1.5969486106441673
MRE11-P-S649	0.06068408501107998	0.9411205068924758	1.5953405359332038
TP53BP1-P-S1094	-0.06068408501107998	0.9411205068924758	1.5916646360808233
RMI1-P-S225	-0.05994549716800765	0.9418158638172078	1.5891789518203001
DTL-P-S679	-0.05994549716800765	0.9418158638172078	1.5855340459675014
PRKDC-P-S4026	0.05994549716800765	0.9418158638172078	1.5819058216060196
ATRIP-P-S224	0.058703914432906415	0.9429859323515055	1.5802549642602854
TOP2B-P-S1613	0.05756974591789254	0.9440560440348585	1.5784445018714948
CLSPN-P-S83	0.05756974591789254	0.9440560440348585	1.5641921813128357
ALKBH5-P-S64-S69	0.05756974591789254	0.9440560440348585	1.5606692259495185
MCM3-P-S711-T722	-0.05756974591789254	0.9440560440348585	1.574857128003605
ATRX-P-S1061	-0.05756974591789254	0.9440560440348585	1.5712860234049573
XRCC1-P-S447	-0.05756974591789254	0.9440560440348585	1.5677310776506475
ACTB-P-T249	0.05660492331802629	0.9449673301857286	1.5586652142838762
TP53BP1-P-S809	0.05660492331802629	0.9449673301857286	1.544779555359298
WEE1-P-S139	-0.05660492331802629	0.9449673301857286	1.5551704492294278
TOP2B-P-S1552	-0.05660492331802629	0.9449673301857286	1.551691320707662
TERF2IP-P-S203	0.05660492331802629	0.9449673301857286	1.5482277240096536
SIRT6-P-T294	-0.05660492331802629	0.9449673301857286	1.541346711902944
POLR2A-P-S1875	0.05660492331802629	0.9449673301857286	1.5379290916991681
TP53BP1-P-T1372	-0.05660492331802629	0.9449673301857286	1.5345265937086834
FANCD2-P-S592	0.056343683408510974	0.9452142256136268	1.5281657303973613
PLK4-P-S665	-0.056343683408510974	0.9452142256136268	1.524807124396488
BARD1-P-T299	0.056343683408510974	0.9452142256136268	1.5214632491236886
TP53BP1-P-T302	0.056343683408510974	0.9452142256136268	1.5315391646807992
MDC1-P-S793	-0.05462315017876685	0.9468418979286501	1.5174278451520289
MDC1-P-T1671	0.05462315017876685	0.9468418979286501	1.5207482561917487
MDC1-P-T1157	0.05366086445398828	0.9477534688961713	1.515579621284945
VCP-P-S702	-0.05366086445398828	0.9477534688961713	1.512284882977804
XPC-P-S61	-0.04930736389331904	0.9518885085722238	1.5155882110455798
KPNA2-P-S62	-0.04930736389331904	0.9518885085722238	1.5123077170822778
UFD1-P-S299	0.04930736389331904	0.9518885085722238	1.5057891493362334
ERCC6-P-S158	0.04930736389331904	0.9518885085722238	1.4993265349613998
MDC1-P-S544	0.04930736389331904	0.9518885085722238	1.4961159856360007
BOD1L1-P-S800	0.04930736389331904	0.9518885085722238	1.4897359601109006
LIG3-P-S210	0.04930736389331904	0.9518885085722238	1.4834101173928076
BOD1L1-P-S3029	0.04930736389331904	0.9518885085722238	1.4802672993474837
MCM2-P-T106	0.04930736389331904	0.9518885085722238	1.474021445763739
BOD1L1-P-S3019	0.04930736389331904	0.9518885085722238	1.4647508706331496
LRWD1-P-S243	0.04930736389331904	0.9518885085722238	1.4616865382678081
PARG-P-S291	0.04930736389331904	0.9518885085722238	1.4586350006096291
MSH6-P-S252	-0.04930736389331904	0.9518885085722238	1.4555961776916924
PARP4-P-S1186	0.04930736389331904	0.9518885085722238	1.4525699902120839
PPP4C-P-S47	-0.04930736389331904	0.9518885085722238	1.4495563595269965
PPP4R2-P-T173	0.04930736389331904	0.9518885085722238	1.509041393719249
PER1-P-S704	-0.04930736389331904	0.9518885085722238	1.5025508931011018
SLX4-P-S1469	0.04930736389331904	0.9518885085722238	1.492919156606864
TP53BP1-P-S208	0.04930736389331904	0.9518885085722238	1.4865663091319412
NBN-P-T497	-0.04930736389331904	0.9518885085722238	1.4771377701733877
MUS81-P-S101	0.04930736389331904	0.9518885085722238	1.470918242720026
SMARCA5-P-S755	0.04930736389331904	0.9518885085722238	1.4678280783445636
INO80E-P-S193	-0.04930736389331904	0.9518885085722238	1.4465552076439179
TFPT-P-T207	-0.04930736389331904	0.9518885085722238	1.4435664572149016
MDC1-P-S168	0.04547144942513829	0.9555468835953421	1.4461266238329507
XPC-P-S884	0.04547144942513829	0.9555468835953421	1.4431510546481092
TP53BP1-P-S500	-0.04201329700420931	0.9588570305617448	1.442215287771149
MDC1-P-S329	-0.04201329700420931	0.9588570305617448	1.4392659722542345
BRCA2-P-S2095	-0.04201329700420931	0.9588570305617448	1.4363286947598382
EP300-P-S2309	-0.04201329700420931	0.9588570305617448	1.4189537508716143
ATRX-P-S598	-0.04201329700420931	0.9588570305617448	1.4160987131435023
RIF1-P-S1688	-0.04201329700420931	0.9588570305617448	1.4451767154667776
RNMT-P-T77	-0.04201329700420931	0.9588570305617448	1.4334033817358873
SMARCAL1-P-S129	-0.04201329700420931	0.9588570305617448	1.430489960228294
CDC5L-P-T385	-0.04201329700420931	0.9588570305617448	1.4275883578748898
BOD1L1-P-S2475	-0.04201329700420931	0.9588570305617448	1.4246985028994346
MDC1-P-S1033	-0.04201329700420931	0.9588570305617448	1.4218203241056984
DTL-P-S485	-0.03359582032612061	0.9669622521538146	1.4252013917287147
MCM10-P-S150	-0.03185110832698683	0.968650795380341	1.4248290256696798
BAZ1B-P-S347	-0.03185110832698683	0.968650795380341	1.4219793676183405
CLK2-P-S50	-0.03185110832698683	0.968650795380341	1.4191410854474458
USP1-P-S327	-0.03185110832698683	0.968650795380341	1.416314111173646
RIF1-P-S2176	0.03185110832698683	0.968650795380341	1.4134983773542154
NHEJ1-P-S287	-0.03143094187458812	0.9690578754633575	1.411286667837509
VCP-P-S3	0.027657989901982972	0.9727209903189459	1.413816251275458
ERCC6L-P-S1069	-0.027657989901982972	0.9727209903189459	1.4110221480120677
MCM3-P-S672-T674	0.027657989901982972	0.9727209903189459	1.4082390668522806
TP53BP1-P-S119	0.027657989901982972	0.9727209903189459	1.3999553076355025
TP53BP1-P-S366	0.027657989901982972	0.9727209903189459	1.3944867322150514
SMARCA5-P-S66	-0.027657989901982972	0.9727209903189459	1.3917684344914354
MRE11-P-S689	-0.027657989901982972	0.9727209903189459	1.3890607138017632
ORC2-P-T116	-0.027657989901982972	0.9727209903189459	1.3836767575467177
MCM2-P-S27	0.027657989901982972	0.9727209903189459	1.3783343762434486
RIF1-P-S2205	0.027657989901982972	0.9727209903189459	1.3677724270002036
TOP2B-P-S1449	0.027657989901982972	0.9727209903189459	1.3599565845602024
XRCC1-P-S241	-0.027657989901982972	0.9727209903189459	1.3573711157682629
TOP2B-P-S1452	0.027657989901982972	0.9727209903189459	1.349673358968065
ORC1-P-T230	-0.027657989901982972	0.9727209903189459	1.33954447822534
TICRR-P-T566	0.027657989901982972	0.9727209903189459	1.3370359679664912
USP1-P-S475	0.027657989901982972	0.9727209903189459	1.3246330369092882
MDC1-P-S505	-0.027657989901982972	0.9727209903189459	1.3221800127668635
ABL1-P-S718	0.027657989901982972	0.9727209903189459	1.319736057105557
LRWD1-P-S212	-0.027657989901982972	0.9727209903189459	1.3173011197308235
MSH6-P-S200	-0.027657989901982972	0.9727209903189459	1.3148751508178753
SAMHD1-P-T592	0.027657989901982972	0.9727209903189459	1.3124581009082836
SMARCA5-P-T113	-0.027657989901982972	0.9727209903189459	1.310049920906617
XRCC4-P-S320	-0.027657989901982972	0.9727209903189459	1.3052599760404138
CUL4B-P-S193	0.027657989901982972	0.9727209903189459	1.302878114770267
RECQL4-P-S323	-0.027657989901982972	0.9727209903189459	1.3005049305903575
ACTB-P-Y294	-0.027657989901982972	0.9727209903189459	1.2864454178272187
MCRS1-P-S282	-0.027657989901982972	0.9727209903189459	1.2818262242264027
EP300-P-S1038	0.027657989901982972	0.9727209903189459	1.2795290446130938
MCM4-P-T110	0.027657989901982972	0.9727209903189459	1.2704220763240326
TTK-P-S321	-0.027657989901982972	0.9727209903189459	1.2681655539859793
NSD2-P-T544	0.027657989901982972	0.9727209903189459	1.2659170335001886
USP1-P-S292	-0.027657989901982972	0.9727209903189459	1.2636764723789493
TP53BP1-P-S1460	0.027657989901982972	0.9727209903189459	1.2592190597779653
APBB1-P-S205	-0.027657989901982972	0.9727209903189459	1.2570021248135674
ASCC1-P-S67	-0.027657989901982972	0.9727209903189459	1.2525915910422918
CHAF1A-P-S141	0.027657989901982972	0.9727209903189459	1.250397910497559
TP53BP1-P-S1678	0.027657989901982972	0.9727209903189459	1.2482119001645215
NSD2-P-T110	0.027657989901982972	0.9727209903189459	1.243862729780673
ATRX-P-S1527	0.027657989901982972	0.9727209903189459	1.4054669427049338
TP53BP1-P-S484	-0.027657989901982972	0.9727209903189459	1.4027057109903858
MPLKIP-P-S115	-0.027657989901982972	0.9727209903189459	1.3972156690687012
TOPBP1-P-S817	-0.027657989901982972	0.9727209903189459	1.3863635085322452
NBN-P-S604	-0.027657989901982972	0.9727209903189459	1.3810004001820237
DBF4-P-T553	0.027657989901982972	0.9727209903189459	1.3756786260002047
APTX-P-S132	0.027657989901982972	0.9727209903189459	1.3730330901809737
TP53BP1-P-S1705	0.027657989901982972	0.9727209903189459	1.370397709969494
RIF1-P-S1238	-0.027657989901982972	0.9727209903189459	1.3651571833539318
ATM-P-S1891	0.027657989901982972	0.9727209903189459	1.362551921553638
MPLKIP-P-S47	-0.027657989901982972	0.9727209903189459	1.3547954590020992
CLSPN-P-S810	0.027657989901982972	0.9727209903189459	1.352229558511565
COPS5-P-S284	0.027657989901982972	0.9727209903189459	1.3471268054605778
GPS1-P-S240	0.027657989901982972	0.9727209903189459	1.3445898434917256
TICRR-P-S1045	0.027657989901982972	0.9727209903189459	1.3420624189738841
CCNH-P-T315	0.027657989901982972	0.9727209903189459	1.3345368353160865
RMI1-P-S292	-0.027657989901982972	0.9727209903189459	1.3320470277875118
ACTB-P-S233	0.027657989901982972	0.9727209903189459	1.3295664932851141
BABAM1-P-S44	0.027657989901982972	0.9727209903189459	1.3270951801005693
MSH6-P-S309	0.027657989901982972	0.9727209903189459	1.3076505620771177
ABL1-P-S884	0.027657989901982972	0.9727209903189459	1.2981403761711023
BABAM1-P-S62	0.027657989901982972	0.9727209903189459	1.2957844045265088
DNPH1-P-S28	0.027657989901982972	0.9727209903189459	1.293436969011062
SAMHD1-P-S583	0.027657989901982972	0.9727209903189459	1.291098023316648
MCM2-P-S139	-0.027657989901982972	0.9727209903189459	1.288767521469506
MBD4-P-S422	0.027657989901982972	0.9727209903189459	1.2841316670757308
RPA1-P-S135	0.027657989901982972	0.9727209903189459	1.277240083889278
MCM3-P-S672	0.027657989901982972	0.9727209903189459	1.2749592980251898
MCM2-P-S381	0.027657989901982972	0.9727209903189459	1.2726866433050024
CHAF1A-P-S203	0.027657989901982972	0.9727209903189459	1.2614438284348168
RAD23A-P-S205	-0.027657989901982972	0.9727209903189459	1.2547929822392025
SAMHD1-P-T21	-0.027657989901982972	0.9727209903189459	1.2460335198850023
REV3L-P-S1724	0.027657989901982972	0.9727209903189459	1.2416994902506198
HERC2-P-S1588	-0.027266900156832127	0.9731014859222671	1.237879533218274
ATRX-P-S889	0.027266900156832127	0.9731014859222671	1.2400286296301113
MCRS1-P-S85	0.026380583725668354	0.9739643440846281	1.2368336134223477
RIF1-P-S1542	-0.025405506121620788	0.9749144980653374	1.2359019716406867
DCTPP1-P-S85	-0.025405506121620788	0.9749144980653374	1.2337711061723409
POLR2A-P-S1920	-0.025405506121620788	0.9749144980653374	1.231647575869118
ACTB-P-S199	-0.025405506121620788	0.9749144980653374	1.2295313429208894
CDK7-P-S164	0.025405506121620788	0.9749144980653374	1.2274223697769429
GPS1-P-S468	0.025405506121620788	0.9749144980653374	1.2253206191437631
TFPT-P-S249	-0.02026660359516739	0.9799373836484022	1.2274301017029474
CUL4B-P-S28	-0.02026660359516739	0.9799373836484022	1.2253390793831809
POLR2C-P-S124	-0.02026660359516739	0.9799373836484022	1.22325516938423
TP53BP1-P-S598	0.02026660359516739	0.9799373836484022	1.2129410448531657
RNF168-P-S470	0.02026660359516739	0.9799373836484022	1.210899056562167
NSD2-P-S437	-0.02026660359516739	0.9799373836484022	1.2027993973209485
BOD1L1-P-S2203	-0.02026660359516739	0.9799373836484022	1.2007913849714977
PARP4-P-S1223	-0.02026660359516739	0.9799373836484022	1.1967954069849038
MDC1-P-S376	0.02026660359516739	0.9799373836484022	1.1888827100792185
PKMYT1-P-S479	-0.02026660359516739	0.9799373836484022	1.184965468859847
CHEK1-P-S301	0.02026660359516739	0.9799373836484022	1.1830165124965908
SOX4-P-S354	0.02026660359516739	0.9799373836484022	1.1810739566468427
MRE11-P-S667	-0.02026660359516739	0.9799373836484022	1.1791377698326675
UIMC1-P-S653	-0.02026660359516739	0.9799373836484022	1.1733671119052647
TOP1-P-S112	0.02026660359516739	0.9799373836484022	1.17145609055037
POLD2-P-S15	-0.02026660359516739	0.9799373836484022	1.1695512838990685
TP53BP1-P-S999	-0.02026660359516739	0.9799373836484022	1.1676526616849467
RPA1-P-S38	0.02026660359516739	0.9799373836484022	1.1657601938378075
TP53BP1-P-S993	-0.02026660359516739	0.9799373836484022	1.163873850482083
EP300-P-S12	0.02026660359516739	0.9799373836484022	1.161993601935262
MDC1-P-S1775	-0.02026660359516739	0.9799373836484022	1.1582512714942468
CUL4A-P-S10	0.02026660359516739	0.9799373836484022	1.156389131186378
HMGN1-P-S99	-0.02026660359516739	0.9799373836484022	1.152682755765909
CDC5L-P-T404	0.02026660359516739	0.9799373836484022	1.1508384633566835
ACTB-P-S365	0.02026660359516739	0.9799373836484022	1.1490000632554747
CHAF1A-P-S199	0.02026660359516739	0.9799373836484022	1.1380918348068467
ATRX-P-S25	0.02026660359516739	0.9799373836484022	1.1345016397443646
TRIM25-P-T91	0.02026660359516739	0.9799373836484022	1.1327150229888616
FAAP100-P-S667	0.02026660359516739	0.9799373836484022	1.1309340245250428
HERC2-P-S2928	0.02026660359516739	0.9799373836484022	1.1291586178931352
CHTF18-P-S871	0.02026660359516739	0.9799373836484022	1.1221123862682172
MTOR-P-S2481	0.02026660359516739	0.9799373836484022	1.1168851546551664
ABL1-P-T852	0.02026660359516739	0.9799373836484022	1.1117063981420823
TINF2-P-S295	-0.02026660359516739	0.9799373836484022	1.109990801848653
USP10-P-T74	0.02026660359516739	0.9799373836484022	1.108280492446729
PARP1-P-T368	-0.02026660359516739	0.9799373836484022	1.1014916379753863
SMARCC1-P-S310	-0.02026660359516739	0.9799373836484022	1.0998073999968305
PPP4R2-P-S364	-0.02026660359516739	0.9799373836484022	1.0947854483986714
SMARCC1-P-S573	-0.02026660359516739	0.9799373836484022	1.0865166761297993
WEE1-P-T190	0.02026660359516739	0.9799373836484022	1.084877887779679
PLK4-P-S401	0.02026660359516739	0.9799373836484022	1.083244035539047
ATRX-P-S316	0.02026660359516739	0.9799373836484022	1.08161509713974
RECQL4-P-S27	0.02026660359516739	0.9799373836484022	1.0767575443082742
XRCC6-P-S6	0.02026660359516739	0.9799373836484022	1.0735433426834735
TP53BP1-P-S1462	0.02026660359516739	0.9799373836484022	1.0719434271206068
EP300-P-S2328	0.02026660359516739	0.9799373836484022	1.070348273211201
PARG-P-S286	-0.02026660359516739	0.9799373836484022	1.0608761645987126
NFRKB-P-S1303	0.02026660359516739	0.9799373836484022	1.057755940585187
LRWD1-P-S253	-0.02026660359516739	0.9799373836484022	1.0562027013185422
XPC-P-S903	0.02026660359516739	0.9799373836484022	1.0546540170057583
SAMHD1-P-S18	-0.02026660359516739	0.9799373836484022	1.0500350943035432
SMARCA4-P-S1382	0.02026660359516739	0.9799373836484022	1.0485044309007685
TP53BP1-P-S63	-0.02026660359516739	0.9799373836484022	1.2295282728169696
MSH6-P-S65	-0.02026660359516739	0.9799373836484022	1.2211783354803518
USP10-P-S211	0.02026660359516739	0.9799373836484022	1.219108541691402
RIF1-P-S1422	0.02026660359516739	0.9799373836484022	1.2170457522807567
RIF1-P-T409	-0.02026660359516739	0.9799373836484022	1.2149899317532553
SLX4-P-S1044	-0.02026660359516739	0.9799373836484022	1.2088639320973567
RBBP8-P-S327	-0.02026660359516739	0.9799373836484022	1.2068356369092739
EYA4-P-S274	-0.02026660359516739	0.9799373836484022	1.204814136679945
PTEN-P-S370	0.02026660359516739	0.9799373836484022	1.1987900659965454
PARP4-P-S1349	-0.02026660359516739	0.9799373836484022	1.1948073747473873
TFPT-P-S180	-0.02026660359516739	0.9799373836484022	1.1928259363149705
ATRX-P-S875	-0.02026660359516739	0.9799373836484022	1.1908510589369656
BOD1L1-P-S2780	-0.02026660359516739	0.9799373836484022	1.186920857422322
TP53BP1-P-S1701	0.02026660359516739	0.9799373836484022	1.1772079207822048
KDM4B-P-S566	-0.02026660359516739	0.9799373836484022	1.1752843784279856
TP53BP1-P-S640	0.02026660359516739	0.9799373836484022	1.1601194187063342
TOP2B-P-S1581	-0.02026660359516739	0.9799373836484022	1.154532968857026
NBN-P-S432	-0.02026660359516739	0.9799373836484022	1.1471675272694213
GPS1-P-T479	0.02026660359516739	0.9799373836484022	1.1453408273852344
SMARCC1-P-S830	-0.02026660359516739	0.9799373836484022	1.1435199357677697
SMARCAL1-P-S151	-0.02026660359516739	0.9799373836484022	1.1417048247586146
RTEL1-P-S882	0.02026660359516739	0.9799373836484022	1.1398954668746866
TTK-P-S281	-0.02026660359516739	0.9799373836484022	1.1362939014185263
ALKBH5-P-S384	-0.02026660359516739	0.9799373836484022	1.127388776799259
WDHD1-P-S407	-0.02026660359516739	0.9799373836484022	1.125624475114127
CDC5L-P-T355	-0.02026660359516739	0.9799373836484022	1.1238656868717611
ABL1-P-Y185	0.02026660359516739	0.9799373836484022	1.1203645476603228
TOP2B-P-S1550-S1552	-0.02026660359516739	0.9799373836484022	1.118622145564428
TRIM25-P-S100	0.02026660359516739	0.9799373836484022	1.1151535497642282
BABAM1-P-S66	-0.02026660359516739	0.9799373836484022	1.1134273058791442
KDM4B-P-S622	-0.02026660359516739	0.9799373836484022	1.1065754455352725
NBN-P-S397	-0.02026660359516739	0.9799373836484022	1.1048756368631754
POLE-P-S1940	0.02026660359516739	0.9799373836484022	1.1031810423281092
ABL1-P-S16	0.02026660359516739	0.9799373836484022	1.0981283047296597
TP53BP1-P-S1114	-0.02026660359516739	0.9799373836484022	1.0964543286553767
UBA7-P-S24	0.02026660359516739	0.9799373836484022	1.093121640726333
TTK-P-S436	-0.02026660359516739	0.9799373836484022	1.0914628825461719
ATRIP-P-S518	-0.02026660359516739	0.9799373836484022	1.0898091509059502
RFC1-P-S190	-0.02026660359516739	0.9799373836484022	1.0881604229923256
MEN1-P-S548	0.02026660359516739	0.9799373836484022	1.079991050447338
PPP4R2-P-S226	-0.02026660359516739	0.9799373836484022	1.0783718734601606
PARG-P-S137	0.02026660359516739	0.9799373836484022	1.075148041252507
SAMHD1-P-T25	-0.02026660359516739	0.9799373836484022	1.068757859729461
LIG1-P-S141	0.02026660359516739	0.9799373836484022	1.0671721655755597
WEE1-P-S150	-0.02026660359516739	0.9799373836484022	1.065591169774707
BOD1L1-P-S266	-0.02026660359516739	0.9799373836484022	1.0640148514762235
MDC1-P-S1086	-0.02026660359516739	0.9799373836484022	1.062443189952625
DNPH1-P-S128	-0.02026660359516739	0.9799373836484022	1.0593137549306733
UIMC1-P-S171	0.02026660359516739	0.9799373836484022	1.0531098676397177
POLR2A-P-S1889	-0.02026660359516739	0.9799373836484022	1.051570233330303
SUMO1-P-S2	-0.02026660359516739	0.9799373836484022	1.046978223577769
MPLKIP-P-T10	-0.018496221448820023	0.9816737838894181	1.04276202225012
MCM2-P-S41	0.018496221448820023	0.9816737838894181	1.0412551407150763
RIF1-P-S2465	0.018496221448820023	0.9816737838894181	1.0397526080444919
POLR2A-P-S1875-S1882	0.018496221448820023	0.9816737838894181	1.035270915768438
HMGN1-P-S86	-0.018496221448820023	0.9816737838894181	1.032304523459646
MDC1-P-S998	0.018496221448820023	0.9816737838894181	1.029355081964047
TCEA1-P-S57	0.018496221448820023	0.9816737838894181	1.0264224464028957
EP300-P-T887	-0.018496221448820023	0.9816737838894181	1.0177239510943967
ACTB-P-S33	-0.018496221448820023	0.9816737838894181	1.014857123063145
PPP4R2-P-S159	-0.018496221448820023	0.9816737838894181	1.0134297572079225
BOD1L1-P-S2753	0.018496221448820023	0.9816737838894181	1.0473089496727221
ALKBH5-P-S64	0.018496221448820023	0.9816737838894181	1.0457889076557807
BAP1-P-S395	-0.018496221448820023	0.9816737838894181	1.0442732715577288
LIG3-P-S913	-0.018496221448820023	0.9816737838894181	1.0382544054392404
SAMHD1-P-S18-T21	-0.018496221448820023	0.9816737838894181	1.0367605142083927
PARP4-P-S1713	0.018496221448820023	0.9816737838894181	1.033785591642515
BAZ1B-P-S345	-0.018496221448820023	0.9816737838894181	1.0308276929539812
RFC1-P-S108	-0.018496221448820023	0.9816737838894181	1.0278866724320013
EME1-P-S87	0.018496221448820023	0.9816737838894181	1.0249623860239443
RIF1-P-S2144	-0.018496221448820023	0.9816737838894181	1.0235064735437966
RPA1-P-S384	0.018496221448820023	0.9816737838894181	1.0220546913118196
MNAT1-P-S279	0.018496221448820023	0.9816737838894181	1.0206070217773837
CLK2-P-S97	-0.018496221448820023	0.9816737838894181	1.0191634474891553
BOD1L1-P-S482	0.018496221448820023	0.9816737838894181	1.0162885153382692
UBXN1-P-S132	0.014309979002635467	0.9857919221002638	1.016251784861789
LRWD1-P-S259	-0.014309979002635467	0.9857919221002638	1.0148264667904539
MPLKIP-P-S40	-0.011918511688476114	0.9881522324381338	1.0158315666800983
SMARCA4-P-T1455	-0.011918511688476114	0.9881522324381338	1.014410823230196
TP53BP1-P-S103	0.011409213640306186	0.9886556246188558	1.013510095628827
TP53BP1-P-T1638	0.011409213640306186	0.9886556246188558	1.012096552957099
HMGN1-P-S25	0.011409213640306186	0.9886556246188558	1.0106869477301395
PARP1-P-S782	-0.011409213640306186	0.9886556246188558	1.00928126351911
DDB1-P-T833-Y837	0.011409213640306186	0.9886556246188558	1.0078794839864447
SLX4-P-T1315	0.011409213640306186	0.9886556246188558	1.006481592885215
SIRT6-P-S303	0.011409213640306186	0.9886556246188558	1.0050875740585044
SMARCAL1-P-S198	-0.011409213640306186	0.9886556246188558	1.003697411438783
RFC1-P-S368	-0.011409213640306186	0.9886556246188558	1.002311089047293
UNG-P-S14	-0.011221666259450716	0.9888410617804045	0.9969908507511221
ELL-P-S442	-0.011221666259450716	0.9888410617804045	1.0011163301335406
EYA2-P-T404	-0.011221666259450716	0.9888410617804045	0.9997373820204091
RECQL5-P-S727	-0.011221666259450716	0.9888410617804045	0.9983622274371623
MCM3-P-S160	-0.01006984716856303	0.98998068398653	0.9967706749603745
DBF4-P-S359	0.01006984716856303	0.98998068398653	0.9954052356796069
MDC1-P-S1814	0.008041638316985757	0.9919906091576861	0.9960617060488941
SMARCC1-P-S328	-0.006727119435005573	0.9932954569798274	0.9960093789934334
BOD1L1-P-S1017	0.0016152500190762657	0.998386053795146	0.998386053795146
TOP2B-P-S1336	0.0016152500190762657	0.998386053795146	0.9997481084387956

Data type: org.panda.causalpath.data.ProteinData
Row ID	Change amount	P-value	Q-value
SMUG1-G	-2.4782277648684516	0.08389176986743202	24.412505031422718
SOD1-G	-2.3630249091369455	0.09413504214128521	9.131099087704666
CDK6-G	2.3630249091369455	0.09413504214128521	13.696648631556998
YY1-G	-1.4503084410617801	0.23449794814195524	17.059725727327244
BARD1-G	1.2881259071337223	0.2757871498090951	10.031757574305834
GINS4-G	1.2881259071337223	0.2757871498090951	8.917117843827407
RPS27A-G	-1.2881259071337223	0.2757871498090951	16.050812118889333
UIMC1-G	-1.2881259071337223	0.2757871498090951	13.375676765741112
XPA-G	-1.2881259071337223	0.2757871498090951	11.464865799206667
ASCC1-G	1.2881259071337223	0.2757871498090951	8.025406059444666
GTF2H1-G	0.856734804067439	0.4245460476571495	11.231172715293683
TIPIN-G	-0.8227056893949405	0.43924159394234125	10.651608653101775
TTK-G	0.7791239338155461	0.45880778127332367	10.27023571927209
BAP1-G	-0.7791239338155461	0.45880778127332367	8.900870956702478
DNPH1-G	-0.7791239338155461	0.45880778127332367	7.8537096676786575
TYMS-G	0.7791239338155461	0.45880778127332367	6.068775652297145
RNF168-G	-0.7791239338155461	0.45880778127332367	7.027003386870378
RAD23B-G	-0.7791239338155461	0.45880778127332367	5.340522574021487
POLL-G	-0.7791239338155461	0.45880778127332367	7.417392463918732
GINS2-G	0.7791239338155461	0.45880778127332367	6.675653217526859
PTEN-G	-0.7791239338155461	0.45880778127332367	6.357764969073199
RAD1-G	-0.7791239338155461	0.45880778127332367	9.536647453609799
RAD23A-G	-0.7791239338155461	0.45880778127332367	8.344566521908574
POLR2G-G	0.7791239338155461	0.45880778127332367	5.804915841327704
RAD17-G	-0.7791239338155461	0.45880778127332367	5.563044347939049
UNG-G	-0.7791239338155461	0.45880778127332367	5.135117859636045
USP1-G	-0.6417004038920211	0.5263965758207271	5.282117364270054
TIMELESS-G	-0.6417004038920211	0.5263965758207271	5.673385317178947
POLR2H-G	-0.6417004038920211	0.5263965758207271	5.470764412993985
CUL5-G	-0.6417004038920211	0.5263965758207271	5.106046785461052
UBE2B-G	-0.6417004038920211	0.5263965758207271	4.941335598833276
UBE2N-G	-0.6068164489762635	0.5450834106439585	4.806644621133088
CHEK1-G	0.6068164489762635	0.5450834106439585	4.665272720511528
MBD4-G	0.6068164489762635	0.5450834106439585	4.956852265543498
RNF4-G	-0.6068164489762635	0.5450834106439585	4.531979214211198
TERF1-G	-0.5077055842058975	0.6018749471697318	4.865155822955332
MCM8-G	0.500727621706337	0.6060894953589114	4.766811977011979
BLM-G	0.500727621706337	0.6060894953589114	4.522360080754955
KDM4B-G	-0.500727621706337	0.6060894953589114	4.641369556564295
POLG2-G	-0.43704210182034947	0.6459442354099729	4.6992443126075525
CHAF1A-G	-0.43704210182034947	0.6459442354099729	4.4754707739119555
CCNH-G	0.43704210182034947	0.6459442354099729	4.584628597665906
CETN2-G	-0.3942462772967415	0.6741879985953799	4.562528083517571
RECQL4-G	-0.3437483097624432	0.7091073809963127	4.585561063776155
XRCC1-G	-0.3437483097624432	0.7091073809963127	4.689778360680159
POLE2-G	-0.3437483097624432	0.7091073809963127	4.485874953694065
BABAM1-G	-0.3293229260864422	0.7194106627626424	4.454223465189978
SMARCC1-G	0.3293229260864422	0.7194106627626424	4.36142714299852
APBB1-G	-0.3290094002229153	0.7196362519740938	4.1882829864892255
KPNA2-G	0.3290094002229153	0.7196362519740938	3.549392361431547
BRCA1-G	-0.3290094002229153	0.7196362519740938	3.433018841384611
HMGN1-G	-0.3290094002229153	0.7196362519740938	3.3776475697493753
DDB1-G	-0.3290094002229153	0.7196362519740938	3.32403411626129
BRCC3-G	-0.3290094002229153	0.7196362519740938	3.2720960831947075
PIAS1-G	-0.3290094002229153	0.7196362519740938	2.9085298517286287
HRAS-G	-0.3290094002229153	0.7196362519740938	4.273758149478802
CHEK2-G	0.3290094002229153	0.7196362519740938	3.7395383807939515
LIG1-G	0.3290094002229153	0.7196362519740938	3.6739324442887944
CHTF18-G	0.3290094002229153	0.7196362519740938	2.991630704635161
APTX-G	-0.3290094002229153	0.7196362519740938	3.9512103646124768
POLE4-G	-0.3290094002229153	0.7196362519740938	3.4902358220743546
POLR2L-G	0.3290094002229153	0.7196362519740938	3.2217561434532502
DDB2-G	-0.3290094002229153	0.7196362519740938	3.1729416564312314
NHEJ1-G	-0.3290094002229153	0.7196362519740938	3.1255843182755414
ATRX-G	-0.3290094002229153	0.7196362519740938	4.1061597906757115
CDK4-G	0.3290094002229153	0.7196362519740938	4.027195179316563
TICRR-G	0.3290094002229153	0.7196362519740938	3.8780398023048384
FTO-G	0.3290094002229153	0.7196362519740938	3.8075299877174777
DCTPP1-G	-0.3290094002229153	0.7196362519740938	3.610588781456229
BOD1L1-G	-0.3290094002229153	0.7196362519740938	3.0796198430067836
XPC-G	-0.3290094002229153	0.7196362519740938	3.034987671369004
NFRKB-G	-0.3290094002229153	0.7196362519740938	2.949495060907905
TP53-G	0.3059685732304584	0.7364097620723302	2.935551243329426
SETMAR-G	-0.3059685732304584	0.7364097620723302	2.8958816319330825
AURKB-G	0.30543960816830285	0.7367994001512769	2.858781672586954
MRE11-G	-0.2611590788540393	0.7701583939549776	2.948895955801296
PAXIP1-G	-0.24182114714554584	0.7851965996471635	2.9674313051600594
DNA2-G	0.23593861675313796	0.7898291547228166	2.8029302929797515
CDA-G	0.23593861675313796	0.7898291547228166	2.9093706838524
UBXN1-G	-0.23593861675313796	0.7898291547228166	2.873003550304245
POLR2B-G	0.23593861675313796	0.7898291547228166	2.8375343706708596
CDK7-G	0.23593861675313796	0.7898291547228166	2.7691600484860195
ERCC6L-G	0.23593861675313796	0.7898291547228166	2.7361938574326143
PCLAF-G	-0.23593861675313796	0.7898291547228166	2.946670308004354
GTF2H5-G	0.201983522285108	0.8171083919104264	2.7973946123051068
RMI1-G	0.201983522285108	0.8171083919104264	2.7648667679759775
LIG4-G	0.19679643490445167	0.8213578160781021	2.7473002813646863
UBE2I-G	0.19174818055576962	0.8255147229784278	2.7298270953036647
KAT5-G	0.19174818055576962	0.8255147229784278	2.699154880749691
SAMHD1-G	0.18889039090429105	0.8278772445979314	2.676803090866645
RNASEH2C-G	-0.1713412787990393	0.8425339854138659	2.694257030279505
YWHAG-G	0.15707484328385793	0.8546400923529565	2.703263770377286
GMNN-G	-0.15481404887643746	0.8565744436555055	2.680249065631743
POLB-G	-0.15481404887643746	0.8565744436555055	2.6517357776994905
PCNA-G	0.1547192481660176	0.8566556513705053	2.624071521566495
RRM2-G	0.1376800868672503	0.8713774122380047	2.641362780846452
TOP2A-G	0.13315672732692435	0.8753278935567314	2.5729335053031193
NBN-G	-0.13315672732692435	0.8753278935567314	2.497258990441263
PLRG1-G	-0.13315672732692435	0.8753278935567314	2.3156401547728076
USP7-G	-0.13315672732692435	0.8753278935567314	2.2149601480435552
LRWD1-G	-0.13315672732692435	0.8753278935567314	2.195865664008697
GTF2H3-G	0.13315672732692435	0.8753278935567314	2.1586476019068543
RRM1-G	-0.13315672732692435	0.8753278935567314	2.140507706092511
NUDT18-G	0.13315672732692435	0.8753278935567314	2.105127413429825
POLK-G	-0.13315672732692435	0.8753278935567314	2.087872270696794
TERF2IP-G	0.13315672732692435	0.8753278935567314	2.0056725750000695
MORF4L1-G	0.13315672732692435	0.8753278935567314	1.9593878232692987
DUT-G	-0.13315672732692435	0.8753278935567314	1.9444306643130445
WRN-G	0.13315672732692435	0.8753278935567314	1.9297001289773397
MGMT-G	-0.13315672732692435	0.8753278935567314	1.9008986345149912
PRIM1-G	0.13315672732692435	0.8753278935567314	1.8729442428309473
MMS22L-G	-0.13315672732692435	0.8753278935567314	1.7938057536972454
RFC2-G	0.13315672732692435	0.8753278935567314	1.7446603905822522
UBE2T-G	0.13315672732692435	0.8753278935567314	2.625983680670194
USP10-G	0.13315672732692435	0.8753278935567314	2.5991879288266206
ATRIP-G	-0.13315672732692435	0.8753278935567314	2.4259087335715126
POLA1-G	0.13315672732692435	0.8753278935567314	2.358522379861193
TDP2-G	-0.13315672732692435	0.8753278935567314	2.2343896230263933
KDM4A-G	0.13315672732692435	0.8753278935567314	2.1770975814103317
ABL1-G	-0.13315672732692435	0.8753278935567314	2.021590611309594
TREX1-G	-0.13315672732692435	0.8753278935567314	1.9900032580078815
TCEA1-G	-0.13315672732692435	0.8753278935567314	1.8868179038889543
CDK1-G	0.13315672732692435	0.8753278935567314	1.8592731169708674
SUMO2-G	-0.13315672732692435	0.8753278935567314	1.8194315501786344
TP53BP1-G	-0.13315672732692435	0.8753278935567314	1.7812616575175442
IDH1-G	-0.13315672732692435	0.8753278935567314	1.7566925312069575
XRCC6-G	0.13315672732692435	0.8753278935567314	1.7095330001678444
ATR-G	-0.13315672732692435	0.8753278935567314	1.6981361135000588
PPP5C-G	0.13315672732692435	0.8753278935567314	1.6868901789735684
GTF2H4-G	0.13315672732692435	0.8753278935567314	2.5472041702500885
CUL4B-G	0.13315672732692435	0.8753278935567314	2.3805646450935405
CCNA2-G	0.13315672732692435	0.8753278935567314	2.336884559862466
DTYMK-G	-0.13315672732692435	0.8753278935567314	2.2947785317568363
FANCD2-G	-0.13315672732692435	0.8753278935567314	2.274289437723293
GTF2H2-G	0.13315672732692435	0.8753278935567314	2.254162982522202
DGUOK-G	-0.13315672732692435	0.8753278935567314	2.1226701418750737
AURKA-G	0.13315672732692435	0.8753278935567314	2.070897699390316
PIAS4-G	-0.13315672732692435	0.8753278935567314	2.0377633362000704
MLH1-G	0.13315672732692435	0.8753278935567314	1.974576876162859
COPS6-G	0.13315672732692435	0.8753278935567314	1.915191105451194
RMI2-G	-0.13315672732692435	0.8753278935567314	1.8458001233696293
MNAT1-G	0.13315672732692435	0.8753278935567314	1.8065277803192115
PLK1-G	0.13315672732692435	0.8753278935567314	1.7327919525510804
PPP4C-G	0.13315672732692435	0.8753278935567314	2.5219843269802853
ERCC6-G	-0.13315672732692435	0.8753278935567314	2.4730137575243574
RIF1-G	0.13315672732692435	0.8753278935567314	2.4492347790866233
INO80E-G	0.13315672732692435	0.8753278935567314	2.4030228021227247
CDC25C-G	0.13315672732692435	0.8753278935567314	2.054196911492007
WEE1-G	-0.13315672732692435	0.8753278935567314	1.8325209857914304
RAD50-G	-0.13315672732692435	0.8753278935567314	1.7688917848958947
MAPK8-G	-0.13315672732692435	0.8753278935567314	1.7210838988176271
RBX1-G	-0.12740613599690512	0.8803760475761417	1.6854567752937977
DDX11-G	0.12531649132170297	0.8822176441672614	1.6146247449853655
TERF2-G	0.12531649132170297	0.8822176441672614	1.635193213074351
POLG-G	-0.12531649132170297	0.8822176441672614	1.5945672947371001
MCM7-G	0.12531649132170297	0.8822176441672614	1.6670476263160592
PRKDC-G	0.12531649132170297	0.8822176441672614	1.6456752208504686
RNMT-G	-0.12531649132170297	0.8822176441672614	1.624843888940969
ORC2-G	-0.12531649132170297	0.8822176441672614	1.604533340329207
ABRAXAS1-G	-0.12531649132170297	0.8822176441672614	1.677943362435772
RBBP8-G	-0.12531649132170297	0.8822176441672614	1.6562924803398265
UBA7-G	-0.11656280367311428	0.8899742015726418	1.59865736208419
PKMYT1-G	-0.1102996344377521	0.8955657527494143	1.5988321107366843
NUDT16-G	-0.08003763011913503	0.9230816100621159	1.637907003219974
POLD1-G	0.08003763011913503	0.9230816100621159	1.6181731839040707
NUDT1-G	0.08003763011913503	0.9230816100621159	1.6279802941095498
RECQL5-G	-0.07661444878741078	0.9262469003877642	1.6139990898972418
ACTB-G	0.07657666820836483	0.9262818951930583	1.6044525684594044
SIRT6-G	-0.07657666820836483	0.9262818951930583	1.5855766558892936
FANCL-G	0.07657666820836483	0.9262818951930583	1.594958766279171
WDHD1-G	0.0703587327613538	0.9320593996835954	1.5861361713913817
APEX1-G	-0.0703587327613538	0.9320593996835954	1.5769144494646876
MCM5-G	0.06656839838783828	0.9355989202099506	1.5737530970005527
NSD2-G	0.03590610684400657	0.9647308708569078	1.5950947921554557
FANCI-G	0.03590610684400657	0.9647308708569078	1.5683613598846937
PARP2-G	-0.03590610684400657	0.9647308708569078	1.5510314001069623
MCM6-G	0.03590610684400657	0.9647308708569078	1.5425092495569241
VCP-G	0.03590610684400657	0.9647308708569078	1.5174955860505956
MTOR-G	-0.03590610684400657	0.9647308708569078	1.477561491680843
PIAS3-G	-0.03590610684400657	0.9647308708569078	1.447096306285362
ALKBH5-G	-0.03590610684400657	0.9647308708569078	1.4396752995864626
SMARCA4-G	-0.03590610684400657	0.9647308708569078	1.362799434074564
UBE2V2-G	0.03590610684400657	0.9647308708569078	1.3562158619292763
APLF-G	0.03590610684400657	0.9647308708569078	1.613429215053794
RFC4-G	0.03590610684400657	0.9647308708569078	1.604209619539201
DHFR-G	0.03590610684400657	0.9647308708569078	1.5771723787604506
POLE-G	-0.03590610684400657	0.9647308708569078	1.5596482412186676
NPLOC4-G	0.03590610684400657	0.9647308708569078	1.5340802372642632
MSH2-G	0.03590610684400657	0.9647308708569078	1.5257428446704357
XRCC4-G	0.03590610684400657	0.9647308708569078	1.4698255676406293
LIG3-G	-0.03590610684400657	0.9647308708569078	1.462170226142501
TK2-G	0.03590610684400657	0.9647308708569078	1.454594214608084
MCM3-G	0.03590610684400657	0.9647308708569078	1.4323300174457152
CLK2-G	-0.03590610684400657	0.9647308708569078	1.3966999175092547
RTEL1-G	-0.03590610684400657	0.9647308708569078	1.3897855614819812
RPA3-G	0.03590610684400657	0.9647308708569078	1.5093370076309687
POLD3-G	0.03590610684400657	0.9647308708569078	1.5012656867345464
SMARCA5-G	0.03590610684400657	0.9647308708569078	1.417862037471516
HLTF-G	-0.03590610684400657	0.9647308708569078	1.4107371026098503
ERCC3-G	0.03590610684400657	0.9647308708569078	1.403683417096801
CDC5L-G	-0.03590610684400657	0.9647308708569078	1.3829393271889665
TRIP13-G	0.03590610684400657	0.9647308708569078	1.369447236192001
RFC5-G	0.03590610684400657	0.9647308708569078	1.5860829571715265
ELL-G	0.03590610684400657	0.9647308708569078	1.4932802309540436
POLR2E-G	-0.03590610684400657	0.9647308708569078	1.485379277351112
XRCC5-G	0.03590610684400657	0.9647308708569078	1.4250593066972599
MCM2-G	0.03590610684400657	0.9647308708569078	1.376160212840001
FANCG-G	0.035482008050485125	0.9651400988257214	1.350268119030216
MCM4-G	0.035482008050485125	0.9651400988257214	1.343807506020502
FEN1-G	0.03459418306705721	0.9659973548082964	1.3385963345200678
MSH6-G	0.0321631367311451	0.9683485959683239	1.3291954784282183
BABAM2-G	-0.0321631367311451	0.9683485959683239	1.3354949830653189
RAD18-G	0.029450507458364736	0.9709789326672538	1.326548682658079
POLR2I-G	0.027350299156245168	0.9730203336160714	1.304833719273165
PNKP-G	-0.027350299156245168	0.9730203336160714	1.2988482434966826
PPP4R2-G	-0.027350299156245168	0.9730203336160714	1.2754455724426883
POLM-G	0.027350299156245168	0.9730203336160714	1.269726085570748
REV3L-G	-0.027350299156245168	0.9730203336160714	1.2528713145233485
RPA2-G	0.027350299156245168	0.9730203336160714	1.2418812152731438
RAD9A-G	0.027350299156245168	0.9730203336160714	1.2204694701822276
PARP4-G	0.027350299156245168	0.9730203336160714	1.155709865641946
GPS1-G	0.027350299156245168	0.9730203336160714	1.1417295043640194
POLE3-G	0.027350299156245168	0.9730203336160714	1.114759516071956
BAZ1B-G	0.027350299156245168	0.9730203336160714	1.1060504573526437
COPS5-G	-0.027350299156245168	0.9730203336160714	1.0974764227995224
POLQ-G	-0.027350299156245168	0.9730203336160714	1.093239062093733
ORC1-G	-0.027350299156245168	0.9730203336160714	1.0766118520238661
HERC2-G	0.027350299156245168	0.9730203336160714	1.072533776826806
ERCC2-G	-0.027350299156245168	0.9730203336160714	1.0525982047668283
ERCC4-G	-0.027350299156245168	0.9730203336160714	1.0333902083294773
RAD51C-G	0.027350299156245168	0.9730203336160714	1.014870670545795
ERCC5-G	-0.027350299156245168	0.9730203336160714	1.3231257807583028
EYA3-G	0.027350299156245168	0.9730203336160714	1.2364581531977152
POLD4-G	0.027350299156245168	0.9730203336160714	1.2310822481838122
UBA52-G	-0.027350299156245168	0.9730203336160714	1.2152314037865957
TRIM25-G	-0.027350299156245168	0.9730203336160714	1.210038107189217
ETAA1-G	-0.027350299156245168	0.9730203336160714	1.1510118580580357
PMS2-G	-0.027350299156245168	0.9730203336160714	1.1463518910213635
UBE2A-G	-0.027350299156245168	0.9730203336160714	1.1371442453103486
RUVBL2-G	0.027350299156245168	0.9730203336160714	1.1280833349891506
RCHY1-G	0.027350299156245168	0.9730203336160714	1.1236068138185586
TOP1-G	0.027350299156245168	0.9730203336160714	1.0890342964702953
BRIP1-G	0.027350299156245168	0.9730203336160714	1.0684864795557616
TOPBP1-G	-0.027350299156245168	0.9730203336160714	1.0604828355141453
CUL4A-G	-0.027350299156245168	0.9730203336160714	1.0565258100084955
MCRS1-G	0.027350299156245168	0.9730203336160714	1.0371755204479003
MPG-G	-0.027350299156245168	0.9730203336160714	1.0221982566147176
PARG-G	-0.027350299156245168	0.9730203336160714	1.3108746161216518
DYNLL1-G	-0.027350299156245168	0.9730203336160714	1.2929174295994375
YWHAE-G	-0.027350299156245168	0.9730203336160714	1.2870405321921672
TOP2B-G	0.027350299156245168	0.9730203336160714	1.281216819376818
HUS1-G	-0.027350299156245168	0.9730203336160714	1.2473520576311754
STK19-G	0.027350299156245168	0.9730203336160714	1.2048890088607522
PARP1-G	0.027350299156245168	0.9730203336160714	1.1997835469588
PPIE-G	-0.027350299156245168	0.9730203336160714	1.1947211691235309
POLR2J-G	-0.027350299156245168	0.9730203336160714	1.189701332278474
WDR48-G	0.027350299156245168	0.9730203336160714	1.1700368474474248
PRIM2-G	-0.027350299156245168	0.9730203336160714	1.1652218809970238
RFC1-G	0.027350299156245168	0.9730203336160714	1.119165680167102
ERCC1-G	0.027350299156245168	0.9730203336160714	1.1103879101265757
RPA1-G	-0.027350299156245168	0.9730203336160714	1.101746759075007
RRM2B-G	0.027350299156245168	0.9730203336160714	1.0848617512730911
PRPF19-G	0.027350299156245168	0.9730203336160714	1.0409886657436647
RFC3-G	0.027350299156245168	0.9730203336160714	1.0259018734865102
CIB1-G	-0.027350299156245168	0.9730203336160714	1.0112461324367028
UFD1-G	0.027350299156245168	0.9730203336160714	1.0076473917518747
ATM-G	0.027350299156245168	0.9730203336160714	1.316971707359427
SLX4-G	-0.027350299156245168	0.9730203336160714	1.2640576655458786
POLR2C-G	-0.027350299156245168	0.9730203336160714	1.2584396314767858
ACTL6A-G	-0.027350299156245168	0.9730203336160714	1.225752887802064
BRCA2-G	0.027350299156245168	0.9730203336160714	1.1847235024363045
TDP1-G	-0.027350299156245168	0.9730203336160714	1.1797871545094867
EYA2-G	0.027350299156245168	0.9730203336160714	1.1748917721256298
CDK2-G	0.027350299156245168	0.9730203336160714	1.160446381484741
SMARCAL1-G	-0.027350299156245168	0.9730203336160714	1.1325956683291072
RUVBL1-G	0.027350299156245168	0.9730203336160714	1.080721057565942
NUDT5-G	0.027350299156245168	0.9730203336160714	1.064469613091266
SUMO1-G	0.027350299156245168	0.9730203336160714	1.0486996928973216
JMJD6-G	-0.027350299156245168	0.9730203336160714	1.0448299523331248
TINF2-G	-0.027350299156245168	0.9730203336160714	1.0296324257537337
MDC1-G	0.027350299156245168	0.9730203336160714	1.0185212844686216
POLR2K-G	0.024711839024153165	0.9755909987815073	1.0067268817213426
POLD2-G	0.024711839024153165	0.9755909987815073	1.0031695429166736
MEN1-G	-0.024711839024153165	0.9755909987815073	0.9996372557937276
POLR2F-G	0.020533215502163776	0.9796761554986256	1.0003009166670178
YWHAB-G	0.018415652439372644	0.9817528795600736	0.9989163914404945
NUDT15-G	-0.013658303677938416	0.9864345477400759	1.0001827644333174
ALKBH3-G	0.013560661044891835	0.9865308705091732	0.9899327010971358
POLR2D-G	-0.013560661044891835	0.9865308705091732	0.9933580737652921
POLR2A-G	-0.013560661044891835	0.9865308705091732	0.9968072337436438
NABP2-G	0.003727851485414759	0.996279088326726	0.996279088326726

Data type: org.panda.causalpath.data.RNAData
Row ID	Change amount	P-value	Q-value
NUDT16-R	-0.8375525373511978	0.4327684128546254	164.01922847190303
PAXIP1-R	-0.8375525373511978	0.4327684128546254	82.00961423595152
NABP2-R	-0.8375525373511978	0.4327684128546254	54.67307615730101
RBBP8-R	-0.8375525373511978	0.4327684128546254	41.00480711797576
XPA-R	-0.8375525373511978	0.4327684128546254	32.803845694380605
KDM4B-R	-0.8375525373511978	0.4327684128546254	27.336538078650506
GADD45G-R	-0.6449156501755164	0.524706799166444	28.40912526915461
PTEN-R	-0.62461281250113	0.5354687151795523	22.549182561450035
RAD51D-R	-0.62461281250113	0.5354687151795523	20.29426430530503
ORC6-R	0.62461281250113	0.5354687151795523	25.36783038163129
APBB1-R	-0.5961732754399849	0.5509158105409446	17.399757682918167
ALKBH5-R	-0.5961732754399849	0.5509158105409446	16.061314784232156
CDK6-R	0.5961732754399849	0.5509158105409446	18.98155383591073
RAD50-R	-0.5961732754399849	0.5509158105409446	14.914078013929858
DGUOK-R	0.45476350120987574	0.6345980318693132	16.034176938564645
SMUG1-R	-0.42694820397751865	0.6524973481199587	15.456030933591522
MDM2-R	-0.42694820397751865	0.6524973481199587	14.546852643380257
BAP1-R	-0.3979488596350064	0.671696377581583	12.122520338258093
ACTB-R	0.3979488596350064	0.671696377581583	10.607205295975831
ERCC4-R	-0.3979488596350064	0.671696377581583	8.778376796669653
H2BC21-R	-0.3979488596350064	0.671696377581583	8.485764236780664
APLF-R	0.3979488596350064	0.671696377581583	14.142940394634442
ATRIP-R	-0.3979488596350064	0.671696377581583	12.728646355170998
POLK-R	-0.3979488596350064	0.671696377581583	11.068388134931302
TERF2-R	0.3979488596350064	0.671696377581583	10.182917084136797
PMS2-R	-0.3979488596350064	0.671696377581583	9.791266427054612
H2BC5-R	-0.3979488596350064	0.671696377581583	8.212029906561934
XRCC3-R	-0.3979488596350064	0.671696377581583	11.571496686519088
RNMT-R	-0.3979488596350064	0.671696377581583	9.091890253693569
NEIL1-R	-0.3979488596350064	0.671696377581583	13.398575110706313
RBX1-R	0.3979488596350064	0.671696377581583	9.428626929756295
POLL-R	-0.35755821609053007	0.6993819824727571	8.283305354911716
RFC3-R	0.35755821609053007	0.6993819824727571	8.032296101732573
PPP4R2-R	-0.21089166871375103	0.8098617954993038	9.027577073359888
RNF111-R	-0.1752591237677859	0.8392395256833813	8.155686672666706
TOPBP1-R	-0.1752591237677859	0.8392395256833813	7.5731376246190845
UFD1-R	0.1752591237677859	0.8392395256833813	9.087765149542902
CCNA2-R	0.1752591237677859	0.8392395256833813	8.596534600918961
EXO1-R	0.1752591237677859	0.8392395256833813	8.370310006157936
PRIM2-R	0.1752591237677859	0.8392395256833813	7.951794505850039
RFC5-R	-0.1752591237677859	0.8392395256833813	8.835327228722266
LIG4-R	0.1752591237677859	0.8392395256833813	7.7578482983902814
XPC-R	-0.1752591237677859	0.8392395256833813	7.39701814497678
ATRX-R	-0.17310509608292546	0.8410492192212	7.244492138291701
VCP-R	0.1391162104474705	0.8701269047455928	7.169089063012602
YY1-R	-0.1391162104474705	0.8701269047455928	6.8703770187204105
ERCC6-R	-0.1391162104474705	0.8701269047455928	7.328402153301771
CUL5-R	-0.1391162104474705	0.8701269047455928	7.01655525316127
TICRR-R	0.09685893005219022	0.9076840440426306	7.020658218207286
CETN2-R	-0.09612464338701382	0.9083507890934066	6.885298981328023
KPNA2-R	0.06766759374238383	0.9345710792256446	6.811585365894602
MCM10-R	0.06766759374238383	0.9345710792256446	6.325043554044988
CDC45-R	0.06766759374238383	0.9345710792256446	6.683064887292817
LIG3-R	-0.06766759374238383	0.9345710792256446	6.440044345936714
SLX1A-R	0.06766759374238383	0.9345710792256446	6.945145863265084
POLR2L-R	-0.06766759374238383	0.9345710792256446	6.559304426417024
DNTT-R	0.0654447283318577	0.9366508155819842	6.227906300097754
H2AZ1-R	0.055125802744809806	0.946366085013329	5.6932181939690745
FAAP100-R	-0.055125802744809806	0.946366085013329	5.9778791036675285
RRM2-R	0.055125802744809806	0.946366085013329	6.079199088475453
SMARCA5-R	0.055125802744809806	0.946366085013329	5.879881085574618
GINS4-R	0.055125802744809806	0.946366085013329	5.785044293871802
TERF1-R	-0.055125802744809806	0.946366085013329	6.18401286586296
CHEK2-R	0.049216091428962966	0.9519753937472452	5.637479284846967
TTK-R	0.045339170147126386	0.9556732910075669	5.174288247026684
PLK4-R	0.045339170147126386	0.9556732910075669	5.030558017942609
CCNA1-R	0.045339170147126386	0.9556732910075669	4.765791806471945
USP7-R	-0.045339170147126386	0.9556732910075669	4.703898406387895
POLM-R	-0.045339170147126386	0.9556732910075669	4.261178556374916
MCM6-R	0.045339170147126386	0.9556732910075669	4.069664913391774
PLRG1-R	0.045339170147126386	0.9556732910075669	3.936958448824651
H4C1-R	0.045339170147126386	0.9556732910075669	3.8946255622781494
PARP2-R	0.045339170147126386	0.9556732910075669	3.8126334451775565
DNPH1-R	-0.045339170147126386	0.9556732910075669	3.7340224463079164
AURKB-R	0.045339170147126386	0.9556732910075669	3.5165065756492027
GMNN-R	0.045339170147126386	0.9556732910075669	3.449525498017789
YWHAB-R	-0.045339170147126386	0.9556732910075669	3.3537053452950727
USP37-R	-0.045339170147126386	0.9556732910075669	3.3229374063474117
EYA4-R	0.045339170147126386	0.9556732910075669	3.205311303467857
MTOR-R	0.045339170147126386	0.9556732910075669	3.0957280110416057
WRN-R	-0.045339170147126386	0.9556732910075669	3.0694930278971855
FANCE-R	0.045339170147126386	0.9556732910075669	2.897601418334943
PRIM1-R	-0.045339170147126386	0.9556732910075669	2.874604581681491
GPS1-R	-0.045339170147126386	0.9556732910075669	2.8519698999359675
BRCA1-R	-0.045339170147126386	0.9556732910075669	2.807753312340061
ORC1-R	0.045339170147126386	0.9556732910075669	2.6246389658831006
CENPX-R	-0.045339170147126386	0.9556732910075669	2.6057566711645173
KAT5-R	-0.045339170147126386	0.9556732910075669	2.587144123513342
BLM-R	0.045339170147126386	0.9556732910075669	2.5507054738863935
BRCC3-R	-0.045339170147126386	0.9556732910075669	2.532868372670405
PLK2-R	0.045339170147126386	0.9556732910075669	2.463946784298421
EME2-R	-0.045339170147126386	0.9556732910075669	2.4308736730997844
MSH6-R	0.045339170147126386	0.9556732910075669	2.277988536426842
RMI1-R	-0.045339170147126386	0.9556732910075669	2.2358035635300486
PIAS1-R	-0.045339170147126386	0.9556732910075669	2.222086977250723
RAD51C-R	-0.045339170147126386	0.9556732910075669	2.168863337077053
ERCC5-R	0.045339170147126386	0.9556732910075669	5.48788147411921
ACD-R	0.045339170147126386	0.9556732910075669	5.326473195468645
POLE-R	-0.045339170147126386	0.9556732910075669	4.363857557733348
POLA1-R	-0.045339170147126386	0.9556732910075669	4.16322042864216
RAD54L-R	0.045339170147126386	0.9556732910075669	4.024446414354087
TREX1-R	-0.045339170147126386	0.9556732910075669	3.292728884471526
CDC6-R	0.045339170147126386	0.9556732910075669	3.263064660287098
ABL1-R	-0.045339170147126386	0.9556732910075669	3.0436989688392257
SETMAR-R	-0.045339170147126386	0.9556732910075669	3.0183348107655656
CENPS-R	-0.045339170147126386	0.9556732910075669	2.9933898949741145
ETAA1-R	-0.045339170147126386	0.9556732910075669	2.968853912228425
DTL-R	-0.045339170147126386	0.9556732910075669	2.786155209937445
FANCM-R	-0.045339170147126386	0.9556732910075669	2.7648868495562433
XRCC6-R	0.045339170147126386	0.9556732910075669	2.7029863977005064
TP53BP1-R	-0.045339170147126386	0.9556732910075669	2.6437969145391818
RTEL1-R	-0.045339170147126386	0.9556732910075669	2.398676670807072
MPG-R	-0.045339170147126386	0.9556732910075669	2.3828959032359727
TOP1-R	-0.045339170147126386	0.9556732910075669	2.367321420208287
PPP5C-R	0.045339170147126386	0.9556732910075669	2.3519492031939473
DBF4-R	0.045339170147126386	0.9556732910075669	2.307007498674318
MCRS1-R	-0.045339170147126386	0.9556732910075669	2.263751108074174
CDC25B-R	0.045339170147126386	0.9556732910075669	2.1951525896476842
POLG-R	0.045339170147126386	0.9556732910075669	2.155953436261118
TOP2B-R	-0.045339170147126386	0.9556732910075669	5.405972795401013
PARG-R	-0.045339170147126386	0.9556732910075669	5.249277931766201
TIMELESS-R	-0.045339170147126386	0.9556732910075669	4.961646264272162
AEN-R	0.045339170147126386	0.9556732910075669	4.643592016562408
MCM7-R	0.045339170147126386	0.9556732910075669	4.584812370783138
POLG2-R	-0.045339170147126386	0.9556732910075669	4.471607127060097
CUL4B-R	-0.045339170147126386	0.9556732910075669	4.417075332827657
UBE2N-R	-0.045339170147126386	0.9556732910075669	4.115911105589408
RAD9B-R	-0.045339170147126386	0.9556732910075669	3.9802217284820647
PRKDC-R	0.045339170147126386	0.9556732910075669	3.853193375445403
YWHAG-R	0.045339170147126386	0.9556732910075669	3.6959201764476313
DCLRE1A-R	-0.045339170147126386	0.9556732910075669	3.5861403692264147
POLR2J-R	-0.045339170147126386	0.9556732910075669	3.55098213031243
PPIE-R	0.045339170147126386	0.9556732910075669	3.385048385905307
WDR48-R	-0.045339170147126386	0.9556732910075669	3.2339301543916776
BRCA2-R	0.045339170147126386	0.9556732910075669	3.1495667590597205
RFC1-R	-0.045339170147126386	0.9556732910075669	3.1224153214816197
POLE4-R	0.045339170147126386	0.9556732910075669	2.9447168885517714
PLK1-R	0.045339170147126386	0.9556732910075669	2.9209691717086117
PARP3-R	-0.045339170147126386	0.9556732910075669	2.743940737059605
ERCC3-R	-0.045339170147126386	0.9556732910075669	2.682964276236058
POLD1-R	0.045339170147126386	0.9556732910075669	2.5152790089713046
DDB2-R	-0.045339170147126386	0.9556732910075669	2.4979322571852958
RRM2B-R	-0.045339170147126386	0.9556732910075669	2.4146678486124524
MNAT1-R	-0.045339170147126386	0.9556732910075669	2.3367753373668894
TRIP13-R	0.045339170147126386	0.9556732910075669	2.292406185391569
PLK3-R	0.045339170147126386	0.9556732910075669	2.2085376664138283
RAD1-R	-0.045339170147126386	0.9556732910075669	5.57231041987489
INO80E-R	-0.045339170147126386	0.9556732910075669	5.101410947772787
RPS27A-R	0.045339170147126386	0.9556732910075669	4.894596990430647
MRE11-R	-0.045339170147126386	0.9556732910075669	4.829335697224905
FANCA-R	0.045339170147126386	0.9556732910075669	4.527502216148348
SLX4-R	-0.045339170147126386	0.9556732910075669	4.311906872522236
EYA2-R	-0.045339170147126386	0.9556732910075669	4.211629968510092
POLR2C-R	0.045339170147126386	0.9556732910075669	3.772918513456957
FTO-R	-0.045339170147126386	0.9556732910075669	3.658587649412807
FAN1-R	-0.045339170147126386	0.9556732910075669	3.622001772918679
BABAM1-R	-0.045339170147126386	0.9556732910075669	3.4826940124218067
CLSPN-R	0.045339170147126386	0.9556732910075669	3.416982804640263
RNASEH2C-R	-0.045339170147126386	0.9556732910075669	3.177194537647964
GTF2H2-R	0.045339170147126386	0.9556732910075669	2.8296888850927178
CCNH-R	-0.045339170147126386	0.9556732910075669	2.7233096036982545
ASCC1-R	0.045339170147126386	0.9556732910075669	2.6632365977343224
RFWD3-R	0.045339170147126386	0.9556732910075669	2.5687955836302687
UBE2B-R	-0.045339170147126386	0.9556732910075669	2.480823132136081
RAD17-R	-0.045339170147126386	0.9556732910075669	2.4472984952153234
H2BC4-R	-0.045339170147126386	0.9556732910075669	2.321796008281204
UNG-R	-0.045339170147126386	0.9556732910075669	2.249690542185515
PER1-R	0.045339170147126386	0.9556732910075669	2.181928778866674
DCLRE1B-R	-0.04475505076463694	0.9562316813676114	2.1070453909204927
POLR2I-R	0.04475505076463694	0.9562316813676114	2.0828264783811767
RRM1-R	-0.04475505076463694	0.9562316813676114	2.070924612790427
GTF2H5-R	0.04475505076463694	0.9562316813676114	2.0591579956722996
MCM8-R	-0.04475505076463694	0.9562316813676114	2.047524334679801
FANCI-R	0.04475505076463694	0.9562316813676114	1.9696293871648083
FEN1-R	0.04475505076463694	0.9562316813676114	1.9175227896207658
NUDT18-R	-0.04475505076463694	0.9562316813676114	1.8974440169545799
GTF2H3-R	-0.04475505076463694	0.9562316813676114	1.8777813846545324
RPA2-R	0.04475505076463694	0.9562316813676114	1.8585220884016653
FANCG-R	-0.04475505076463694	0.9562316813676114	1.794117857615469
H2BC9-R	0.04475505076463694	0.9562316813676114	1.734027785829305
TERF2IP-R	0.04475505076463694	0.9562316813676114	1.6778324409181702
SAMHD1-R	0.04475505076463694	0.9562316813676114	1.662439482744609
MGMT-R	-0.04475505076463694	0.9562316813676114	1.654848434878195
ERCC2-R	0.04475505076463694	0.9562316813676114	1.6179098537425212
DDB1-R	0.04475505076463694	0.9562316813676114	1.6035920674262156
DNA2-R	0.04475505076463694	0.9562316813676114	1.596527785190858
SOD1-R	-0.04475505076463694	0.9562316813676114	1.5825843110843876
POLD2-R	-0.04475505076463694	0.9562316813676114	1.5554154817095482
POLQ-R	0.04475505076463694	0.9562316813676114	1.522738685875314
MMS22L-R	0.04475505076463694	0.9562316813676114	1.516367394302614
POLE3-R	-0.04475505076463694	0.9562316813676114	1.5100491968263532
RECQL4-R	-0.04475505076463694	0.9562316813676114	1.4975694513980362
DDX11-R	0.04475505076463694	0.9562316813676114	1.4914066141494846
HMGN1-R	0.04475505076463694	0.9562316813676114	1.4672542803171043
MORF4L1-R	0.04475505076463694	0.9562316813676114	1.426818138733562
ALKBH3-R	0.04475505076463694	0.9562316813676114	1.415671122024706
UBE2V2-R	0.04475505076463694	0.9562316813676114	1.4101626740790847
USP10-R	0.04475505076463694	0.9562316813676114	2.1318341602254396
MPLKIP-R	-0.04475505076463694	0.9562316813676114	2.02464696781187
EYA1-R	-0.04475505076463694	0.9562316813676114	1.9912736661446415
RAD51-R	0.04475505076463694	0.9562316813676114	1.9589827418287824
TP53-R	0.04475505076463694	0.9562316813676114	1.9074305644122356
UBXN1-R	-0.04475505076463694	0.9562316813676114	1.8681020991666224
NPLOC4-R	-0.04475505076463694	0.9562316813676114	1.8396538438493641
UBA52-R	0.04475505076463694	0.9562316813676114	1.8211648604940942
MSH2-R	0.04475505076463694	0.9562316813676114	1.8120590361916238
WDHD1-R	-0.04475505076463694	0.9562316813676114	1.8030438171060932
SMARCC1-R	-0.04475505076463694	0.9562316813676114	1.6473263965378397
XRCC4-R	-0.04475505076463694	0.9562316813676114	1.632485618190652
OGG1-R	-0.04475505076463694	0.9562316813676114	1.62516505488038
CDK1-R	0.04475505076463694	0.9562316813676114	1.5757035097318468
POLR2D-R	0.04475505076463694	0.9562316813676114	1.5621198587858824
PCNA-R	0.04475505076463694	0.9562316813676114	1.5487684070013878
H2BC3-R	0.04475505076463694	0.9562316813676114	1.5356432510098506
CLK2-R	-0.04475505076463694	0.9562316813676114	1.503783432524169
BRIP1-R	-0.04475505076463694	0.9562316813676114	1.4732187286110763
CUL4A-R	0.04475505076463694	0.9562316813676114	1.4613379324125997
CHTF18-R	-0.04475505076463694	0.9562316813676114	1.4554691053747981
TIPIN-R	0.04475505076463694	0.9562316813676114	2.144448563540383
DYNLL1-R	-0.04475505076463694	0.9562316813676114	2.013398929101804
POLN-R	-0.04475505076463694	0.9562316813676114	2.002275178112291
POLR2H-R	-0.04475505076463694	0.9562316813676114	1.9803923892804631
XRCC1-R	-0.04475505076463694	0.9562316813676114	1.9380310547503996
APTX-R	-0.04475505076463694	0.9562316813676114	1.9277223789272593
H2BC15-R	0.04475505076463694	0.9562316813676114	1.8490398328485955
STK19-R	-0.04475505076463694	0.9562316813676114	1.830362662819822
H3-4-R	0.04475505076463694	0.9562316813676114	1.7765284668545331
MCM5-R	0.04475505076463694	0.9562316813676114	1.7678624743332914
FAAP20-R	-0.04475505076463694	0.9562316813676114	1.7592806176617706
GTF2H4-R	0.04475505076463694	0.9562316813676114	1.7507816774798297
PARP1-R	0.04475505076463694	0.9562316813676114	1.7423644578765614
ERCC1-R	-0.04475505076463694	0.9562316813676114	1.7094896567845506
AURKA-R	0.04475505076463694	0.9562316813676114	1.6856363127363942
MLH1-R	-0.04475505076463694	0.9562316813676114	1.6398724309426458
RECQL5-R	-0.04475505076463694	0.9562316813676114	1.5895254703435295
RPA1-R	-0.04475505076463694	0.9562316813676114	1.5688822824169901
NHEJ1-R	0.04475505076463694	0.9562316813676114	1.5291637436216234
FAAP24-R	-0.04475505076463694	0.9562316813676114	1.449647228953299
CDK7-R	-0.04475505076463694	0.9562316813676114	1.4381420922155743
ATM-R	-0.04475505076463694	0.9562316813676114	2.1193672937913726
PPP4C-R	0.04475505076463694	0.9562316813676114	2.094865937793785
POLR2A-R	-0.04475505076463694	0.9562316813676114	2.0360213889793526
MBD4-R	0.04475505076463694	0.9562316813676114	1.948450576550133
CDK4-R	0.04475505076463694	0.9562316813676114	1.8875614960329414
DCTPP1-R	-0.04475505076463694	0.9562316813676114	1.785279838612437
ACTL6A-R	0.04475505076463694	0.9562316813676114	1.7257705106586891
ELL-R	0.04475505076463694	0.9562316813676114	1.7175915034991693
UIMC1-R	-0.04475505076463694	0.9562316813676114	1.7014638837480034
UBB-R	0.04475505076463694	0.9562316813676114	1.693513117936097
POLR2E-R	-0.04475505076463694	0.9562316813676114	1.6701004941858284
TREX2-R	0.04475505076463694	0.9562316813676114	1.6107191432814434
RNF4-R	0.04475505076463694	0.9562316813676114	1.5421779031418075
BOD1L1-R	-0.04475505076463694	0.9562316813676114	1.4852942919603473
CDC25A-R	0.04475505076463694	0.9562316813676114	1.4792318662788766
POLH-R	0.04475505076463694	0.9562316813676114	1.4438717419853575
NFRKB-R	-0.04475505076463694	0.9562316813676114	1.4324577361198607
TINF2-R	-0.04475505076463694	0.9562316813676114	1.4212227734836265
H2AX-R	-0.04002052684499403	0.9607697173788474	1.4113632670022604
PIAS3-R	-0.03908356850116184	0.961670340439305	1.3858291217737513
EYA3-R	0.03908356850116184	0.961670340439305	1.3964485020172281
TDG-R	0.03908356850116184	0.961670340439305	1.3805797690397597
FANCF-R	-0.03908356850116184	0.961670340439305	1.4018194577942176
CHEK1-R	0.03908356850116184	0.961670340439305	1.3911185459026587
TOP3A-R	-0.03908356850116184	0.961670340439305	1.3753700340622512
MUS81-R	-0.03908356850116184	0.961670340439305	1.4072318881331913
POLD4-R	0.0320832809916703	0.9684259272491565	1.379824911381317
UBE2I-R	-0.021815372002880345	0.9784208622604162	1.3785186126271292
BARD1-R	-0.021815372002880345	0.9784208622604162	1.3734129881359176
YWHAE-R	-0.021815372002880345	0.9784208622604162	1.3888445947441863
PCLAF-R	0.021815372002880345	0.9784208622604162	1.3836623387936484
ORC2-R	-0.01886956270042298	0.981307352976419	1.372381870029752
PNKP-R	-0.01798564511540512	0.9821751312677677	1.3685454954061909
NBN-R	-0.01798564511540512	0.9821751312677677	1.353615908183578
UBA7-R	-0.01798564511540512	0.9821751312677677	1.3107196294031125
XRCC2-R	-0.01798564511540512	0.9821751312677677	1.2970187273536025
RAD9A-R	0.01798564511540512	0.9821751312677677	1.283601292243048
DUT-R	-0.01798564511540512	0.9821751312677677	1.2575823471300134
POLB-R	0.01798564511540512	0.9821751312677677	1.2125223933240519
RFC2-R	0.01798564511540512	0.9821751312677677	1.18172817381106
COPS5-R	0.01798564511540512	0.9821751312677677	1.1779885276914048
TYMS-R	-0.01798564511540512	0.9821751312677677	1.1705797948128425
SMARCA4-R	-0.01798564511540512	0.9821751312677677	1.156038430902124
TERT-R	-0.01798564511540512	0.9821751312677677	1.3635325082435308
DHFR-R	-0.01798564511540512	0.9821751312677677	1.3585561122280436
CDKN2D-R	-0.01798564511540512	0.9821751312677677	1.3247130774038574
TDP2-R	-0.01798564511540512	0.9821751312677677	1.301553757868825
USP1-R	-0.01798564511540512	0.9821751312677677	1.292515190105847
LIG1-R	0.01798564511540512	0.9821751312677677	1.2880428192058266
TRIM25-R	-0.01798564511540512	0.9821751312677677	1.2791902912387765
HELB-R	-0.01798564511540512	0.9821751312677677	1.2704586168958496
HRAS-R	-0.01798564511540512	0.9821751312677677	1.2661373290832787
H2BC17-R	0.01798564511540512	0.9821751312677677	1.2366922749185512
LRWD1-R	-0.01798564511540512	0.9821751312677677	1.216484884805503
RUVBL2-R	0.01798564511540512	0.9821751312677677	1.208585632306766
RCHY1-R	0.01798564511540512	0.9821751312677677	1.2046743519433136
UBC-R	0.01798564511540512	0.9821751312677677	1.196927250001556
SUMO2-R	0.01798564511540512	0.9821751312677677	1.1930909447130895
TK2-R	0.01798564511540512	0.9821751312677677	1.1892791525574566
TFPT-R	-0.01798564511540512	0.9821751312677677	1.1854916393327513
APEX1-R	0.01798564511540512	0.9821751312677677	1.1524593645525818
RAD18-R	-0.01798564511540512	0.9821751312677677	1.1383620022950578
POLR2F-R	-0.01798564511540512	0.9821751312677677	1.1314418685425043
DCLRE1C-R	-0.01798564511540512	0.9821751312677677	1.3390085422679279
HUS1-R	0.01798564511540512	0.9821751312677677	1.3153511475282118
RPA3-R	0.01798564511540512	0.9821751312677677	1.2748095025701505
RMI2-R	-0.01798564511540512	0.9821751312677677	1.2618453381372337
PIAS4-R	-0.01798564511540512	0.9821751312677677	1.2533480631329426
BABAM2-R	-0.01798564511540512	0.9821751312677677	1.2491421971492749
POLD3-R	-0.01798564511540512	0.9821751312677677	1.224488074837118
COPS6-R	-0.01798564511540512	0.9821751312677677	1.2204733598376523
HLTF-R	-0.01798564511540512	0.9821751312677677	1.1742724755535772
FANCB-R	0.01798564511540512	0.9821751312677677	1.1669102656754982
H2BC11-R	0.01798564511540512	0.9821751312677677	1.1596397967304795
EME1-R	0.01798564511540512	0.9821751312677677	1.1348913864344021
ABRAXAS1-R	-0.01798564511540512	0.9821751312677677	1.3487115027191448
GADD45A-R	0.01798564511540512	0.9821751312677677	1.3438425081244907
RAD23A-R	-0.01798564511540512	0.9821751312677677	1.3342092284963583
RNF8-R	0.01798564511540512	0.9821751312677677	1.3294441955374425
RIF1-R	-0.01798564511540512	0.9821751312677677	1.3200155132995883
NUDT1-R	0.01798564511540512	0.9821751312677677	1.3061206131595928
MEN1-R	-0.01798564511540512	0.9821751312677677	1.2449644640484412
MCM4-R	-0.01798564511540512	0.9821751312677677	1.240814582501613
CDC25C-R	0.01798564511540512	0.9821751312677677	1.2325972673857084
FANCL-R	0.01798564511540512	0.9821751312677677	1.2285292896055575
SMARCAL1-R	0.01798564511540512	0.9821751312677677	1.2007883056467223
SUMO1-R	0.01798564511540512	0.9821751312677677	1.1632636710952622
JMJD6-R	-0.01798564511540512	0.9821751312677677	1.1489023912051972
NUDT5-R	-0.01798564511540512	0.9821751312677677	1.145367306924566
SOX4-R	0.01798564511540512	0.9821751312677677	1.141853910277558
PRPF19-R	-0.017969725484168638	0.9821907672581264	1.1280312145176663
UBE2A-R	0.015994815038363835	0.9841324227309133	1.1268464900755775
TOP2A-R	0.014017097250114673	0.9860806848506354	1.1155957598757935
PKMYT1-R	0.014017097250114673	0.9860806848506354	1.1256764444529843
RHNO1-R	-0.014017097250114673	0.9860806848506354	1.1222960347098823
POLR2G-R	0.014017097250114673	0.9860806848506354	1.1189358669412899
UBE2T-R	-0.010482023057191413	0.9895727219002264	1.1162144690481721
POLR2K-R	-0.009442907137013498	0.9906015371062835	1.1042293604802396
RAD23B-R	-0.009442907137013498	0.9906015371062835	1.0913894841955858
ATAD5-R	-0.009442907137013498	0.9906015371062835	1.1107632620215429
IDH1-R	-0.009442907137013498	0.9906015371062835	1.107486674227969
POLE2-R	-0.009442907137013498	0.9906015371062835	1.0882260364153087
ERCC6L-R	0.009442907137013498	0.9906015371062835	1.085080874460351
RAD52-R	-0.009442907137013498	0.9906015371062835	1.1140592954400044
CDC7-R	-0.009442907137013498	0.9906015371062835	1.1009911512119692
RUVBL1-R	0.009442907137013498	0.9906015371062835	1.0977718788400044
MCM2-R	-0.009442907137013498	0.9906015371062835	1.0945713777355146
MDC1-R	-0.009442907137013498	0.9906015371062835	1.0819538402400042
EP300-R	-0.00412382395165275	0.99588466733414	1.0845985313782733
H2BC12-R	-0.0028910394257518424	0.9971131356043674	1.0797310811258722
BAZ1B-R	0.0028910394257518424	0.9971131356043674	1.0585598834567373
HERC2-R	-0.0028910394257518424	0.9971131356043674	1.038202962621031
RFC4-R	-0.0028910394257518424	0.9971131356043674	1.0353585709426172
CDA-R	-0.0028910394257518424	0.9971131356043674	1.082824866458611
RNF168-R	-0.0028910394257518424	0.9971131356043674	1.0766549241995877
POLR2B-R	0.0028910394257518424	0.9971131356043674	1.0705548963004399
CDT1-R	0.0028910394257518424	0.9971131356043674	1.0675307299267098
ATR-R	-0.0028910394257518424	0.9971131356043674	1.0645236011100148
TCEA1-R	0.0028910394257518424	0.9971131356043674	1.061533366275436
NUDT15-R	0.0028910394257518424	0.9971131356043674	1.043938890591313
SIRT6-R	-0.0028910394257518424	0.9971131356043674	1.0526626139110173
CHAF1A-R	0.0028910394257518424	0.9971131356043674	1.049738551094598
CIB1-R	-0.0028910394257518424	0.9971131356043674	1.0410630258789402
TDP1-R	0.0028910394257518424	0.9971131356043674	1.073596245437657
WEE1-R	0.0028910394257518424	0.9971131356043674	1.0556030122738973
MAPK8-R	-0.0028910394257518424	0.9971131356043674	1.0468306880721752
CDC5L-R	-0.0024812965061682475	0.9975217793654317	1.0329528808183022
ALKBH1-R	-0.0016875043817277749	0.9983139186532196	1.030956335611908
NSD2-R	-0.0016626745846298938	0.998338706893002	1.0281803530229559
PARP4-R	0.0016626745846298938	0.998338706893002	1.0116854810493257
REV3L-R	0.0016626745846298938	0.998338706893002	1.0036349334547685
KDM4A-R	-0.0016626745846298938	0.998338706893002	1.0198662261791045
GTF2H1-R	0.0016626745846298938	0.998338706893002	1.0171246503022788
FANCD2-R	0.0016626745846298938	0.998338706893002	1.0253939564022974
DTYMK-R	-0.0016626745846298938	0.998338706893002	1.022622621384994
GINS2-R	-0.0016626745846298938	0.998338706893002	1.0089876530998607
CDK2-R	-0.0016626745846298938	0.998338706893002	1.014397774564203
XRCC5-R	0.0016626745846298938	0.998338706893002	1.0063041752990631
MCM3-R	-4.701475803938736E-5	0.999952986347137	1.0025983646178966
FANCC-R	-3.725450519254146E-5	0.9999627461887479	0.999962746188748