Overall graph size pval = 0.3364
Gene	Downstream crowded pval	Downstream suggests activation pval	Downstream suggests inhibition pval
MYCN	7.0E-4	0.7055	1.0E-4
SRF	0.0017	2.0E-4	0.6619
E2F2	0.0068	1.0	2.0E-4
E2F3	0.0394	1.0	7.0E-4
FOXM1	0.001	0.1539	0.0028
SOX9	0.0119	0.0011	1.0
TFDP1	0.0288	0.8706	0.0015
MYC	0.3567	0.9995	0.0023
KLF5	0.0062	0.5463	0.0029
SP1	0.1129	0.0044	0.9226
KLF8	0.0046	0.1582	0.029
SPI1	0.1737	1.0	0.0054
ESR1	0.1273	0.0054	0.9543
STAT6	0.0253	0.0056	0.7253
STAT3	0.0059	0.0428	0.0679
NELFCD	0.088	1.0	0.0077
YBX1	0.0817	0.0102	0.8774
ATR	0.0767	1.0	0.0113
MYBL2	0.0755	1.0	0.0116
CEBPD	0.0123	0.0443	0.1791
HOXB7	0.0125	0.0419	0.1848
CTNNB1	0.039	0.0143	0.6147
RELA	0.016	0.0958	0.0721
E2F4	0.0476	0.0165	0.6908
CCNK	0.1173	1.0	0.0179
CCNH	0.1173	1.0	0.0179
SUPT4H1	0.1173	1.0	0.0179
CDK12	0.1173	1.0	0.0179
ELOA	0.1173	1.0	0.0179
ELOB	0.1173	1.0	0.0179
NELFA	0.1173	1.0	0.0179
ELOC	0.1173	1.0	0.0179
NELFE	0.1173	1.0	0.0179
RAD51D	0.1173	1.0	0.0179
CTDP1	0.1173	1.0	0.0179
GTF2H1	0.1173	1.0	0.0179
GTF2H2	0.1173	1.0	0.0179
GTF2H3	0.1173	1.0	0.0179
GTF2H4	0.1173	1.0	0.0179
GTF2H5	0.1173	1.0	0.0179
ELOA3D	0.1173	1.0	0.0179
TCEA1	0.1173	1.0	0.0179
ELOA3B	0.1173	1.0	0.0179
CCNT2	0.1173	1.0	0.0179
CCNT1	0.1173	1.0	0.0179
SUPT16H	0.1173	1.0	0.0179
GTF2F1	0.1173	1.0	0.0179
GTF2F2	0.1173	1.0	0.0179
ELOA2	0.1173	1.0	0.0179
ELOA3	0.1173	1.0	0.0179
SUPT5H	0.1173	1.0	0.0179
CDK9	0.1173	1.0	0.0179
CDK7	0.1173	1.0	0.0179
MNAT1	0.1173	1.0	0.0179
POLR2A	0.1173	1.0	0.0179
POLR2B	0.1173	1.0	0.0179
POLR2C	0.1173	1.0	0.0179
POLR2D	0.1173	1.0	0.0179
POLR2E	0.1173	1.0	0.0179
POLR2F	0.1173	1.0	0.0179
POLR2G	0.1173	1.0	0.0179
POLR2H	0.1173	1.0	0.0179
POLR2I	0.1173	1.0	0.0179
POLR2J	0.1173	1.0	0.0179
POLR2K	0.1173	1.0	0.0179
POLR2L	0.1173	1.0	0.0179
ERCC3	0.1173	1.0	0.0179
TCF4	0.0185	0.0556	0.2241
ZBTB17	0.0187	0.3227	0.0253
MAX	0.3125	0.9775	0.0199
FANCD2	0.1177	1.0	0.0203
VDR	0.0206	0.2266	0.0509
EGR1	0.0359	0.0235	0.4494
SSRP1	0.1605	1.0	0.0237
CEBPB	0.0243	0.1198	0.1069
NELFB	0.1604	1.0	0.0273
RUNX2	0.0274	0.0348	0.3478
TRRAP	0.1583	1.0	0.0282
SATB1	0.0354	0.029	0.5292
FOSL2	0.1589	0.0293	1.0
ARNT	0.3759	0.0306	0.989
JUNB	0.0906	0.0343	0.7185
CDKN2A	0.0599	0.0371	0.5843
NFIC	0.0621	0.5771	0.0373
RBL2	0.2031	0.038	1.0
ELL	0.2079	1.0	0.0385
LIN54	0.0396	0.3739	0.0656
LIN52	0.0396	0.3739	0.0656
LIN37	0.0396	0.3739	0.0656
LIN9	0.0396	0.3739	0.0656
NPM1	0.041	0.0699	0.3687
HIF1A	0.146	0.0436	0.7229
E2F1	0.2479	0.8426	0.0454
NFKB1	0.0485	0.1558	0.1332
TP53	0.1176	0.0493	0.6349
TWIST2	0.0522	0.2726	0.097
AGO2	0.0815	0.5988	0.0548
JUN	0.1027	0.5108	0.0594
KLF4	0.0602	0.0699	0.3774
MTA1	0.1182	0.6501	0.0635
E2F5	0.2182	0.0652	1.0
IL13	0.0673	0.0657	0.4417
IL37	0.1186	0.6503	0.0666
ATF3	0.2203	1.0	0.068
MOV10	0.1116	0.6336	0.0707
AGO3	0.1116	0.6336	0.0707
AGO4	0.1116	0.6336	0.0707
AGO1	0.1116	0.6336	0.0707
TNRC6C	0.1116	0.6336	0.0707
TNRC6A	0.1116	0.6336	0.0707
TNRC6B	0.1116	0.6336	0.0707
HDAC1	0.4148	0.0709	0.9642
ASCL1	0.2216	1.0	0.0731
HNF4A	0.3127	0.0734	1.0
ERCC2	0.3674	1.0	0.0773
MDC1	0.2941	1.0	0.0863
PTTG1	0.0881	0.3718	0.1158
FANCI	0.2943	1.0	0.0884
SMAD3	0.0932	0.0906	0.425
CEBPA	0.0906	0.2234	0.2094
GATA3	0.1549	0.0911	0.6721
ACTL6A	0.2877	1.0	0.0929
RUVBL2	0.2877	1.0	0.0929
NR4A1	0.2971	0.0935	1.0
CIITA	0.191	0.7119	0.0938
ETV4	0.2898	0.0954	1.0
TFAP2A	0.3494	0.0958	0.9191
PITX1	0.2966	1.0	0.0985
MITF	0.289	0.1001	1.0
DCT	0.3004	0.1005	1.0
SNAI2	0.196	0.1041	0.7112
MYB	0.1064	0.3194	0.1495
RBBP4	0.107	0.4775	0.1258
AR	0.2038	0.6487	0.1094
IL4	0.192	0.1119	0.6962
ATF4	0.1123	0.4003	0.1448
SNAI1	0.114	0.1192	0.4978
NOTCH1	0.1143	0.1316	0.4691
BCL6	0.2352	0.1145	0.7413
RBL1	0.3636	0.117	1.0
TCF7L2	0.1179	0.488	0.121
LEF1	0.118	0.1554	0.3868
TFDP2	0.2817	0.7749	0.1187
CHEK1	0.3653	1.0	0.1198
ATM	0.4701	1.0	0.1216
AHR	0.3672	1.0	0.1221
RUVBL1	0.3613	1.0	0.124
KLF10	0.3625	0.1241	1.0
SIRT1	0.1253	0.1643	0.3567
EDN1	0.3623	0.1284	1.0
SPP1	0.3662	0.1325	1.0
FOSL1	0.1413	0.1705	0.4165
IL12B	0.4312	1.0	0.1426
JAK2	0.4312	1.0	0.1426
TYK2	0.4312	1.0	0.1426
IL12RB1	0.4312	1.0	0.1426
RBPJ	0.1505	0.3039	0.2809
ELK1	0.4408	1.0	0.1525
PARP1	0.1544	0.1525	0.5324
HSF1	0.1572	0.1549	0.5215
FLI1	0.4367	1.0	0.1552
FOS	0.2065	0.5423	0.1553
GATA2	0.4336	0.1583	1.0
CREB5	0.1631	0.1593	0.5332
SP3	0.2345	0.1773	0.5651
XBP1	0.3352	0.1808	0.7285
HDAC7	0.4994	1.0	0.1848
NR1I2	0.503	0.1887	1.0
ERBB4	0.2083	0.1911	0.565
RB1	0.4089	0.2031	0.8166
KAT5	0.2545	0.6213	0.2151
PPARD	0.5532	1.0	0.2172
SALL4	0.2183	0.3619	0.3791
SOX17	0.2221	0.3659	0.3829
PURA	0.2223	0.3673	0.3796
ATF1	0.2233	0.3903	0.3671
TWIST1	0.2295	0.4737	0.235
ING4	0.2601	0.23	0.6013
VHL	0.5608	0.2303	1.0
NCOR1	0.2666	0.5999	0.2348
MECP2	0.2445	0.3683	0.3691
NFATC2	0.6219	1.0	0.2484
RUNX3	0.4247	0.7491	0.2583
EP300	0.7217	0.2627	0.9686
SOX2	0.3128	0.2658	0.6324
HDAC3	0.3144	0.6388	0.2665
ATF2	0.4238	0.2759	0.7347
CDKN1A	0.3708	0.6922	0.283
WT1	0.2874	0.39	0.3954
HBP1	0.2895	0.4278	0.4404
ERG	0.3625	0.2944	0.6686
ETS1	0.472	0.2999	0.7647
REST	0.3026	0.4271	0.4401
EZH2	0.3593	0.5961	0.3238
CBFB	0.3655	0.3292	0.5843
IRF1	0.3418	0.4488	0.4305
CREB1	0.402	0.3535	0.6127
PML	0.472	0.7448	0.361
PTGS2	0.6308	1.0	0.363
TAF9	0.6255	1.0	0.3658
HDGF	0.618	0.368	1.0
IRF8	0.6295	1.0	0.3691
JUND	0.4649	0.3696	0.7238
TFAP2C	0.3705	0.4843	0.4814
PAX6	0.6282	1.0	0.373
MSX2	0.6323	1.0	0.3737
TERT	0.6324	0.3765	1.0
POU2F1	0.6294	0.3769	1.0
BRCA1	0.4419	0.6209	0.3773
KLF6	0.3775	0.4909	0.4878
GATA6	0.6303	1.0	0.3795
CDC6	0.6296	0.3802	1.0
IRF9	0.6338	0.3838	1.0
MEF2A	0.631	0.3849	1.0
KLK3	0.6309	0.3857	1.0
MAPK1	0.6275	0.3858	1.0
MAPK3	0.6275	0.3858	1.0
FOXF2	0.6366	1.0	0.3865
PAX3	0.6342	0.3877	1.0
MET	0.6343	0.3898	1.0
SMAD4	0.5184	0.3983	0.7507
YY1	0.7169	0.9107	0.4047
IL23R	0.694	1.0	0.4182
IL23A	0.694	1.0	0.4182
SMARCA4	0.6948	1.0	0.4226
NR5A1	0.6966	1.0	0.4241
ZBTB16	0.6954	1.0	0.4258
SOX6	0.6973	1.0	0.4298
BTF3	0.6961	1.0	0.4313
ZEB1	0.4327	0.519	0.5377
CDX2	0.4339	0.5375	0.5201
HDAC5	0.6953	1.0	0.4346
TBP	0.691	0.4349	1.0
POU5F1	0.435	0.53	0.524
FOXA3	0.6957	0.4374	1.0
REL	0.6978	0.438	1.0
WWTR1	0.6932	0.4398	1.0
ELF3	0.694	0.442	1.0
EPAS1	0.8123	0.4448	1.0
PTGDR	0.5814	0.7424	0.4461
IL8	0.75	0.4832	1.0
MTF1	0.7476	0.4839	1.0
SPDEF	0.7456	0.4885	1.0
BCL2	0.7543	0.4951	1.0
NCOA3	0.6539	0.5046	0.8088
ABCB1	0.7924	1.0	0.5121
KAT2A	0.7946	1.0	0.517
CCNC	0.7948	1.0	0.5195
MED8	0.7948	1.0	0.5195
MED9	0.7948	1.0	0.5195
MED4	0.7948	1.0	0.5195
MED6	0.7948	1.0	0.5195
MED7	0.7948	1.0	0.5195
CDK19	0.7948	1.0	0.5195
MED13L	0.7948	1.0	0.5195
MED19	0.7948	1.0	0.5195
MED16	0.7948	1.0	0.5195
MED15	0.7948	1.0	0.5195
MED18	0.7948	1.0	0.5195
MED17	0.7948	1.0	0.5195
MED12	0.7948	1.0	0.5195
MED11	0.7948	1.0	0.5195
MED14	0.7948	1.0	0.5195
MED13	0.7948	1.0	0.5195
MED10	0.7948	1.0	0.5195
MED27	0.7948	1.0	0.5195
MED26	0.7948	1.0	0.5195
MED29	0.7948	1.0	0.5195
MED28	0.7948	1.0	0.5195
MED23	0.7948	1.0	0.5195
MED22	0.7948	1.0	0.5195
MED25	0.7948	1.0	0.5195
MED24	0.7948	1.0	0.5195
MED21	0.7948	1.0	0.5195
MED20	0.7948	1.0	0.5195
MED30	0.7948	1.0	0.5195
MED31	0.7948	1.0	0.5195
CDK8	0.7948	1.0	0.5195
THRAP3	0.7948	1.0	0.5195
FAM120B	0.7948	1.0	0.5195
LMO2	0.7935	1.0	0.5269
ATF6	0.7949	0.5286	1.0
ZNF382	0.7983	1.0	0.5398
GATA1	0.9013	1.0	0.5413
MAML2	0.796	0.5421	1.0
USF2	0.8764	0.5429	1.0
E2F6	0.8307	0.5633	1.0
GABPA	0.8414	1.0	0.5641
GLI1	0.8269	1.0	0.5694
FOXA2	0.5727	0.6096	0.5855
HES1	0.8322	1.0	0.5753
STAT1	0.7573	0.8292	0.579
MAML1	0.835	0.5824	1.0
SMAD7	0.8611	0.6116	1.0
NR1H4	0.8549	0.6118	1.0
SREBF2	0.8165	0.8944	0.6164
NCOA2	0.7943	0.8522	0.618
HDAC4	0.8631	1.0	0.6187
NFYA	0.9379	1.0	0.6233
PPARG	0.7842	0.6275	0.8295
ETS2	0.8911	1.0	0.6326
FOXO3	0.8378	0.9071	0.6355
ARNTL	0.8893	1.0	0.6362
NPAS2	0.8893	1.0	0.6362
STAT4	0.805	0.6377	0.8526
NCOA1	0.8127	0.863	0.6381
DDIT3	0.8809	0.6391	1.0
NANOG	0.8876	1.0	0.6463
GLI2	0.8839	0.6549	1.0
CLOCK	0.9073	1.0	0.6709
PPARA	0.833	0.6815	0.8593
RUNX1	0.8571	0.6865	0.9019
HDAC2	0.9033	1.0	0.688
PAX5	0.704	0.7089	0.6925
RXRA	0.743	0.7241	0.6942
DNMT1	0.7006	0.6964	0.7065
KAT2B	0.7058	0.718	0.6995
FOXA1	0.8712	0.7014	0.9076
PPARGC1A	0.8749	0.7056	0.9111
TBL1X	0.8789	0.7226	0.9138
TBL1XR1	0.8789	0.7226	0.9138
STAT5A	0.9365	0.7342	1.0
CHD9	0.8938	0.7417	0.9215
SMARCD3	0.8938	0.7417	0.9215
TGS1	0.8938	0.7417	0.9215
CARM1	0.908	0.7605	0.9292
NCOA6	0.9089	0.7609	0.9283
CREBBP	0.9573	0.7905	0.9647
SREBF1	0.9487	0.9553	0.7925
NR3C1	0.8697	0.8122	0.8098
HELZ2	0.8785	0.8283	0.8136
MED1	0.8931	0.8402	0.8272
USF1	0.896	0.8562	0.8424
NFYB	0.9813	1.0	0.8449
NFYC	0.9813	1.0	0.8449
TP63	0.978	0.8907	0.9577
FOXO1	0.9931	1.0	0.9106
TP73	0.9926	0.9679	0.9626
GABPB1	1.0	1.0	1.0
MAML3	1.0	1.0	1.0
TP53BP2	1.0	1.0	1.0
STAT5B	1.0	1.0	1.0
CD3D	1.0	1.0	1.0
HEY1	1.0	1.0	1.0
MLX	1.0	1.0	1.0
IL10	1.0	1.0	1.0
TFE3	1.0	1.0	1.0
SERPINB5	1.0	1.0	1.0
RARA	1.0	1.0	1.0
VEGFA	1.0	1.0	1.0
MAMLD1	1.0	1.0	1.0
CCND1	1.0	1.0	1.0
AIP	1.0	1.0	1.0
CDC25A	1.0	1.0	1.0
HIC1	1.0	1.0	1.0
PGR	1.0	1.0	1.0
NOTCH3	1.0	1.0	1.0
TNFRSF11B	1.0	1.0	1.0
FOXO4	1.0	1.0	1.0
NRF1	1.0	1.0	1.0
ABL1	1.0	1.0	1.0
ESRRA	1.0	1.0	1.0
TFAP2B	1.0	1.0	1.0
HMGA1	1.0	1.0	1.0
ESR2	1.0	1.0	1.0
NFKB2	1.0	1.0	1.0
NFKBIA	1.0	1.0	1.0
MLXIPL	1.0	1.0	1.0
SP4	1.0	1.0	1.0
TCF3	1.0	1.0	1.0
NFE2L2	1.0	1.0	1.0
PPP1R13B	1.0	1.0	1.0
HDAC9	1.0	1.0	1.0
KLF2	1.0	1.0	1.0
RAD51	1.0	1.0	1.0
RBMX	1.0	1.0	1.0