

Data type: org.panda.causalpath.data.SiteModProteinData
Row ID	Change amount	P-value	Q-value
MDC1-P-S793	1.5129643490407148	0.2202560933280966	41.187889452354064
FANCD2-P-S1435	1.5129643490407148	0.2202560933280966	82.37577890470813
APBB1-P-T709	-0.9902785879903524	0.3714731886363623	46.310324183333165
TP53BP1-P-S1635	0.9902785879903524	0.3714731886363623	27.7861945099999
PMS2-P-S445	0.9902785879903524	0.3714731886363623	19.84728179285707
MCM4-P-T19	0.9902785879903524	0.3714731886363623	17.366371568749937
MDC1-P-S376	0.9902785879903524	0.3714731886363623	15.436774727777722
RBBP8-P-T315	0.9902785879903524	0.3714731886363623	13.89309725499995
TP53BP1-P-S1701	0.9902785879903524	0.3714731886363623	12.630088413636317
XRCC1-P-S461	0.9902785879903524	0.3714731886363623	11.577581045833291
MDC1-P-S329	0.9902785879903524	0.3714731886363623	10.6869978884615
TOP2B-P-S1550	0.9902785879903524	0.3714731886363623	9.923640896428536
PARP1-P-S782	0.9902785879903524	0.3714731886363623	8.683185784374968
CDK7-P-T170	-0.9902785879903524	0.3714731886363623	7.312156449999973
MSH6-P-S227	0.9902785879903524	0.3714731886363623	34.732743137499874
MCM3-P-T722	0.9902785879903524	0.3714731886363623	23.155162091666583
TP53BP1-P-S523-S525	0.9902785879903524	0.3714731886363623	9.262064836666633
PARP1-P-S75	-0.9902785879903524	0.3714731886363623	8.17241014999997
APBB1-P-S517	-0.9902785879903524	0.3714731886363623	7.718387363888861
ELL-P-T180	0.9854106781944678	0.37328589507637994	6.6480440361221955
TP53BP1-P-T855	0.9854106781944678	0.37328589507637994	6.345860216298459
PRKDC-P-S2612	0.9854106781944678	0.37328589507637994	6.980446237928305
KAT5-P-S86-S90	0.9854106781944678	0.37328589507637994	6.069953250372439
PRKDC-P-S893	0.9130566186930849	0.40129573942701074	6.253525272737584
ATR-P-S435	0.9125511728841234	0.4014986239459038	6.006419414230721
MSH6-P-S41	0.9125511728841234	0.4014986239459038	5.561499457621038
MRE11-P-S689	-0.9125511728841234	0.4014986239459038	5.362874476991715
MGMT-P-S201	0.9125511728841234	0.4014986239459038	5.177947770888553
TIMELESS-P-S1121	0.9125511728841234	0.4014986239459038	5.775403282914155
MDC1-P-S882	0.9098254550073965	0.40259448875334175	5.0190112931249935
SMARCC1-P-S310	0.8945605013323796	0.4087872206049463	4.931820016330643
TOP2B-P-S1400	0.7881996374074295	0.45466261644102507	5.31386932965448
PRKDC-P-T2603	-0.7464925052807546	0.47402628497975974	5.372297896437277
TP53BP1-P-T321	0.6727709558313721	0.510292618605138	5.613218804656518
CHEK2-P-S303	-0.6727709558313721	0.510292618605138	5.4528411245234745
TP53BP1-P-T1609	0.6480006464582714	0.5230905749461626	5.287456081888238
POLR2E-P-Y26-T36	-0.6480006464582714	0.5230905749461626	5.4343298619406895
DDB2-P-S26	0.6438092335093661	0.525287664794334	5.169936490344234
MCM3-P-S672	0.6438092335093661	0.525287664794334	5.037374016232843
MCM3-P-T674	0.6438092335093661	0.525287664794334	4.9114396658270225
ATRX-P-S1527	-0.6406391582444504	0.5269555084256523	4.806862442712048
TOP2B-P-S1413	0.6406391582444504	0.5269555084256523	4.69241333693319
MDC1-P-S1775	0.6406391582444504	0.5269555084256523	4.5832874453766035
POLR2A-P-S1910	0.6296919263873182	0.5327559037636848	4.52842518199132
ATRX-P-S974	-0.6296919263873182	0.5327559037636848	4.427793511280402
TP53BP1-P-S532	-0.6296919263873182	0.5327559037636848	4.239376766119534
SMARCC1-P-S330	-0.6296919263873182	0.5327559037636848	4.331537130600394
ATR-P-S464	-0.6232159771481349	0.5362171994442787	4.178025679003338
TOP2B-P-S1466	0.6165729310020652	0.5397911729366242	4.1200387485366825
TCEA1-P-S100	0.608146755124068	0.5443587649388988	4.071803561742963
MSH6-P-S935	0.608146755124068	0.5443587649388988	3.9919642762185914
TIMELESS-P-S1173	0.608146755124068	0.5443587649388988	3.9151957324451567
MRE11-P-S619	-0.5765496964965828	0.5618335223787915	3.964636554144679
SUMO1-P-T76	0.5765496964965828	0.5618335223787915	3.891217358697556
TIMELESS-P-S1087	0.5765496964965828	0.5618335223787915	3.820467952175782
MSH6-P-S65	0.5441805495993113	0.5803171296563054	3.8756894016331827
ELL-P-S319	0.5059384661982186	0.6029394715203046	3.822023090654134
PCLAF-P-S72	0.5059384661982186	0.6029394715203046	3.6967108581736707
TOP2B-P-S1441	0.5059384661982186	0.6029394715203046	3.579354957914189
SIRT6-P-S330	0.5059384661982186	0.6029394715203046	3.9561291640104193
MSH6-P-S309	0.5059384661982186	0.6029394715203046	3.8879200404929986
MCM2-P-T106	-0.5059384661982186	0.6029394715203046	3.7583227058098982
TP53BP1-P-S1362	0.5059384661982186	0.6029394715203046	3.6370864894934503
MSH6-P-S252	0.5059384661982186	0.6029394715203046	3.5234275366967798
TOP2A-P-S1106	0.5014354252139765	0.6056606548734564	3.48487822957958
TP53BP1-P-S598	-0.49257880147997546	0.6110485876317541	3.462608663246606
ATM-P-S1891	0.49257880147997546	0.6110485876317541	3.360767231974647
MDC1-P-T1671	-0.49257880147997546	0.6110485876317541	3.312060460496754
KDM4B-P-S622	-0.49257880147997546	0.6110485876317541	3.4109279369294927
SMARCA4-P-S1382	0.49257880147997546	0.6110485876317541	3.264745311061086
WEE1-P-S139	0.48727959373513285	0.6142952558267958	3.1909225788780784
TOP2B-P-S1522	0.48727959373513285	0.6142952558267958	3.147211310674269
TP53BP1-P-S398	0.48727959373513285	0.6142952558267958	3.1046814280975896
NBN-P-S509	-0.48727959373513285	0.6142952558267958	3.0229792852529163
TOP2B-P-S1236	0.48727959373513285	0.6142952558267958	2.908182603534451
ABL1-P-S718	-0.48727959373513285	0.6142952558267958	3.235865150411572
PARP1-P-T368	0.48727959373513285	0.6142952558267958	3.063285675722955
UNG-P-T60	0.48727959373513285	0.6142952558267958	2.983719814015865
RECQL4-P-S89	0.48727959373513285	0.6142952558267958	2.9454669958874566
MCM3-P-S711-T722	0.47419512654668333	0.6223857967272226	2.9096535996997654
TP53BP1-P-S1002	-0.47419512654668333	0.6223857967272226	2.873731950320756
FANCD2-P-S1412	0.45887436368656537	0.6319946413887049	2.8825121448704345
TP53BP1-P-S1094	0.45887436368656537	0.6319946413887049	2.847783082884044
RECQL4-P-S27	0.4500005536722777	0.63762779858484	2.83896186512774
TCEA1-P-S81	-0.4500005536722777	0.63762779858484	2.805562313773296
POLA1-P-S192	0.4448324611581291	0.640931647983603	2.787307399370553
TP53BP1-P-S635	0.4387350934117447	0.6448515824380425	2.7721205957681367
DDB2-P-S24	0.4282246965506719	0.651664971475409	2.7695761287704883
TP53BP1-P-T922	0.4282246965506719	0.651664971475409	2.738457295862955
MSH6-P-S14	0.4178234986151764	0.6584784405253563	2.676858008222644
XRCC6-P-S27	0.4178234986151764	0.6584784405253563	2.64807458877939
TOP2B-P-S1375	-0.4178234986151764	0.6584784405253563	2.7363437417387027
POLR2A-P-S1910-S1917	-0.4178234986151764	0.6584784405253563	2.706274030291025
RAD9A-P-S328	0.39573717960986193	0.6731835990656345	2.6784113409632693
MRE11-P-S688-S689	-0.3891671556185341	0.6776209923906246	2.6398984495218083
XRCC5-P-S175	0.3891671556185341	0.6776209923906246	2.612683001588594
TIMELESS-P-S1149	0.3891671556185341	0.6776209923906246	2.6676868542536165
TTK-P-S321	0.3891671556185341	0.6776209923906246	2.586022970960139
TP53BP1-P-S1101	0.3891671556185341	0.6776209923906246	2.559901526809026
ATRX-P-S889	-0.3772043627761895	0.685775912505299	2.564801912769818
MDC1-P-S495	-0.3759315946727351	0.6866493019060356	2.4932702807073523
MDC1-P-T1425	-0.3759315946727351	0.6866493019060356	2.4692965280082433
TP53BP1-P-S525	0.3759315946727351	0.6866493019060356	2.422706027479786
ATRX-P-S84	0.3759315946727351	0.6866493019060356	2.400063915073433
NBN-P-S347	-0.3759315946727351	0.6866493019060356	2.542641969434231
ABL1-P-S884	-0.3759315946727351	0.6866493019060356	2.517714106988797
ATRX-P-S316	0.3759315946727351	0.6866493019060356	2.4457794182176884
ATRX-P-S819	0.3543496423735803	0.7016296050228851	2.429717335912583
TCEA1-P-S57	0.3298063602307198	0.7190629591371797	2.467243547865185
PARP1-P-S177	0.3298063602307198	0.7190629591371797	2.4448140610664106
DDB2-P-T148	0.3298063602307198	0.7190629591371797	2.4227887091649114
PTEN-P-S370	-0.32318139141775837	0.7238425436337317	2.417117065348354
TP53BP1-P-S640	0.3106881386412655	0.7329424166488915	2.404565472163907
SMARCC1-P-S573	0.3106881386412655	0.7329424166488915	2.4258448126255345
KPNA2-P-S62	0.3087882332434221	0.7343362615700626	2.3274725578576563
MCM3-P-S672-T674	-0.3087882332434221	0.7343362615700626	2.3079139649344826
MCM3-P-S160	0.3087882332434221	0.7343362615700626	2.2886813485600284
MDC1-P-S299	0.3087882332434221	0.7343362615700626	2.2697666266711027
SMARCC1-P-S328-S330	0.3087882332434221	0.7343362615700626	2.232859852253686
XRCC6-P-S324	0.3087882332434221	0.7343362615700626	2.214852917961318
NFRKB-P-S363	-0.3087882332434221	0.7343362615700626	2.197134094617627
ABL1-P-S569	0.3087882332434221	0.7343362615700626	2.1796965224381224
TP53BP1-P-S999	0.3087882332434221	0.7343362615700626	2.1456387642750268
MNAT1-P-T51	0.3087882332434221	0.7343362615700626	2.112628937132334
TOP2B-P-S1581	-0.3087882332434221	0.7343362615700626	2.064975652836116
MDC1-P-S780	0.3087882332434221	0.7343362615700626	2.049565386770175
NBN-P-S343	-0.3087882332434221	0.7343362615700626	2.3881892332800296
CLK2-P-S75	-0.3087882332434221	0.7343362615700626	2.3676013950620987
PARG-P-S197	0.3087882332434221	0.7343362615700626	2.347365485702593
TP53BP1-P-S809	0.3087882332434221	0.7343362615700626	2.251161982190192
ATRX-P-S677	0.3087882332434221	0.7343362615700626	2.1625335576945153
MSH6-P-S261	0.3087882332434221	0.7343362615700626	2.1290059056372357
ATRX-P-S213	-0.3087882332434221	0.7343362615700626	2.0965019986809423
YY1-P-S247	0.3087882332434221	0.7343362615700626	2.0806194077818443
PRKDC-P-S511	0.3087882332434221	0.7343362615700626	2.0343834209422478
MCM4-P-T23	0.30381473304893497	0.737997580347521	2.0294933459556828
TOP2B-P-S1552	0.30381473304893497	0.737997580347521	2.014679525912211
XRCC1-P-S447-T453	0.2956073250968876	0.7440795520275432	2.016563423610878
ELL-P-S442	0.2956073250968876	0.7440795520275432	1.9597588201288814
TP53BP1-P-S294	0.2956073250968876	0.7440795520275432	1.9325399476270912
TOP2A-P-S1247	0.2956073250968876	0.7440795520275432	1.9060667976595969
XPC-P-S884	0.2956073250968876	0.7440795520275432	1.8931003568591915
TP53BP1-P-S630	0.2956073250968876	0.7440795520275432	1.8676896138141017
ABL1-P-T781	-0.2956073250968876	0.7440795520275432	1.8552383497220077
ATRX-P-S25	-0.2956073250968876	0.7440795520275432	2.0020557730813033
MDC1-P-S955	0.2956073250968876	0.7440795520275432	1.987755374702151
ABL1-P-Y185	-0.2956073250968876	0.7440795520275432	1.9736578188531997
TERF1-P-T371	0.2956073250968876	0.7440795520275432	1.9460542129951128
NBN-P-S397	-0.2956073250968876	0.7440795520275432	1.9192120859193182
POLR2A-P-S1861	0.2956073250968876	0.7440795520275432	1.8803091382317645
APBB1-P-S205	0.2956073250968876	0.7440795520275432	1.842952003035107
XRCC6-P-S2	-0.2956073250968876	0.7440795520275432	1.830827318804613
TOP2B-P-S1550-S1552	-0.29230975186252484	0.7465372588495736	1.8248688549656242
TP53BP1-P-S119	0.2844654344089933	0.7524163627307731	1.8272968809175918
TOP2A-P-S1354	0.2844654344089933	0.7524163627307731	1.8155078687826396
TP53BP1-P-S507	-0.2749904749840175	0.7595793581960386	1.821042820290503
TOP2B-P-T1292	0.2516086940312141	0.7775489380879199	1.8522503365916054
ACTL6A-P-S233	0.24108946225190395	0.7857713263714547	1.8599903548286332
MDC1-P-S1086	0.24108946225190395	0.7857713263714547	1.8482923022825413
SMARCA4-P-S699	0.24108946225190395	0.7857713263714547	1.8367404753932752
MCM6-P-S13	0.24045981007819317	0.7862662447920225	1.8264818357280521
XRCC1-P-S241	0.23781473681518506	0.7883487295619603	1.8200149682479827
XRCC6-P-S6	0.23781473681518506	0.7883487295619603	1.8088492322464613
TOP1-P-S112	-0.23277954532451806	0.7923282267341482	1.8068948585278746
TP53BP1-P-S1028	0.23146874083347058	0.7933674951221635	1.7982996556102373
TP53BP1-P-S1317	-0.22869719254716558	0.7955694013789444	1.7924274464802723
MCM6-P-S762	-0.2191006390716719	0.8032408766696318	1.7988747776912712
MDC1-P-T1302	0.21159018981125183	0.8092962874817223	1.7804518324597889
SMARCC1-P-S830	0.21159018981125183	0.8092962874817223	1.8016476876081198
MCM2-P-S139	0.21159018981125183	0.8092962874817223	1.790987050403338
ATRX-P-S1348-S1352	0.21159018981125183	0.8092962874817223	1.7700398334395564
TTK-P-S455	0.21159018981125183	0.8092962874817223	1.7597489041753729
MSH6-P-S9	0.21159018981125183	0.8092962874817223	1.7495769451917003
TP53BP1-P-S1548	0.21159018981125183	0.8092962874817223	1.7395219052768054
ATRX-P-S92	0.21005521386377807	0.8105394917175884	1.7322386851564462
YY1-P-S118	-0.21005521386377807	0.8105394917175884	1.7223964198998756
NFRKB-P-S1303	-0.21005521386377807	0.8105394917175884	1.7126653666801022
YWHAE-P-S210	0.20863924311310353	0.8116880048687467	1.7054568192186026
MDC1-P-T1589	0.20048249543180485	0.8183358145154316	1.7098189644065442
TP53BP1-P-S523	0.20048249543180485	0.8183358145154316	1.7003199701598413
ORC1-P-T230	0.1982115164724844	0.8201963497504219	1.694770358047833
CLK2-P-S50	0.1970621589398793	0.8211395905598505	1.687396741040572
SMARCA4-P-T1455	0.19178454485952837	0.8254847042560923	1.6870561715397734
SIRT6-P-S303	0.16549410946040688	0.8474748552744088	1.722584760177331
TP53BP1-P-S727	0.16549410946040688	0.8474748552744088	1.7132734912033996
MCM4-P-S326	-0.16549410946040688	0.8474748552744088	1.7040623434012308
TOP2A-P-S1377	-0.15924488040251	0.8527875024508854	1.7055750049017708
POLR2A-P-S1861-S1868	0.1535458536753786	0.857661436368084	1.706198814902465
MDC1-P-S453	0.1535458536753786	0.857661436368084	1.697171307945309
TOP2B-P-S1336	-0.1535458536753786	0.857661436368084	1.6882388273771758
TOP2A-P-S1213	0.15273936636293503	0.8583534084307254	1.6807548416392215
POLR2A-P-T1870	-0.14919249885184035	0.8614032797956047	1.6606434363069906
ATRX-P-S875	0.14919249885184035	0.8614032797956047	1.652127316120801
MCM2-P-S27	0.14919249885184035	0.8614032797956047	1.6436980951201845
TTK-P-S281	0.14919249885184035	0.8614032797956047	1.6779418054351884
TP53BP1-P-S1068	0.14919249885184035	0.8614032797956047	1.6692478064432963
SUMO1-P-S2	0.14919249885184035	0.8614032797956047	1.6353544499672903
MRE11-P-S649	-0.1482350748565119	0.8622284028986348	1.6286536499196436
MDC1-P-T1280	-0.1482350748565119	0.8622284028986348	1.6204694607240675
ATR-P-T1989	0.1482350748565119	0.8622284028986348	1.5964030825945021
CDC25C-P-T48	-0.1482350748565119	0.8622284028986348	1.5885390280004406
RBBP8-P-S568	0.1482350748565119	0.8622284028986348	1.5807520719808306
RRM2-P-S20	0.1482350748565119	0.8622284028986348	1.5730410862638509
NFRKB-P-S240	0.1482350748565119	0.8622284028986348	1.565404964485871
VCP-P-S702	0.1482350748565119	0.8622284028986348	1.5578426216622678
POLR2A-P-S1875-S1882	-0.1482350748565119	0.8622284028986348	1.5503529936735068
MCM6-P-S271	0.1482350748565119	0.8622284028986348	1.5355877270670926
TP53BP1-P-S862	0.1482350748565119	0.8622284028986348	1.5211010503966482
TP53BP1-P-S1094-S1101	0.1482350748565119	0.8622284028986348	1.4860526390971862
MSH6-P-S200	0.1482350748565119	0.8622284028986348	1.6123671134204471
ABL1-P-Y393	-0.1482350748565119	0.8622284028986348	1.604345386488007
XRCC1-P-S447	0.1482350748565119	0.8622284028986348	1.5429350367659782
TTK-P-S436	0.1482350748565119	0.8622284028986348	1.528310060114168
MDC1-P-S1033	-0.1482350748565119	0.8622284028986348	1.513959730911218
TP53BP1-P-S1460	0.1482350748565119	0.8622284028986348	1.5068851527293898
ATRX-P-S598	-0.1482350748565119	0.8622284028986348	1.49987638457716
WEE1-P-S67	0.1482350748565119	0.8622284028986348	1.49293251242634
TOP2B-P-T1317	0.14259920271692797	0.8671015311977159	1.4875962048988338
BRCA2-P-S2095	0.14259920271692797	0.8671015311977159	1.4808035281641359
PMS2-P-S529	-0.1390431913229892	0.8701904429700895	1.479323753049152
POLR2A-P-S1917	0.1390431913229892	0.8701904429700895	1.4726299804109206
KAT5-P-S90	0.1390431913229892	0.8701904429700895	1.4464498918702822
ATRX-P-S1061	-0.1390431913229892	0.8701904429700895	1.4659965120306913
UNG-P-S14	0.1390431913229892	0.8701904429700895	1.4594225366404192
MPG-P-T67	0.1390431913229892	0.8701904429700895	1.4529072574589887
TP53BP1-P-S1678	0.13824513915246212	0.8708851775222101	1.441199364572153
BLM-P-T171	-0.13807146091196115	0.8710364444630283	1.4225660708697494
BARD1-P-T299	0.13807146091196115	0.8710364444630283	1.4163810009964026
DDB2-P-S24-S26	0.13807146091196115	0.8710364444630283	1.4102494815115696
TOP2B-P-S1473	-0.13807146091196115	0.8710364444630283	1.4041708199533303
MSH6-P-S274-S275	0.13807146091196115	0.8710364444630283	1.4350996926395267
TOP2B-P-S1466-S1476	-0.13807146091196115	0.8710364444630283	1.428805395741985
TP53BP1-P-S222	0.13350418858402704	0.8750238038592127	1.4045446465379636
MTOR-P-S2481	-0.13349320712671728	0.8750334129485207	1.3985576771057553
ATRX-P-S1348	0.12094962232580839	0.8860785970473708	1.410184660832837
WEE1-P-T190	0.12094962232580839	0.8860785970473708	1.4042093021004944
TP53BP1-P-T302	0.11778239310092402	0.8888894600494808	1.402720076196227
NBN-P-S432	0.11778239310092402	0.8888894600494808	1.3968262943634697
RBBP8-P-S327	0.11675530808321569	0.8898028941032133	1.3924112234083759
VCP-P-S3	-0.11237899975138561	0.8937054791515471	1.3926910383444941
TP53BP1-P-S1618	-0.11237899975138561	0.8937054791515471	1.3869122373555127
TOP2B-P-S1613	-0.11237899975138561	0.8937054791515471	1.381181195052391
TOP2A-P-S4	-0.11237899975138561	0.8937054791515471	1.3754973218217226
WEE1-P-S150	0.11237899975138561	0.8937054791515471	1.3698600377158958
POLE3-P-S122	-0.10710901311388818	0.8984277272475666	1.3659023170349183
PIAS1-P-S488	0.10710901311388818	0.8984277272475666	1.36037234814004
MAPK8-P-T183	0.10710901311388818	0.8984277272475666	1.3714774285330198
UNG-P-S23	0.10710901311388818	0.8984277272475666	1.3548869757685076
RCHY1-P-S257	-0.1060310509795891	0.8993967204931264	1.35090109825072
SMARCC1-P-S328	0.10514390321285318	0.9001949723164285	1.346691678585377
TOP2A-P-S1351-S1354	0.10457014232952196	0.9007116171800484	1.3420961945232595
TP53BP1-P-T1638	0.1036692632789514	0.9015234150175006	1.3379752270497824
TOPBP1-P-S817	-0.1036692632789514	0.9015234150175006	1.3326867874171746
ABL1-P-S16	-0.1036692632789514	0.9015234150175006	1.3274399890415165
MCM4-P-T110	-0.1036692632789514	0.9015234150175006	1.3222343420256675
CLK2-P-S97	-0.1036692632789514	0.9015234150175006	1.3170693641271296
TOP2B-P-S1449	-0.1020348194591419	0.9029981092157063	1.3140906336446465
ATRX-P-S1352	0.1020348194591419	0.9029981092157063	1.3089972590956362
PRKDC-P-S3205	-0.08686362641727485	0.916802114697341	1.3238764127289788
KAT5-P-S155	-0.08313842700128678	0.9202237545881776	1.3186348054252048
MDC1-P-S1820	0.08313842700128678	0.9202237545881776	1.3136018481525895
POLR2A-P-T1919	0.08313842700128678	0.9202237545881776	1.3086071643193096
TOP2B-P-S1454	-0.08313842700128678	0.9202237545881776	1.298730883833881
TP53BP1-P-S552	-0.08313842700128678	0.9202237545881776	1.2890025626066608
POLA1-P-S215	-0.08313842700128678	0.9202237545881776	1.3237064777537633
TP53BP1-P-S1430	0.08313842700128678	0.9202237545881776	1.3036503189999182
XPC-P-S903	-0.08313842700128678	0.9202237545881776	1.2938484369021745
UBA7-P-S24	0.0817015116480912	0.9215469886895424	1.286039454365257
SMARCA4-P-S1659-S1663	-0.07865013136407287	0.9243632735945592	1.2851742168192013
PRKDC-P-S4026	-0.0784853573985983	0.9245155971458215	1.280625308639027
MTOR-P-S1261	0.07594483644969677	0.9268673344419994	1.2791453250232758
POLR2A-P-S1920	-0.0740804174275721	0.9285970154553715	1.276820896251136
XRCC6-P-T455	-0.07250774793079914	0.9300585406031507	1.2741461325479062
PTEN-P-S294	0.07250774793079914	0.9300585406031507	1.264879615220285
SMARCA4-P-S1449	0.07250774793079914	0.9300585406031507	1.269495964180943
APEX1-P-T19	-0.07067672445848154	0.931763059652598	1.2626064648915638
MDC1-P-S108	-0.06500081760290673	0.9370666972286348	1.2652091868718751
XRCC6-P-S477	-0.0641757577542328	0.937840152365561	1.2616986222471935
PIAS1-P-S503	0.0641757577542328	0.937840152365561	1.2571764049631533
PRKDC-P-S2624	-0.0641757577542328	0.937840152365561	1.252686489231142
MCM2-P-S381	0.0641757577542328	0.937840152365561	1.2482285301947322
WRN-P-S1133	0.062361425005063316	0.9395432509941035	1.2460609073467896
CDK1-P-T161	-0.06159630004628597	0.9402623940673639	1.2382328710605426
TP53BP1-P-S1426-S1430	0.06159630004628597	0.9402623940673639	1.2426082522303679
TP53BP1-P-S63	-0.058052630086490746	0.9436002843653453	1.233938833400836
TP53BP1-P-S993	-0.058052630086490746	0.9436002843653453	1.2211297797669174
CCNH-P-T315	-0.058052630086490746	0.9436002843653453	1.2169189874228936
MDC1-P-S998	0.058052630086490746	0.9436002843653453	1.2382684433425935
MDC1-P-S505	-0.058052630086490746	0.9436002843653453	1.2296393949569309
TP53BP1-P-S1114	-0.058052630086490746	0.9436002843653453	1.2253698137244415
TOP2A-P-S1374	-0.05785179112565196	0.943789815097845	1.2129807245587423
TOP2B-P-S1476	-0.0569689883835573	0.944623363209719	1.2098943076727222
TP53BP1-P-S1462	0.051267425550188324	0.9500245757133653	1.2126593560300294
MSH6-P-S137	0.051267425550188324	0.9500245757133653	1.2085346643428523
TP53BP1-P-S500	0.04605982759032316	0.9549848260406354	1.2107265252176191
TERF2-P-S365	0.041243788438882094	0.9595951632229655	1.2124614562344227
RBBP8-P-T245	-0.041243788438882094	0.9595951632229655	1.2083790944289194
XRCC6-P-S520	0.04101562984345544	0.9598141280859925	1.2045989392757088
XPC-P-S61	0.04067697561421839	0.9601392282449152	1.19299691482923
MDC1-P-T1157	0.04067697561421839	0.9601392282449152	1.1890465939191996
USP7-P-S18	0.04067697561421839	0.9601392282449152	1.1851223477346478
MCM4-P-S26	0.04067697561421839	0.9601392282449152	1.1812239189592049
PARG-P-S316	-0.04067697561421839	0.9601392282449152	1.177351053651142
MDC1-P-T1239	0.04067697561421839	0.9601392282449152	1.169681014213675
TOP2B-P-S1424	-0.04067697561421839	0.9601392282449152	1.1472590139412087
TP53BP1-P-S771	0.04067697561421839	0.9601392282449152	1.1363673144417668
XRCC1-P-S266	0.04067697561421839	0.9601392282449152	1.1327825595066192
PIAS1-P-S510	-0.04067697561421839	0.9601392282449152	1.2009768273030044
ATRX-P-S1995-S1996	0.04067697561421839	0.9601392282449152	1.1969735712119942
SMARCA4-P-S1453	-0.04067697561421839	0.9601392282449152	1.1735035011882298
ABL1-P-T852	0.04067697561421839	0.9601392282449152	1.1658833485831113
SMARCA4-P-S1663	-0.04067697561421839	0.9601392282449152	1.1621102633126157
XPC-P-S883-S884	-0.04067697561421839	0.9601392282449152	1.1583615205277364
SIRT6-P-T294	0.04067697561421839	0.9601392282449152	1.1546368854134992
POLR2A-P-S1875	-0.04067697561421839	0.9601392282449152	1.150936126165379
SMARCA4-P-S1484	0.04067697561421839	0.9601392282449152	1.1436053228140073
MEN1-P-S548	0.04067697561421839	0.9601392282449152	1.1399748297257088
TP53BP1-P-S1656	0.04067697561421839	0.9601392282449152	1.1292203501999947
SMARCA4-P-S695	0.04067697561421839	0.9601392282449152	1.1256804744940385
TTK-P-S821	-0.032856404539916735	0.9676775037092782	1.1309730824602189
TP53BP1-P-S366	0.028507431091915433	0.9718950718776906	1.13236372860516
TP53BP1-P-S1426	0.028507431091915433	0.9718950718776906	1.128847071062908
ATRX-P-S703	-0.024972664749403024	0.9753365727335745	1.1293370842178232
PARG-P-S302	-0.024972664749403024	0.9753365727335745	1.1258514759332001
TOPBP1-P-S888	0.024972664749403024	0.9753365727335745	1.1189444116636713
TOP2B-P-S1400-S1413	0.024972664749403024	0.9753365727335745	1.1223873175457135
MDC1-P-S168	-0.022768348294176406	0.9774888945178857	1.1145757516758819
PIAS1-P-S485	-0.022768348294176406	0.9774888945178857	1.111187983433706
TOP2A-P-S1525	-0.022768348294176406	0.9774888945178857	1.1179842402131168
PARG-P-S137	0.022768348294176406	0.9774888945178857	1.1078207471202703
POLR2A-P-S1889	0.022768348294176406	0.9774888945178857	1.1044738566455867
ATRX-P-S729	0.021417760543949838	0.9788099709588199	1.1026353287307187
RECQL4-P-S251	0.01834917023931605	0.9818181508210831	1.1027026678891443
ATRX-P-S849	0.01724329476826067	0.9829045200149196	1.100617636184371
COPS5-P-S284	-0.01724329476826067	0.9829045200149196	1.097332210404716
ERCC4-P-S693-S697	0.01190479624839028	0.9881657854738162	1.0999226302595455
TP53BP1-P-S484	0.01190479624839028	0.9881657854738162	1.0966587648878554
TP53BP1-P-T591	-0.01190479624839028	0.9881657854738162	1.0934142123290156
MSH6-P-S830	-0.01190479624839028	0.9881657854738162	1.0901888016731778
TOP2B-P-S1452	-0.01190479624839028	0.9881657854738162	1.086982364021198
PARG-P-S286	0.010452595006740655	0.9896018435247054	1.085369763865806
TP53BP1-P-S580	-0.010009629503901616	0.9900403001063334	1.082675649823885
FEN1-P-Y152-S157-S162	0.010009629503901616	0.9900403001063334	1.0795191610488883
SMARCC1-P-S357	0.010009629503901616	0.9900403001063334	1.076381023952816
MDC1-P-T1343	-0.010009629503901616	0.9900403001063334	1.0732610789558512
TCEA1-P-S135	-0.010009629503901616	0.9900403001063334	1.070159168323031
KDM4B-P-S566	-0.010009629503901616	0.9900403001063334	1.067075136137662
TOPBP1-P-T822	-0.010009629503901616	0.9900403001063334	1.0640088282751974
MDC1-P-S544	0.010009629503901616	0.9900403001063334	1.0609600923775606
POLA1-P-T225	-0.010009629503901616	0.9900403001063334	1.0579287778279105
TP53BP1-P-S265	0.005128821740996675	0.9948843082085812	1.0600761574644142
RAD9A-P-S387	-0.005128821740996675	0.9948843082085812	1.054070060254984
MDC1-P-S453-T455	0.005128821740996675	0.9948843082085812	1.048131637380308
CDC25C-P-S173	-0.005128821740996675	0.9948843082085812	1.0451874473876668
RAD9A-P-S375	0.005128821740996675	0.9948843082085812	1.0422597514566088
NBN-P-T497	-0.005128821740996675	0.9948843082085812	1.0570645774716174
PARG-P-S291	-0.005128821740996675	0.9948843082085812	1.0510924612147157
MCM4-P-S120	-0.004235975510061716	0.9957729835795736	1.04027680407475
UNG-P-S12	-0.0031965233930359867	0.99680858004866	1.0384579636161528
NBN-P-S604	-0.0026719675388261832	0.9973315989891819	1.0361167167276502
POLR2C-P-S124	0.0017661973351208067	0.9982353614735362	1.034182895266212
FANCD2-P-S592	0.0017661973351208067	0.9982353614735362	1.0313260364395098
MCM2-P-S41	-0.0017661973351208067	0.9982353614735362	1.0256594098656664
XPC-P-S94	0.0017661973351208067	0.9982353614735362	1.0228493840852124
MRE11-P-S667	-0.0017661973351208067	0.9982353614735362	1.0172752730002794
TP53BP1-P-S1705	-0.0017661973351208067	0.9982353614735362	1.0145109380193005
CDK7-P-S164	-0.0017661973351208067	0.9982353614735362	1.003602218255652
MDC1-P-S1814	-0.0017661973351208067	0.9982353614735362	1.0284849178818252
TOP1-P-S394	0.0017661973351208067	0.9982353614735362	1.0200547136368923
POLR2A-P-S1882	-0.0017661973351208067	0.9982353614735362	1.0117615858837468
TP53BP1-P-T1372	-0.0017661973351208067	0.9982353614735362	1.009027095111088
MCM4-P-S131	-0.0017661973351208067	0.9982353614735362	1.0063073455285783
MDC1-P-S498	0.0012920295347192846	0.9987088047760833	1.0013863082741425
MNAT1-P-S279	-7.029744879680555E-5	0.999929705022011	0.9999297050220108

Data type: org.panda.causalpath.data.ProteinData
Row ID	Change amount	P-value	Q-value
SOD1-G	6.7449434614596555	0.001176815212847755	0.17416865150146774
SUMO2-G	6.7449434614596555	0.001176815212847755	0.08708432575073387
UNG-G	4.850146799054917	0.007827228435146502	0.3861432694672275
YY1-G	4.219060063341574	0.014712466794721926	0.5443612714047112
XPA-G	4.1303591949334315	0.016077102971390703	0.47588224795316486
CDK6-G	-4.128890818767062	0.016100727546855133	0.3971512794890933
TIMELESS-G	3.468617400795552	0.031160082797964617	0.6588131791569661
MSH6-G	3.4448146262480615	0.03191067689626489	0.5903475225809004
MSH2-G	3.383192221290531	0.03393894101675608	0.5581070300533223
FANCD2-G	3.1624144063198427	0.042323431661076875	0.6263867885839377
PARP1-G	3.123568134008108	0.04399989048659008	0.5426653160012777
RUVBL2-G	3.123568134008108	0.04399989048659008	0.5919985265468484
ACTL6A-G	2.94428830550419	0.05263950973758403	0.5992805723971105
POLE3-G	2.9188551090703823	0.05399547085071153	0.5708092632789505
MGMT-G	2.827689454096669	0.059149363221800054	0.5836070504550939
POLB-G	2.7439571405634835	0.0643153378403774	0.594916875023491
POLR2J-G	2.6211283575411364	0.07272076149668667	0.5979262611949793
PIAS1-G	2.6211283575411364	0.07272076149668667	0.6330983942064486
DHFR-G	2.588669363320301	0.0751199309468603	0.5851447252702803
RFC3-G	2.5877230215019664	0.07519105372682827	0.5564137975785293
POLG2-G	2.403782266609287	0.09037548187119776	0.6369319674732032
YWHAG-G	-2.278957094617954	0.10239093510935397	0.6888117452811086
RUVBL1-G	2.0651357261193253	0.12680107918160058	0.8159373790816037
FEN1-G	1.9727007279478699	0.13908072932277413	0.8576644974904405
BARD1-G	-1.9536106741406607	0.14176129257140466	0.8392268520227155
SUMO1-G	1.9356612622800398	0.14432879807132915	0.8215639274829505
MCM7-G	1.8509140386979073	0.1570935111220714	0.8611051720765396
HLTF-G	1.8509140386979073	0.1570935111220714	0.8303514159309489
ATR-G	1.8509140386979073	0.1570935111220714	0.801718608485054
MCM6-G	1.7739006209371757	0.169669878514646	0.7847231881302377
BABAM2-G	1.7739006209371757	0.169669878514646	0.8370380673389202
RRM2B-G	-1.7739006209371757	0.169669878514646	0.8100368393602453
POLR2C-G	1.7617177865232294	0.1717495811634808	0.7702708488543988
MCM3-G	1.7271485850516537	0.17779064278348408	0.7739122097634014
MCM2-G	1.7271485850516537	0.17779064278348408	0.7518004323415899
MCM5-G	1.7269163361379793	0.1778319392624776	0.7310868614124079
SMARCA4-G	1.7080610151945959	0.181216828857811	0.6876946325886162
WEE1-G	1.7080610151945959	0.181216828857811	0.724867315431244
XPC-G	1.7080610151945959	0.181216828857811	0.7057918597620008
PLK1-G	1.7078955923267913	0.18124680874494623	0.6542567730305375
TOP1-G	1.7078955923267913	0.18124680874494623	0.670613192356301
MLH1-G	1.7070322904454611	0.1814033470160906	0.639230841866224
TCEA1-G	1.7070322904454611	0.1814033470160906	0.6243650083344513
BLM-G	-1.7055490123224488	0.1816726182848829	0.6110806251400607
MCM4-G	1.7026362721381565	0.18220255482961384	0.5992439581062855
UBE2B-G	1.647771939885614	0.19247828440841294	0.6192779585314155
AURKB-G	1.6475404050481506	0.19252285499633148	0.6062421816905758
CDK2-G	1.4963432570971826	0.2239475834204654	0.6905050488797683
FANCI-G	1.4885390209007892	0.2257021609203431	0.6817126493104241
RBBP8-G	1.4788937756404779	0.22788964607502193	0.6745533523820648
XRCC1-G	1.462921719707561	0.2315587357006186	0.6719743702684619
SIRT6-G	1.462921719707561	0.2315587357006186	0.6590517862248375
XRCC5-G	1.462423741122557	0.23167407570821147	0.6469389283927415
MDC1-G	1.455776425218195	0.2332192163055635	0.6391934076522852
RECQL4-G	1.4340441994954276	0.23834306360011334	0.6413595165966687
TOP2B-G	1.3584776631305808	0.2570517986751214	0.6793511822128208
DDX11-G	1.2972449098331627	0.27328367797695774	0.7095786726419253
USP7-G	1.2039389165850867	0.30001016649451356	0.7400250773531334
PTEN-G	-1.2039389165850867	0.30001016649451356	0.7655431834687587
XRCC6-G	1.2039389165850867	0.30001016649451356	0.752567875274373
TERF2-G	1.1792218060303175	0.3075179541284906	0.7461091346068297
NFRKB-G	1.1301515131446271	0.3229843163453794	0.7709948196631636
POLR2E-G	1.1120613116690357	0.32888033701123026	0.772607775835906
GMNN-G	1.1028953537988688	0.3319086980371628	0.7675388642109389
RFC2-G	1.0788191249390937	0.33999678240238934	0.7741465199315942
GTF2H1-G	-1.02528696972385	0.3586935164556781	0.8043430369006115
PCLAF-G	0.9935983356643856	0.3702420360710362	0.8178480796793038
MRE11-G	0.9560120296204957	0.38442290026096315	0.8366851358620963
ELL-G	-0.9560120296204957	0.38442290026096315	0.824559264327863
MAPK8-G	-0.9560120296204957	0.38442290026096315	0.8127798462660364
MPG-G	0.9560120296204957	0.38442290026096315	0.8013322427975006
ORC1-G	0.9550222193117022	0.3848035943869817	0.7801497530037437
KDM4B-G	0.9550222193117022	0.3848035943869817	0.7909851662399068
SMUG1-G	0.9150618549775866	0.40049185291006906	0.8009837058201381
CDK1-G	0.8783660861938755	0.4154611851768391	0.8198434054156292
RRM1-G	0.8585667156306234	0.42376902877557887	0.8252344244577062
PCNA-G	0.8501747592224099	0.42734024377398666	0.821381247773377
CLK2-G	0.849390096620402	0.4276756932717357	0.8114872128745755
POLR2H-G	0.83605350095962	0.4334176349368108	0.8018226246331001
UBE2I-G	0.83605350095962	0.4334176349368108	0.8119722781094684
MCM8-G	0.7973963365006153	0.4505003898777934	0.8231365148384374
KAT5-G	0.7973963365006153	0.4505003898777934	0.8130982646574808
POLR2B-G	0.7493614508655475	0.4726682783174624	0.8229988845998168
SMARCC1-G	0.7493614508655475	0.4726682783174624	0.8428301830239089
POLR2D-G	0.7493614508655475	0.4726682783174624	0.8327964903688623
POLD1-G	0.724653757186071	0.48449229189172766	0.8337774325578569
DDB2-G	0.670326710952278	0.5115414242967298	0.8702083999530575
POLR2A-G	0.6416808174434858	0.5264068861611397	0.8853206721800987
VCP-G	-0.5811180428320365	0.5592727260216293	0.9300265556314734
CCNA2-G	0.5367498449225954	0.5846453558355102	0.9614168073739502
MEN1-G	0.5093111609651833	0.6009093661072453	0.9773031448777177
APEX1-G	0.5088338827894717	0.6011962354860703	0.9671417701297651
POLR2I-G	0.4938047023399467	0.6102999616070908	0.9608978118920153
GTF2H3-G	-0.4938047023399467	0.6102999616070908	0.9311793228644272
POLR2L-G	0.4938047023399467	0.6102999616070908	0.9507830980826256
ERCC1-G	0.4938047023399467	0.6102999616070908	0.9408791074775983
HRAS-G	0.4938047023399467	0.6102999616070908	0.9712300464284886
PIAS4-G	0.48532964882015656	0.61549426635952	0.9295219532776424
RAD9A-G	0.47775417646296026	0.6201746317667606	0.9271297525402077
ERCC2-G	-0.4710562597606292	0.6243424520664167	0.9240268290582967
PARG-G	0.4699248990577952	0.6250492083045268	0.9159136913769304
CDC25C-G	0.4578382234209128	0.6326498158520301	0.9179624779029456
TERF1-G	0.4520378960716443	0.6363300548588122	0.9143383312534389
POLE2-G	0.4284712939630846	0.6515042923920206	0.9271407237886446
POLK-G	0.4147598305056559	0.6604988933424909	0.9309889163303681
TOP2A-G	-0.3826352266722352	0.6820616518125613	0.9523124949835761
BRCA1-G	0.3826352266722352	0.6820616518125613	0.9434123782080287
TP53-G	-0.3826352266722352	0.6820616518125613	0.9346770784098062
TOPBP1-G	0.3826352266722352	0.6820616518125613	0.9261020593418263
UBA7-G	-0.3419549228950359	0.7103802258714672	0.9557843038997923
RRM2-G	0.32736585083635583	0.7208199821876419	0.952512119319384
WRN-G	0.32736585083635583	0.7208199821876419	0.9610933095835226
GTF2H4-G	-0.320233596514905	0.725979430999794	0.9508403167076949
PMS2-G	0.320233596514905	0.725979430999794	0.9424996121751712
RCHY1-G	0.320233596514905	0.725979430999794	0.934303963373648
MNAT1-G	-0.3200864110380908	0.72608629249254	0.9263859593870337
CDK4-G	-0.3200864110380908	0.72608629249254	0.9184681306743241
ATM-G	0.3113514884925129	0.7324563806296177	0.9186741045185035
YWHAE-G	0.2854017941770602	0.7517121600648512	0.9349025183999831
TP53BP1-G	-0.2854017941770602	0.7517121600648512	0.9271116640799832
CDA-G	-0.26118626822434093	0.7701374541178853	0.941986307516091
PIAS3-G	0.26058936939012484	0.7705972854891864	0.9348229364950785
KPNA2-G	0.2489689083642324	0.7796042121780945	0.938060352864699
GTF2H5-G	-0.2278951642938053	0.7962077264595171	0.9503124477097462
APBB1-G	0.21545612039777673	0.8061736440608418	0.9545095945680367
PRKDC-G	0.21545612039777673	0.8061736440608418	0.9469341215952746
ERCC3-G	-0.15376775648537072	0.8574711399997623	0.999257706456416
EYA3-G	0.14329302887616108	0.8665001221334567	1.0018907662168093
COPS5-G	-0.14085743853771954	0.8686131336298266	0.9888826444401102
ABL1-G	-0.14085743853771954	0.8686131336298266	0.9965484013737544
ATRX-G	0.1360573671755036	0.8727925614084663	0.9860557182324657
TTK-G	0.11945150676097456	0.8874070400173611	0.9949715297164353
BRCA2-G	0.1121707016771456	0.8938916556712242	0.9947065040551969
MTOR-G	0.09108256033035102	0.9129423349670114	1.008324369963565
CHEK2-G	0.09108256033035102	0.9129423349670114	1.0008553005564274
NBN-G	0.0789905112786363	0.9240486924440573	1.0055824006008858
CHEK1-G	-0.06880662107870215	0.9335071832370045	1.008460314737786
ERCC4-G	0.06030195298190402	0.9414802079037353	1.0024393580557758
POLR2G-G	-0.06030195298190402	0.9414802079037353	1.0097034113750205
AURKA-G	0.052199112931278685	0.9491398620067429	1.0033764255499855
GTF2H2-G	0.05146867920191682	0.9498333990364186	0.9762176601207635
POLR2K-G	0.05146867920191682	0.9498333990364186	0.9694851245337237
TYMS-G	-0.05146867920191682	0.9498333990364186	0.983044357044685
ERCC5-G	-0.05146867920191682	0.9498333990364186	0.9969882486339713
CCNH-G	0.05146867920191682	0.9498333990364186	0.9899672046295066
POLR2F-G	0.05146867920191682	0.9498333990364186	0.962844815461575
CDK7-G	0.03900118566160645	0.9617495688361519	0.9617495688361519
POLA1-G	0.03900118566160645	0.9617495688361519	0.9682920829098672

Data type: org.panda.causalpath.data.RNAData
Row ID	Change amount	P-value	Q-value
PLK2-R	-2.643125828565917	0.07113855472703631	12.94721696032061
RBBP8-R	2.2791463420559133	0.10237155972064342	9.315811934578552
YY1-R	2.2611907042659047	0.10422630813090739	6.323062693275048
RRM1-R	2.2190756318023195	0.10870955004631769	3.957027621685964
GADD45G-R	2.2190756318023195	0.10870955004631769	2.4731422635537275
CDK6-R	-2.2190756318023195	0.10870955004631769	4.946284527107455
OGG1-R	2.2190756318023195	0.10870955004631769	3.2975230180716366
RUVBL1-R	2.2190756318023195	0.10870955004631769	2.82644830120426
POLA1-R	2.0746683161688377	0.12559807943735157	2.5398722730664427
HLTF-R	1.855652290844964	0.1563509231296052	2.3713223341323455
POLE3-R	1.855652290844964	0.1563509231296052	2.1889129238144727
TYMS-R	1.855652290844964	0.1563509231296052	2.0325620006848673
PMS2-R	1.855652290844964	0.1563509231296052	2.8455868009588143
PCNA-R	1.855652290844964	0.1563509231296052	2.5868970917807403
SOX4-R	-1.855652290844964	0.1563509231296052	1.8970578673058762
CDA-R	-1.774184493728207	0.16962172068834977	1.9294470728299786
TOP2B-R	1.7515663364830245	0.1735019680411283	1.8574916578520795
ERCC2-R	-1.7515663364830245	0.1735019680411283	1.6619662201834395
KAT5-R	1.7515663364830245	0.1735019680411283	1.4353344628856979
CDK7-R	1.7515663364830245	0.1735019680411283	1.315723257645223
DHFR-R	1.7515663364830245	0.1735019680411283	1.7542976768602974
MSH2-R	1.7515663364830245	0.1735019680411283	1.263094327339414
XRCC5-R	1.7515663364830245	0.1735019680411283	1.5788679091742677
DTL-R	1.7515663364830245	0.1735019680411283	1.503683723023112
BARD1-R	1.7515663364830245	0.1735019680411283	1.3729286166732761
BABAM2-R	-1.6702982503411532	0.18819092925896228	1.3173365048127361
FANCI-R	1.664083128931131	0.1893642009689005	1.2764549843088848
FEN1-R	1.6384798678489765	0.19427514182815597	1.2627884218830139
CCNA1-R	-1.6144994813834308	0.19899024384112873	1.248835323416739
MCM3-R	1.5671520162388937	0.20863853618792894	1.2657404528734355
POLR2J-R	1.504350222910056	0.22216160246219627	1.3043036015522491
SOD1-R	1.4827957003634047	0.22700217038854953	1.2910748440848754
UNG-R	1.4827957003634047	0.22700217038854953	1.2519513639610913
PLK3-R	-1.4814970814164503	0.2272971512003966	1.2167082799550641
UBE2B-R	1.4218409147803521	0.24126945131993477	1.2546011468636609
CDC25A-R	1.4218409147803521	0.24126945131993477	1.219751115006337
POLR2G-R	1.4218409147803521	0.24126945131993477	1.1867848686548144
WRN-R	1.3732145641616833	0.2532914279190382	1.2131326284543409
PIAS1-R	1.3572668925072182	0.25736321793223965	1.2010283503504517
XPA-R	1.3455472623635811	0.2603971632918417	1.1848070929778798
CCNH-R	1.3455472623635811	0.2603971632918417	1.1559093590028096
MRE11-R	1.3269825386165666	0.26527651647696904	1.1495315714001992
WEE1-R	1.3269825386165666	0.26527651647696904	1.122798279042055
MCM2-R	1.3269825386165666	0.26527651647696904	1.0972801363365539
DBF4-R	1.3269825386165666	0.26527651647696904	1.0728961333068525
PARP1-R	1.2822088491572694	0.2774238357712967	1.0976334371820868
POLG2-R	1.2672151290582951	0.28161479160867714	1.0905083419740262
RFC2-R	1.2672151290582951	0.28161479160867714	1.0677894181829009
CDC25C-R	1.2451145869273108	0.2879079157571439	1.0693722585265346
POLE2-R	1.2081424839882626	0.2987517004146002	1.0874561895091448
MSH6-R	1.1691235147618584	0.31063909255878414	1.1085551930529158
MCM4-R	1.1548200083250075	0.3151142497409658	1.1028998740933802
SUMO1-R	1.1548200083250075	0.3151142497409658	1.0820904425067128
MCM7-R	1.1373375159384975	0.32067166944112185	1.080782293301559
TOPBP1-R	1.1360781985123787	0.32107575124273674	1.0624688495668744
CDC7-R	1.129707965239484	0.32312760713810473	1.0501647231988405
YWHAE-R	1.1078217342805685	0.330277610483159	1.0363883639299127
CHEK1-R	1.1078217342805685	0.330277610483159	1.0545706159286832
MNAT1-R	1.100308993842228	0.3327682444721231	1.0265054321004476
TDG-R	-1.054226305419487	0.3484619261416307	1.0570011759629463
YWHAG-R	-0.913366105762418	0.4011715628012008	1.1969381054068615
POLR2L-R	0.9056180605358101	0.40429193098010086	1.1867924425544896
POLR2F-R	0.9056180605358101	0.40429193098010086	1.1679544672758468
CDT1-R	0.8932937167022249	0.4093053941108342	1.1639622145026849
ABL1-R	-0.873406820285467	0.4175266851171774	1.1690747183280967
SUMO2-R	0.8706599219478579	0.418675165131204	1.1545284856648352
ACTL6A-R	0.8219118782540173	0.43959040724079407	1.1941112554899183
ERCC5-R	-0.8137932983076331	0.4431737833864281	1.186141596710734
XRCC6-R	0.8116127491555308	0.4441411999704091	1.1715028752842673
CDC45-R	0.8075293590035594	0.44595850963949346	1.1594921250626828
MCM8-R	0.792262794126848	0.45281899896572403	1.1607472931234053
MLH1-R	0.792262794126848	0.45281899896572403	1.1446258029411358
ERCC1-R	-0.7780847996311103	0.45928479191904104	1.1450661935515818
TOP1-R	0.7780847996311103	0.45928479191904104	1.1295923260711551
MCM6-R	0.7772703192135009	0.4596590227693265	1.115439228586899
PCLAF-R	0.7708004666277005	0.46264259009936004	1.0935188493257602
CDK2-R	0.7708004666277005	0.46264259009936004	1.1079072552379412
DDX11-R	0.7190893940466134	0.4871956973316077	1.136789960440418
RAD51D-R	0.7190893940466134	0.4871956973316077	1.1224002141057292
SMARCC1-R	0.6926767521309989	0.5002352695488765	1.138035238223694
GTF2H3-R	0.6676797012081304	0.5128972731122272	1.1246663097159681
MTOR-R	-0.6676797012081304	0.5128972731122272	1.1524358482274735
BLM-R	0.6676797012081304	0.5128972731122272	1.1383817525173823
ERCC4-R	0.6676797012081304	0.5128972731122272	1.1112774250764923
CDK1-R	0.663689760622439	0.5149477907600116	1.1025940931567306
ATR-R	0.6360614997507094	0.5293732603840253	1.120301551045263
PRKDC-R	-0.628964960391838	0.5331433399990338	1.102637362270729
RAD51-R	0.628964960391838	0.5331433399990338	1.1153113549405076
EYA3-R	-0.628964960391838	0.5331433399990338	1.0902481784249907
EXO1-R	0.6125275035875996	0.5419792818795395	1.0960025478008464
ERCC3-R	0.6125275035875996	0.5419792818795395	1.083958563759079
MCM5-R	0.5898975701103656	0.5543840673251713	1.0967163070997954
TCEA1-R	0.5782545238968158	0.5608765091984084	1.0976292975710786
GMNN-R	0.5555506318700199	0.5737562457258062	1.1108897523627312
POLR2I-R	-0.5548499850247312	0.5741583870924275	1.0999665942191768
POLB-R	0.5364827187134164	0.5848015507940835	1.10868627338045
SMUG1-R	0.5326329382581256	0.5870572475572733	1.101488856241482
FANCC-R	0.5326329382581256	0.5870572475572733	1.090249174034936
RUVBL2-R	0.5184843899461532	0.5954222924638123	1.0946147194789275
XRCC1-R	-0.4967019716679037	0.6085343172561772	1.1075324574062426
RECQL4-R	0.4937698006717831	0.6103212624655466	1.0997868293933613
TERF1-R	0.48855087202080566	0.6135148117929575	1.0947028994737085
PLK4-R	0.47105634584353945	0.6243423983212038	1.1032069562568843
RFC3-R	0.4699266554971143	0.6250481104444852	1.093834193277849
BRCA1-R	-0.4474773268850449	0.6392387096187713	1.1080137633392035
PARG-R	0.4438683882892158	0.6415498507446249	1.101528989014356
EP300-R	-0.44156359039079285	0.6430301987885728	1.09375230074318
TP53BP1-R	-0.40514741273671767	0.6668784972279772	1.1238137638471468
TTK-R	0.3762296103510805	0.6864447001373244	1.146173719495349
RCHY1-R	0.35974061444233485	0.6978573167061024	1.1546366512773694
TFPT-R	-0.35974061444233485	0.6978573167061024	1.1442345192838796
POLR2H-R	0.3437226389546828	0.7091255845892211	1.1523290749574844
PIAS3-R	-0.33672754668562355	0.714103373231736	1.150148795824566
PIAS4-R	-0.33216036920375935	0.717372269209547	1.1452785350538381
COPS5-R	0.3134201464062328	0.7309427450782353	1.1567963443846854
POLR2K-R	0.29151821987790905	0.7471284008907132	1.1722186979492224
POLR2B-R	0.29151821987790905	0.7471284008907132	1.1621997347188873
FANCD2-R	0.27373260162822355	0.7605354140048292	1.1534787112406577
MGMT-R	0.27373260162822355	0.7605354140048292	1.1730291978718552
RRM2B-R	0.27373260162822355	0.7605354140048292	1.143945829329578
GTF2H2-R	0.27373260162822355	0.7605354140048292	1.1631718096544446
NEIL1-R	0.27210272803291374	0.7617760013200338	1.1364199363954601
CHEK2-R	0.27210272803291374	0.7617760013200338	1.1180905825826302
MPG-R	0.27210272803291374	0.7617760013200338	1.1271807499207003
GTF2H4-R	0.24201799394352624	0.7850420514223985	1.1339496298323535
KDM4B-R	0.24201799394352624	0.7850420514223985	1.1430212268710123
RAD9A-R	-0.23654755596923227	0.7893483431838494	1.1311921138540204
XPC-R	0.2298348346940121	0.7946648427267766	1.1299140732521356
APBB1-R	0.22813988871223959	0.7960128988272183	1.1230569580353
MDM2-R	0.22813988871223959	0.7960128988272183	1.1144180583581054
ORC1-R	0.22458991459009944	0.7988437457626919	1.1098439826626711
USP7-R	0.18741769763421315	0.8290973520459985	1.13455427122084
TOP3A-R	0.18741769763421315	0.8290973520459985	1.1177460597953461
POLR2A-R	-0.18741769763421315	0.8290973520459985	1.1431493793361494
FANCA-R	0.18741769763421315	0.8290973520459985	1.1260874483012815
MAPK8-R	0.18741769763421315	0.8290973520459985	1.1095273387674391
NBN-R	0.17872799766169983	0.8363333530893038	1.1110413887755715
TIMELESS-R	0.17025959743894684	0.8434458317958422	1.1123705897597338
SMARCA4-R	0.16916490232905518	0.8443696533825986	1.097680549397378
TP53-R	-0.16916490232905518	0.8443696533825986	1.1055775317671435
DDB2-R	0.15365652416749945	0.8575665238069549	1.1069298392401827
HRAS-R	0.14932908971836292	0.8612856280104546	1.1039012978725546
MEN1-R	-0.1470770111380818	0.8632274967245291	1.0986531776494008
DNTT-R	0.1470770111380818	0.8632274967245291	1.0910236416935022
MDC1-R	-0.1470770111380818	0.8632274967245291	1.0834993407163056
CDC25B-R	-0.14193468061158407	0.8676779308267109	1.0816259137702835
AURKB-R	0.13140323343003146	0.8768641221659831	1.0783058799608711
POLK-R	-0.13140323343003146	0.8768641221659831	1.0856412941102649
MCM10-R	-0.13029291199630486	0.8778382639004355	1.058056715429664
CDKN2D-R	0.13029291199630486	0.8778382639004355	1.0722588189924784
CDK4-R	0.13029291199630486	0.8778382639004355	1.0651104268658618
POLD1-R	-0.10413847668349135	0.9011005073713949	1.0789492917210124
APEX1-R	0.09589608638264605	0.908558422755837	1.0807688427553095
BRCA2-R	-0.08821908253994852	0.9155602714798231	1.0820257753852456
GTF2H5-R	0.0853631601080672	0.9181787779427792	1.0781195973263602
UBA7-R	-0.0853631601080672	0.9181787779427792	1.0712085742665758
POLR2C-R	-0.08170879536400132	0.9215402764275241	1.0682823586612062
CLK2-R	0.0711932709613478	0.9312818849878786	1.0727424244797084
AURKA-R	0.06586290020297003	0.9362592164414325	1.0716929395744699
VCP-R	-0.05384619137445425	0.9475778409392167	1.077869794068359
POLR2D-R	0.04967855114154871	0.9515352452635792	1.0756485381240461
KPNA2-R	0.04457942959020562	0.9563996306458147	1.0744736591206066
AEN-R	-0.03884181503953166	0.9619028556776027	1.0740265014314336
POLR2E-R	-0.025879002038749186	0.9744529893008345	1.0814051466631212
CCNA2-R	0.02505011219122721	0.9752610383361094	1.0757424786495269
SIRT6-R	0.02384937475756297	0.9764327741051528	1.0705467764285412
RRM2-R	-0.02314377858849601	0.977121984453409	1.0460953010030614
UBE2I-R	-0.02314377858849601	0.977121984453409	1.064887432158805
PLK1-R	-0.02314377858849601	0.977121984453409	1.0585488164911931
ATRX-R	0.02314377858849601	0.977121984453409	1.0522852140267482
GADD45A-R	0.02118090295568636	0.9790418369864395	1.0420211364417076
CDC6-R	-0.019933004902327852	0.9802643440123947	1.0372564570363711
RNF111-R	-0.009288142071011196	0.9907548594827236	1.042297019802634
NFRKB-R	-0.00226130401398189	0.9977412508078342	1.0436144117645163
PTEN-R	3.8640140373300555E-4	0.999613673239675	1.0163669750258149
TOP2A-R	3.8640140373300555E-4	0.999613673239675	1.010720491831227
ATM-R	3.8640140373300555E-4	0.999613673239675	1.039598220169262
TERT-R	3.8640140373300555E-4	0.999613673239675	1.0220769018518026
ELL-R	3.8640140373300555E-4	0.999613673239675	0.999613673239675
GTF2H1-R	-3.8640140373300555E-4	0.999613673239675	1.0336914121001184
TERF2-R	-3.8640140373300555E-4	0.999613673239675	1.0278513476249764
PER1-R	-3.8640140373300555E-4	0.999613673239675	1.0051364007161372