

Data type: org.panda.causalpath.data.SiteModProteinData
Row ID	Change amount	P-value	Q-value
TP53BP1-P-S1618	1.1836993549368526	0.3061441054817888	110.51802207892575
TTK-P-S821	1.1836993549368526	0.3061441054817888	55.25901103946288
DDB2-P-S26	-1.033048805323401	0.3559201733903674	42.82906086464087
CHEK2-P-S303	0.9927873176860181	0.3705424308149407	33.4414543810484
RBBP8-P-T315	-0.8001249466336207	0.4492728254830066	32.43749799987308
APBB1-P-T709	0.7815265891968317	0.45770674752067325	27.538689309160507
TP53BP1-P-S1635	-0.7815265891968317	0.45770674752067325	20.65401698187038
TCEA1-P-S100	-0.7815265891968317	0.45770674752067325	15.021103259542095
TP53BP1-P-T591	0.7815265891968317	0.45770674752067325	13.769344654580253
NBN-P-S509	0.7815265891968317	0.45770674752067325	11.802295418211646
NBN-P-S343	0.7815265891968317	0.45770674752067325	23.60459083642329
PARG-P-S197	-0.7815265891968317	0.45770674752067325	18.359126206107007
MCM3-P-T722	-0.7815265891968317	0.45770674752067325	16.523213585496304
MCM6-P-S762	0.7815265891968317	0.45770674752067325	12.71016429653562
RECQL4-P-S89	-0.7815265891968317	0.45770674752067325	11.015475723664203
XRCC6-P-T455	0.7464000205936128	0.4740701271797579	10.696207244493287
FANCD2-P-S1435	-0.5981733950117244	0.5498150142749549	11.675483538426985
KAT5-P-S86-S90	-0.5964107164312256	0.5507850160733981	11.046299489027597
TP53BP1-P-S1426	0.5964107164312256	0.5507850160733981	10.464915305394564
SIRT6-P-S330	-0.5851544097257823	0.5570198458898382	10.05420821831158
RAD9A-P-S387	-0.5741352812875377	0.5631916606752928	7.819699596299258
XRCC1-P-S461	-0.5741352812875377	0.5631916606752928	7.530081092732619
TOP2B-P-S1413	-0.5741352812875377	0.5631916606752928	7.261149625135025
TP53BP1-P-S635	-0.5741352812875377	0.5631916606752928	7.010765155302783
MGMT-P-S201	-0.5741352812875377	0.5631916606752928	6.777072983459357
TOP2B-P-S1375	0.5741352812875377	0.5631916606752928	9.681532833513367
TIMELESS-P-S1121	-0.5741352812875377	0.5631916606752928	9.241463159262759
TP53BP1-P-S1426-S1430	0.5741352812875377	0.5631916606752928	8.839660413207856
WRN-P-S1133	0.5741352812875377	0.5631916606752928	8.471341229324196
TOP2A-P-S1351-S1354	-0.5741352812875377	0.5631916606752928	8.132487580151228
XRCC6-P-S2	0.5741352812875377	0.5631916606752928	6.55845772592841
TP53BP1-P-S523-S525	-0.5741352812875377	0.5631916606752928	6.353505921993147
UNG-P-S23	0.5492579147554725	0.577378115221299	6.316166654390574
TCEA1-P-S81	0.5492579147554725	0.577378115221299	6.130397046908498
XRCC6-P-S520	0.5231202129152732	0.5926684083157183	6.112951297199266
PARG-P-S316	-0.507625933186544	0.6019228890320809	6.0359489705717
TP53BP1-P-S630	-0.4634385489938675	0.6291166735176205	6.138138355131378
FANCD2-P-S1412	-0.4595055333911159	0.6315958713766358	6.0001607780780395
XRCC1-P-S266	0.4595055333911159	0.6315958713766358	5.846310501717064
ATR-P-S435	-0.4128618615399516	0.6617536901499583	5.972327053603374
KAT5-P-S155	-0.4128618615399516	0.6617536901499583	5.826660540100852
TOP2B-P-S1400	-0.4128618615399516	0.6617536901499583	5.687930527241308
TP53BP1-P-T1609	0.4128618615399516	0.6617536901499583	5.555653073119418
TP53BP1-P-S294	-0.4128618615399516	0.6617536901499583	5.429388230548522
ELL-P-T180	-0.4128618615399516	0.6617536901499583	5.193327872698586
TOP2B-P-S1550	-0.4128618615399516	0.6617536901499583	5.082831534981595
POLR2A-P-S1882	0.4128618615399516	0.6617536901499583	5.308735158758554
SMARCA4-P-S699	-0.4128618615399516	0.6617536901499583	4.976939211336145
APBB1-P-S517	0.4128618615399516	0.6617536901499583	4.875369023349693
TIMELESS-P-S1173	-0.4128618615399516	0.6617536901499583	4.777861642882699
PRKDC-P-S3205	0.4041491340658408	0.6675445602107466	4.725168357570187
PIAS1-P-T508	0.40408309827920263	0.6675886434964173	4.634605775042436
PTEN-P-S294	-0.3886176516446417	0.6779934501428715	4.450102463665029
UNG-P-S12	-0.3886176516446417	0.6779934501428715	4.618030858520314
SMARCA4-P-S1453	-0.3886176516446417	0.6779934501428715	4.532511768547715
MCM3-P-T674	-0.3886176516446417	0.6779934501428715	4.3706363482424395
XPC-P-S94	-0.36955407360545484	0.6910424159935952	4.376601967959436
MRE11-P-S619	0.35814209432359445	0.6989737477478765	4.350509016154886
XRCC6-P-S477	0.34297824995383014	0.7096536463919275	4.3421180736862
FEN1-P-Y152-S157-S162	-0.34297824995383014	0.7096536463919275	4.132015586249771
MDC1-P-T1280	0.34297824995383014	0.7096536463919275	4.06642803726168
FANCD2-P-S592	0.34297824995383014	0.7096536463919275	4.002890099179466
DDB2-P-S24	-0.34297824995383014	0.7096536463919275	3.941307174576705
MDC1-P-S495	0.34297824995383014	0.7096536463919275	3.881590399204331
TOP2B-P-S1522	-0.34297824995383014	0.7096536463919275	3.8236562141415797
POLE3-P-S122	0.34297824995383014	0.7096536463919275	3.712825599238925
TP53BP1-P-S862	-0.34297824995383014	0.7096536463919275	3.659785233535512
TP53BP1-P-S507	0.34297824995383014	0.7096536463919275	3.6082389626406455
TOP2B-P-S1466	-0.34297824995383014	0.7096536463919275	3.5093831006504907
MDC1-P-S882	-0.34297824995383014	0.7096536463919275	3.4619590046957547
MSH6-P-S227	-0.34297824995383014	0.7096536463919275	4.269749439124764
POLA1-P-S215	0.34297824995383014	0.7096536463919275	4.199753546680096
SMARCA4-P-S1663	0.34297824995383014	0.7096536463919275	3.767425975698321
TP53BP1-P-S1002	0.34297824995383014	0.7096536463919275	3.55812453260397
TOPBP1-P-T822	-0.3428918405639775	0.7097149697799391	3.41609472120744
MRE11-P-S688-S689	0.3412048402884821	0.7109132696113601	3.3768380306539605
TOP2B-P-T1317	-0.3301196262158414	0.7188377364500664	3.3701353617983636
POLR2A-P-S1917	0.3300686181382162	0.7188744039162878	3.327098202740768
MDC1-P-S299	-0.3300686181382162	0.7188744039162878	3.284983035617467
SUMO1-P-T76	-0.3300686181382162	0.7188744039162878	3.2038723433799987
ELL-P-S319	-0.3300686181382162	0.7188744039162878	3.089448331116427
XRCC6-P-S560	0.3300686181382162	0.7188744039162878	3.0531018801621164
KAT5-P-S90	-0.3300686181382162	0.7188744039162878	3.0176006955090684
TOP2B-P-S1441	-0.3300686181382162	0.7188744039162878	2.949018861520226
TP53BP1-P-S552	0.3300686181382162	0.7188744039162878	2.8517984594920867
RAD9A-P-S328	-0.3300686181382162	0.7188744039162878	3.2439207476722487
TERF2-P-S365	0.3300686181382162	0.7188744039162878	3.1648007294363403
MDC1-P-S955	-0.3300686181382162	0.7188744039162878	3.126670600166023
SMARCC1-P-S328	-0.3300686181382162	0.7188744039162878	2.982915630043447
TOP2B-P-S1400-S1413	-0.3300686181382162	0.7188744039162878	2.9158838181323583
POLR2A-P-S1966	-0.3300686181382162	0.7188744039162878	2.883485109041999
ATRX-P-S729	-0.3295406604810173	0.7192540393693035	2.822290306655637
MCM4-P-T19	-0.3295406604810173	0.7192540393693035	2.791943099057189
ATRX-P-S1348	-0.3295406604810173	0.7192540393693035	2.7622415767267934
PCLAF-P-S72	-0.32716720991960346	0.7209631807517932	2.7396600868568144
PRKDC-P-S2624	0.3195002576805219	0.726512015167968	2.7319878903712134
ACTL6A-P-S233	0.3152685015902729	0.7295929510997704	2.687582197418542
TP53BP1-P-S727	-0.3152685015902729	0.7295929510997704	2.7152892303816194
MSH6-P-S830	0.30922204652514745	0.7340177658353758	2.6765698329956633
KDM4B-P-S622	0.28987395926043596	0.7483578852158191	2.7015719656291073
DDB2-P-T148	-0.28987395926043596	0.7483578852158191	2.6748237283456504
MDC1-P-S793	-0.28691900797874414	0.7505725167605979	2.656438025005645
POLA1-P-T225	-0.28514789810505775	0.7519030410605102	2.6353106584742156
SMARCC1-P-S357	-0.27580526896565005	0.7589607095762204	2.63446938612515
MDC1-P-T1343	0.27580526896565005	0.7589607095762204	2.6093792014953867
MDC1-P-S108	0.24947423901073454	0.7792103538002744	2.653725827565085
TP53BP1-P-S532	0.2463779287781752	0.781626769848388	2.6370772328529726
POLR2A-P-T1870	0.2444139659474831	0.7831633641850194	2.617796059914741
RRM2-P-S20	0.2444139659474831	0.7831633641850194	2.593779582300844
MCM4-P-T23	-0.2444139659474831	0.7831633641850194	2.570199767916291
PRKDC-P-S4026	0.2444139659474831	0.7831633641850194	2.5243033434892146
MDC1-P-S780	-0.2444139659474831	0.7831633641850194	2.4584519519199306
MSH6-P-S14	-0.2444139659474831	0.7831633641850194	2.437258400610276
TOP1-P-S394	-0.2444139659474831	0.7831633641850194	2.5470448150521805
TP53BP1-P-S1101	-0.2444139659474831	0.7831633641850194	2.501964375847717
TP53BP1-P-S1317	0.2444139659474831	0.7831633641850194	2.480017319919228
TP53BP1-P-S1028	0.23941725575783876	0.7870863975150749	2.42853153421318
TP53BP1-P-S1430	0.23941725575783876	0.7870863975150749	2.407950758499509
PARP1-P-S75	0.23941725575783876	0.7870863975150749	2.3877158781759835
PMS2-P-S445	-0.23883344707223017	0.7875460395487193	2.3692010023090635
XRCC6-P-S27	-0.23883344707223017	0.7875460395487193	2.3496208287362617
POLR2A-P-S1910	-0.238124411225536	0.7881046359307087	2.3320145374670966
MSH6-P-S41	-0.238124411225536	0.7881046359307087	2.2944013997660146
MDC1-P-S453	-0.238124411225536	0.7881046359307087	2.2227013560233266
NBN-P-S347	0.238124411225536	0.7881046359307087	2.3130550696828114
TERF1-P-T371	-0.238124411225536	0.7881046359307087	2.2760461885678867
TP53BP1-P-T922	-0.238124411225536	0.7881046359307087	2.257982329928459
TTK-P-S321	-0.238124411225536	0.7881046359307087	2.240202941503825
MCM4-P-S120	0.238124411225536	0.7881046359307087	2.2054711129533784
PRKDC-P-S893	-0.23394741679676817	0.7914034293288532	2.1976664460593542
ATR-P-T1989	-0.22960376111683573	0.7948484899918399	2.190384006771406
TP53BP1-P-S398	-0.21728753471885262	0.8046985572636738	2.2007286300923203
TP53BP1-P-S1094-S1101	-0.21728753471885262	0.8046985572636738	2.184181798287115
TTK-P-S436	-0.21236618234889001	0.8086685232035973	2.178577140869393
ATRX-P-S84	-0.20310815278636207	0.8161899634331945	2.182552420736172
TTK-P-S281	-0.1858089105967926	0.8304322666274488	2.2043091783272724
TP53BP1-P-S1068	-0.1858089105967926	0.8304322666274488	2.188219330310285
RBBP8-P-T245	-0.1858089105967926	0.8304322666274488	2.1723626684964423
RBBP8-P-S568	-0.1816667692670225	0.8338791682892351	2.1656861852691645
KDM4B-P-S566	0.1816667692670225	0.8338791682892351	2.1502169982315276
MDC1-P-S329	-0.1816667692670225	0.8338791682892351	2.1349672322866233
TOP2B-P-T1292	-0.18063041638630986	0.8347438093266856	2.1221303884995315
TP53BP1-P-S580	0.17786372531922	0.8370564853220537	2.113128609799031
MTOR-P-S1261	-0.15308974088253294	0.8580527159481695	2.15109048928673
TP53BP1-P-T855	0.14790526733821804	0.8625128192071376	2.147359501612253
CDK7-P-T170	0.14547564638458926	0.86461094622002	2.1378393944207343
ATRX-P-S677	-0.14460942794947157	0.8653602126281781	2.125136304481444
MRE11-P-S649	0.1438151208226306	0.8660478474728284	2.112454546876291
ATRX-P-S1527	0.1438151208226306	0.8660478474728284	2.0982769995818193
MCM2-P-S139	-0.1438151208226306	0.8660478474728284	2.084288486251274
TP53BP1-P-T302	0.13705697631531538	0.8719205458968715	2.08452527860113
MDC1-P-T1589	-0.13497713162526329	0.8737358923793784	2.075122744401024
MPG-P-T67	0.13497713162526329	0.8737358923793784	2.061559850646769
POLR2A-P-S1861-S1868	0.12363776352582756	0.883699891245125	2.01908646037652
TP53BP1-P-S265	0.12363776352582756	0.883699891245125	2.00638780339302
XRCC6-P-S324	-0.12363776352582756	0.883699891245125	1.9814637313011811
NFRKB-P-S240	0.12363776352582756	0.883699891245125	1.9692324737005564
MCM6-P-S271	0.12363776352582756	0.883699891245125	1.9452174435334766
TOP2B-P-S1552	-0.12363776352582756	0.883699891245125	1.8989027424969653
ORC1-P-T230	-0.12363776352582756	0.883699891245125	1.8876666315946162
ATR-P-S464	0.12363776352582756	0.883699891245125	1.8655886592952642
SMARCA4-P-T1455	0.12363776352582756	0.883699891245125	2.071530264542144
MSH6-P-S200	-0.12363776352582756	0.883699891245125	2.058165553158001
PRKDC-P-S2612	-0.12363776352582756	0.883699891245125	2.044972184227501
TP53BP1-P-S809	0.12363776352582756	0.883699891245125	2.03194688369102
POLR2E-P-Y26-T36	0.12363776352582756	0.883699891245125	1.9938478796218135
SMARCC1-P-S310	-0.12363776352582756	0.883699891245125	1.9571512928803076
POLR2A-P-S1910-S1917	0.12363776352582756	0.883699891245125	1.933428246906001
TP53BP1-P-S1362	-0.12363776352582756	0.883699891245125	1.9217810887921094
WEE1-P-T190	0.12363776352582756	0.883699891245125	1.9102734176017375
CLK2-P-S97	0.12363776352582756	0.883699891245125	1.876562710232295
SMARCA4-P-S695	0.12363776352582756	0.883699891245125	1.854742213601687
MCM4-P-S26	0.11893256822002153	0.8878676692407306	1.8527180843693858
TOP2B-P-S1550-S1552	-0.11734546191521218	0.8892779284360232	1.84499616187014
TOP2B-P-S1424	0.11719367116257957	0.8894129228472725	1.8140003680670358
TOP2A-P-S1354	0.11719367116257957	0.8894129228472725	1.8038093547632885
TOP2B-P-S1454	0.11719367116257957	0.8894129228472725	1.7641651931201392
TOP2B-P-S1476	0.11719367116257957	0.8894129228472725	1.7545249461631987
ABL1-P-Y393	0.11719367116257957	0.8894129228472725	1.834731800844945
ABL1-P-S16	0.11719367116257957	0.8894129228472725	1.824307188340144
TP53BP1-P-T1372	-0.11719367116257957	0.8894129228472725	1.793732207529974
MDC1-P-S1033	-0.11719367116257957	0.8894129228472725	1.783767028599252
MSH6-P-S252	-0.11719367116257957	0.8894129228472725	1.7739119621429025
MDC1-P-T1239	0.11470319627094813	0.8916307439674934	1.7493407531101366
TOP2A-P-S1247	0.11470319627094813	0.8916307439674934	1.7305306374852965
CDC25C-P-S173	0.11470319627094813	0.8916307439674934	1.7212764629532895
SIRT6-P-T294	-0.11470319627094813	0.8916307439674934	1.739884857147379
TP53BP1-P-S771	0.11385719688234004	0.8923853821984863	1.7135698030513489
MCM2-P-S27	0.1080488201558613	0.8975837751809606	1.7144325018006707
TP53BP1-P-S1094	-0.1080488201558613	0.8975837751809606	1.6964803290069463
PARG-P-S291	0.1080488201558613	0.8975837751809606	1.705409172843825
UBA7-P-S24	0.10710566086241072	0.8984307390082907	1.6892369624062133
KPNA2-P-S62	-0.1071049238960389	0.8984314011217768	1.680485677745914
ATRX-P-S889	0.1071049238960389	0.8984314011217768	1.6718233804379454
TOP2A-P-S1374	0.1071049238960389	0.8984314011217768	1.6632499272049304
TP53BP1-P-S525	-0.1071049238960389	0.8984314011217768	1.646364141141936
POLR2A-P-S1861	0.1071049238960389	0.8984314011217768	1.6547639581885787
MDC1-P-S1820	0.10664434319525629	0.8988452965949273	1.638803798337216
TP53BP1-P-S1656	0.09547681349585635	0.9089394365373554	1.6488800833667603
VCP-P-S3	0.08691836062826716	0.9167519356302253	1.6383537067451055
TP53BP1-P-S222	-0.08691836062826716	0.9167519356302253	1.630282998830105
MDC1-P-T1157	0.08691836062826716	0.9167519356302253	1.6222914155025066
WEE1-P-S139	-0.08691836062826716	0.9167519356302253	1.59109350366592
PARG-P-S302	-0.08691836062826716	0.9167519356302253	1.583480616088571
RBBP8-P-S327	0.08691836062826716	0.9167519356302253	1.575940232202435
APEX1-P-T19	0.08691836062826716	0.9167519356302253	1.5684713211493428
TCEA1-P-S135	-0.08691836062826716	0.9167519356302253	1.553743890903809
MNAT1-P-T51	-0.08691836062826716	0.9167519356302253	1.5111755651256225
MDC1-P-S1775	-0.08691836062826716	0.9167519356302253	1.5043065852841424
TOPBP1-P-S888	0.08691836062826716	0.9167519356302253	1.49749976815616
MDC1-P-S453-T455	0.08691836062826716	0.9167519356302253	1.4840692769619341
TOP2B-P-S1336	-0.08691836062826716	0.9167519356302253	1.4774439676897828
RAD9A-P-S375	-0.08691836062826716	0.9167519356302253	1.4579182764868341
SMARCC1-P-S830	-0.08691836062826716	0.9167519356302253	1.6547372438125567
MSH6-P-S274-S275	-0.08691836062826716	0.9167519356302253	1.646504720211499
CLK2-P-S50	0.08691836062826716	0.9167519356302253	1.6143777988415187
ATRX-P-S25	0.08691836062826716	0.9167519356302253	1.6065410134102491
PIAS1-P-S503	-0.08691836062826716	0.9167519356302253	1.598779945712615
ABL1-P-S884	0.08691836062826716	0.9167519356302253	1.5610728715212798
POLR2A-P-S1875	0.08691836062826716	0.9167519356302253	1.546483405432296
ATRX-P-S316	0.08691836062826716	0.9167519356302253	1.539290459360518
APBB1-P-S205	0.08691836062826716	0.9167519356302253	1.5321641146412561
MNAT1-P-S279	-0.08691836062826716	0.9167519356302253	1.5251034505184853
MSH6-P-S261	-0.08691836062826716	0.9167519356302253	1.5181075631307859
TP53BP1-P-S1678	0.08691836062826716	0.9167519356302253	1.490754273705006
MDC1-P-S1086	-0.08691836062826716	0.9167519356302253	1.470877550055606
WEE1-P-S67	-0.08691836062826716	0.9167519356302253	1.464369242311997
USP7-P-S18	-0.08129299869038156	0.9219235294812201	1.459712255011932
TP53BP1-P-S119	0.07329723707868357	0.929324559251727	1.4650050912221548
TP53BP1-P-S366	0.07329723707868357	0.929324559251727	1.458635503869015
ABL1-P-S569	-0.07329723707868357	0.929324559251727	1.4460610598701442
ATRX-P-S1352	-0.07329723707868357	0.929324559251727	1.4398547892269247
TP53BP1-P-S208	0.07329723707868357	0.929324559251727	1.4215515503808198
UNG-P-S14	0.07329723707868357	0.929324559251727	1.4523210644583266
YY1-P-S247	-0.07329723707868357	0.929324559251727	1.433701563631938
NFRKB-P-S1303	0.07329723707868357	0.929324559251727	1.4276007059143552
PRKDC-P-T2603	0.07297363102365415	0.92962534297128	1.4160115983655361
PRKDC-P-S511	0.07198869743015492	0.9305414132610856	1.411451471375008
MCM3-P-S711-T722	-0.07015320632870187	0.9322509822139947	1.408128052632854
ATRX-P-S849	-0.06079153462624307	0.9410193892888092	1.4037520641870254
XPC-P-S884	0.06079153462624307	0.9410193892888092	1.392245899726476
MDC1-P-T1425	0.06079153462624307	0.9410193892888092	1.3865632634010618
PIAS1-P-S488	-0.06079153462624307	0.9410193892888092	1.380926827370976
TP53BP1-P-S640	0.06079153462624307	0.9410193892888092	1.3697903206986295
MDC1-P-S544	0.06079153462624307	0.9410193892888092	1.3642891547520488
PIAS1-P-S510	-0.06079153462624307	0.9410193892888092	1.4154499980552506
TOP2A-P-S1525	0.06079153462624307	0.9410193892888092	1.4095767615487973
ABL1-P-T852	0.06079153462624307	0.9410193892888092	1.397975306721235
SMARCA4-P-S1484	-0.06079153462624307	0.9410193892888092	1.375336030499029
CDC25C-P-T48	-0.05907276410767034	0.9426381764358216	1.350366594021157
TOP2B-P-S1613	-0.05907276410767034	0.9426381764358216	1.3450291766534845
TOP2B-P-S1581	-0.05907276410767034	0.9426381764358216	1.339733786194219
TIMELESS-P-S1149	-0.05907276410767034	0.9426381764358216	1.3611695267733264
RECQL4-P-S251	-0.05907276410767034	0.9426381764358216	1.3557465406108828
ATRX-P-S819	-0.05700537678344085	0.9445889905024268	1.3372416689073574
TP53BP1-P-T321	-0.05700537678344085	0.9445889905024268	1.332018068638188
MCM2-P-S41	0.05263355093956217	0.9487276091311533	1.3274832050245982
ATM-P-S1891	0.05263355093956217	0.9487276091311533	1.3172717957551783
MDC1-P-T1671	0.05263355093956217	0.9487276091311533	1.3122247773806373
MCM6-P-S13	0.05263355093956217	0.9487276091311533	1.2924176109296088
MDC1-P-S505	-0.05263355093956217	0.9487276091311533	1.3326485093243048
MCM2-P-T106	0.05263355093956217	0.9487276091311533	1.3223577872445804
ATRX-P-S1348-S1352	-0.05263355093956217	0.9487276091311533	1.3072162858639174
TP53BP1-P-S1460	0.05263355093956217	0.9487276091311533	1.3022458817351572
TTK-P-S455	-0.05263355093956217	0.9487276091311533	1.2973131321831302
PARP1-P-T368	-0.051994560580541506	0.9493340306548445	1.2883818987458604
MCM3-P-S160	-0.044604060972755884	0.9563760734907651	1.2930777622852667
PTEN-P-S370	0.044604060972755884	0.9563760734907651	1.2882528452618143
TOP2A-P-S1377	0.044604060972755884	0.9563760734907651	1.2787102315932082
PARP1-P-S782	-0.044604060972755884	0.9563760734907651	1.2646584708064696
SMARCA4-P-S1449	0.044604060972755884	0.9563760734907651	1.2834638012273838
RECQL4-P-S27	-0.044604060972755884	0.9563760734907651	1.2739917436537498
TP53BP1-P-S1462	0.044604060972755884	0.9563760734907651	1.2693079504785523
TP53BP1-P-S63	0.04456716720565781	0.9564113584577724	1.2555072741936577
ATRX-P-S703	-0.04456716720565781	0.9564113584577724	1.2509583347944053
MCM3-P-S672-T674	0.04456716720565781	0.9564113584577724	1.2419586345440858
ELL-P-S442	-0.04456716720565781	0.9564113584577724	1.2243422000115456
MDC1-P-S376	-0.04456716720565781	0.9564113584577724	1.2114543873798451
CHEK1-P-S301	0.04456716720565781	0.9564113584577724	1.207218532878517
VCP-P-S702	-0.04456716720565781	0.9564113584577724	1.203012196527024
TP53BP1-P-S1705	0.04456716720565781	0.9564113584577724	1.1988350708446385
TP53BP1-P-S1701	0.04456716720565781	0.9564113584577724	1.1905672427698477
POLA1-P-S192	0.04456716720565781	0.9564113584577724	1.18241267261389
MDC1-P-T1302	-0.04456716720565781	0.9564113584577724	1.178377134482102
TP53BP1-P-S500	-0.04456716720565781	0.9564113584577724	1.1743690489906662
ATRX-P-S92	-0.04456716720565781	0.9564113584577724	1.1703881369601894
TOP2A-P-S1106	-0.04456716720565781	0.9564113584577724	1.1625067353644978
TP53BP1-P-S993	-0.04456716720565781	0.9564113584577724	1.158605706051194
CDK7-P-S164	0.04456716720565781	0.9564113584577724	1.154730770579451
BARD1-P-T299	0.04456716720565781	0.9564113584577724	1.1470581408746041
ABL1-P-T781	-0.04456716720565781	0.9564113584577724	1.1432599351101187
CDK1-P-T161	0.04456716720565781	0.9564113584577724	1.1357384881686048
DDB2-P-S24-S26	-0.04456716720565781	0.9564113584577724	1.1320147554205109
TOP2B-P-S1473	-0.04456716720565781	0.9564113584577724	1.1101752424541989
ATRX-P-S1995-S1996	-0.04456716720565781	0.9564113584577724	1.260089417530131
ABL1-P-S718	0.04456716720565781	0.9564113584577724	1.2464422397229453
RCHY1-P-S257	0.04456716720565781	0.9564113584577724	1.237507169904143
MDC1-P-S1814	-0.04456716720565781	0.9564113584577724	1.2330875014401994
ABL1-P-Y185	0.04456716720565781	0.9564113584577724	1.228699289691302
MTOR-P-S2481	0.04456716720565781	0.9564113584577724	1.220015902485003
SIRT6-P-S303	-0.04456716720565781	0.9564113584577724	1.2157200718424501
NBN-P-S397	0.04456716720565781	0.9564113584577724	1.1946868526064216
XPC-P-S883-S884	-0.04456716720565781	0.9564113584577724	1.186475946402941
SMARCC1-P-S573	-0.04456716720565781	0.9564113584577724	1.1664341229839725
PARG-P-S137	0.04456716720565781	0.9564113584577724	1.150881668010853
YY1-P-S118	-0.04456716720565781	0.9564113584577724	1.1394868000107454
ATRX-P-S213	0.04456716720565781	0.9564113584577724	1.1283153607949539
MSH6-P-S137	0.04456716720565781	0.9564113584577724	1.1246400664601168
XPC-P-S903	0.04456716720565781	0.9564113584577724	1.1209886376729086
MCM4-P-S326	0.04456716720565781	0.9564113584577724	1.1173608427289834
POLR2A-P-S1889	-0.04456716720565781	0.9564113584577724	1.1137564529137285
SMARCA4-P-S1382	-0.04456716720565781	0.9564113584577724	1.1066169884719739
SUMO1-P-S2	-0.04456716720565781	0.9564113584577724	1.1030814709369197
XRCC1-P-S241	0.0434212397339137	0.9575079647033278	1.1008292205665646
TOP2B-P-S1236	0.039131860178382	0.9616239008869633	1.102051518159345
MDC1-P-S168	0.03500627848981449	0.9655993537328275	1.103105590815034
XPC-P-S61	-0.03315728868104857	0.9673863886928241	1.1016608401202193
TOPBP1-P-S817	-0.03261574725186314	0.9679104103772508	1.0953468907403998
TOP2B-P-S1449	0.03261574725186314	0.9679104103772508	1.0885222995208335
TOP2A-P-S1213	0.03261574725186314	0.9679104103772508	1.0851417954850544
COPS5-P-S284	0.03261574725186314	0.9679104103772508	1.0817822233628096
ATRX-P-S1061	0.03261574725186314	0.9679104103772508	1.0987913778181997
UNG-P-T60	0.03261574725186314	0.9679104103772508	1.091923931706836
TP53BP1-P-S484	-0.03252653402670262	0.9679967646385408	1.075221021644656
MRE11-P-S667	0.03252653402670262	0.9679967646385408	1.0686447462829152
TOP2B-P-S1466-S1476	0.03252653402670262	0.9679967646385408	1.078539605044794
TCEA1-P-S57	0.03252653402670262	0.9679967646385408	1.071922797651881
MSH6-P-S65	0.029653257577518563	0.970782086528923	1.0684522354784791
NBN-P-S604	0.029653257577518563	0.970782086528923	1.065204660294654
PIAS1-P-S485	-0.029653257577518563	0.970782086528923	1.0619767673846703
TOP1-P-S112	0.029653257577518563	0.970782086528923	1.058768378359339
TOP2B-P-S1452	0.026878437111612138	0.973479573320533	1.0521740298464444
MSH6-P-S309	0.026878437111612138	0.973479573320533	1.0585124276166038
MEN1-P-S548	0.026878437111612138	0.973479573320533	1.055333711617755
TP53BP1-P-S103	0.015470486308402238	0.984648566937031	1.0610690527291589
TP53BP1-P-S598	0.015470486308402238	0.984648566937031	1.0579111091198459
TP53BP1-P-T1638	0.015470486308402238	0.984648566937031	1.0547719070156327
SMARCC1-P-S328-S330	-0.015470486308402238	0.984648566937031	1.0516512800717994
MDC1-P-S498	-0.015470486308402238	0.984648566937031	1.048549063906396
TOP2A-P-S4	0.015470486308402238	0.984648566937031	1.045465096071377
POLR2A-P-S1875-S1882	0.015470486308402238	0.984648566937031	1.0393512651001995
POLR2A-P-S1920	-0.015470486308402238	0.984648566937031	1.036321086484747
TP53BP1-P-S999	0.015470486308402238	0.984648566937031	1.0303134280123716
NBN-P-T497	0.015470486308402238	0.984648566937031	1.0423992160242468
SMARCC1-P-S330	0.015470486308402238	0.984648566937031	1.0333085251868261
XRCC6-P-S6	0.015470486308402238	0.984648566937031	1.0273356435383474
ATRX-P-S598	-0.015470486308402238	0.984648566937031	1.0243750220872283
CCNH-P-T315	-0.015103949603793517	0.9850095429293877	1.0159669857071685
XRCC1-P-S447	-0.015103949603793517	0.9850095429293877	1.0218058764296234
MCM4-P-S131	0.015103949603793517	0.9850095429293877	1.018878065895441
TP53BP1-P-S1114	0.014940665890464501	0.9851703920768874	1.0132379246146905
POLR2C-P-S124	-0.010322844269399355	0.9897302534240364	1.0150358564945374
NBN-P-S432	0.010322844269399355	0.9897302534240364	1.003630959230554
MCM2-P-S381	-0.010322844269399355	0.9897302534240364	1.0121604008104168
MCM4-P-T110	-0.010322844269399355	0.9897302534240364	1.009301190638636
WEE1-P-S150	0.010322844269399355	0.9897302534240364	1.006458088693175
MDC1-P-S998	0.008241616277420087	0.9917922527330144	1.0029047709709193
ATRX-P-S875	-0.006680693322865477	0.9933415728965844	1.0016656642895725
PARG-P-S286	0.006680693322865477	0.9933415728965844	0.9988755092358412
MCM3-P-S672	-0.006538083297721193	0.9934832434648536	0.9962429191411448
MRE11-P-S689	-0.0016832656479297446	0.998318150249136	0.998318150249136

Data type: org.panda.causalpath.data.ProteinData
Row ID	Change amount	P-value	Q-value
SMUG1-G	-2.4782277648684516	0.08389176986743202	12.41598194037994
SOD1-G	-2.3630249091369455	0.09413504214128521	4.643995412303403
CDK6-G	2.3630249091369455	0.09413504214128521	6.965993118455105
YY1-G	-1.4503084410617801	0.23449794814195524	8.676424081252344
XPA-G	-1.2881259071337223	0.2757871498090951	8.163299634349213
BARD1-G	1.2881259071337223	0.2757871498090951	6.802749695291012
GTF2H1-G	0.856734804067439	0.4245460476571495	8.976116436179732
TTK-G	0.7791239338155461	0.45880778127332367	8.487943953556488
PTEN-G	-0.7791239338155461	0.45880778127332367	7.54483906982799
TYMS-G	0.7791239338155461	0.45880778127332367	6.790355162845191
POLR2G-G	0.7791239338155461	0.45880778127332367	6.173050148041082
UNG-G	-0.7791239338155461	0.45880778127332367	5.658629302370993
TIMELESS-G	-0.6417004038920211	0.5263965758207271	5.992822555497508
POLR2H-G	-0.6417004038920211	0.5263965758207271	5.564763801533401
UBE2B-G	-0.6417004038920211	0.5263965758207271	5.19377954809784
CHEK1-G	0.6068164489762635	0.5450834106439585	5.042021548456616
TERF1-G	-0.5077055842058975	0.6018749471697318	5.239852481242371
MCM8-G	0.500727621706337	0.6060894953589114	4.721118174374678
BLM-G	0.500727621706337	0.6060894953589114	4.4850622656559445
KDM4B-G	-0.500727621706337	0.6060894953589114	4.9834025173954934
POLG2-G	-0.43704210182034947	0.6459442354099729	4.552368897175048
CCNH-G	0.43704210182034947	0.6459442354099729	4.345443038212545
XRCC1-G	-0.3437483097624432	0.7091073809963127	4.562951842932795
RECQL4-G	-0.3437483097624432	0.7091073809963127	4.372828849477261
POLE2-G	-0.3437483097624432	0.7091073809963127	4.197915695498171
SMARCC1-G	0.3293229260864422	0.7194106627626424	4.095106849571964
APBB1-G	-0.3290094002229153	0.7196362519740938	3.8037916175773527
KPNA2-G	0.3290094002229153	0.7196362519740938	2.802793823478049
BRCA1-G	-0.3290094002229153	0.7196362519740938	3.67262638938503
POLR2L-G	0.3290094002229153	0.7196362519740938	3.5502055097388623
DDB2-G	-0.3290094002229153	0.7196362519740938	3.3283176653801836
PIAS1-G	-0.3290094002229153	0.7196362519740938	2.878545007896375
HRAS-G	-0.3290094002229153	0.7196362519740938	3.9446727885987363
ATRX-G	-0.3290094002229153	0.7196362519740938	3.4356827513601895
CDK4-G	0.3290094002229153	0.7196362519740938	3.227459554308057
CHEK2-G	0.3290094002229153	0.7196362519740938	3.0430332940618823
XPC-G	-0.3290094002229153	0.7196362519740938	3.1325342732989965
NFRKB-G	-0.3290094002229153	0.7196362519740938	2.958504591449052
TP53-G	0.3059685732304584	0.7364097620723302	2.7945806355565352
AURKB-G	0.30543960816830285	0.7367994001512769	2.7261577805597246
MRE11-G	-0.2611590788540393	0.7701583939549776	2.7800839586667485
CDK7-G	0.23593861675313796	0.7898291547228166	2.6566980658858377
PCLAF-G	-0.23593861675313796	0.7898291547228166	2.783207497594687
CDA-G	0.23593861675313796	0.7898291547228166	2.718481741836671
POLR2B-G	0.23593861675313796	0.7898291547228166	2.597660331088375
GTF2H5-G	0.201983522285108	0.8171083919104264	2.6289574348422415
UBE2I-G	0.19174818055576962	0.8255147229784278	2.599493170229943
KAT5-G	0.19174818055576962	0.8255147229784278	2.545337062516819
YWHAG-G	0.15707484328385793	0.8546400923529565	2.581361911596685
GMNN-G	-0.15481404887643746	0.8565744436555055	2.4857454443336238
POLB-G	-0.15481404887643746	0.8565744436555055	2.535460353220296
PCNA-G	0.1547192481660176	0.8566556513705053	2.438173776977592
RRM2-G	0.1376800868672503	0.8713774122380047	2.4332803209665035
TOP2A-G	0.13315672732692435	0.8753278935567314	2.2727811973051972
GTF2H4-G	0.13315672732692435	0.8753278935567314	2.2335953145930385
NBN-G	-0.13315672732692435	0.8753278935567314	2.089492391070907
CCNA2-G	0.13315672732692435	0.8753278935567314	1.8506932606628035
FANCD2-G	-0.13315672732692435	0.8753278935567314	1.7746373732383047
GTF2H2-G	0.13315672732692435	0.8753278935567314	1.7506557871134627
USP7-G	-0.13315672732692435	0.8753278935567314	1.6608785672614903
RRM1-G	-0.13315672732692435	0.8753278935567314	1.619356603079953
GTF2H3-G	0.13315672732692435	0.8753278935567314	1.5993645462518056
POLK-G	-0.13315672732692435	0.8753278935567314	1.579860100565808
AURKA-G	0.13315672732692435	0.8753278935567314	2.399046819377708
PIAS4-G	-0.13315672732692435	0.8753278935567314	2.3133665758285042
MLH1-G	0.13315672732692435	0.8753278935567314	2.1591421374399373
WRN-G	0.13315672732692435	0.8753278935567314	2.1237463646950205
MGMT-G	-0.13315672732692435	0.8753278935567314	2.0563258451808926
MNAT1-G	0.13315672732692435	0.8753278935567314	1.8775149021216848
RFC2-G	0.13315672732692435	0.8753278935567314	1.799285114533281
PLK1-G	0.13315672732692435	0.8753278935567314	1.72731370995195
POLA1-G	0.13315672732692435	0.8753278935567314	1.933560123080541
CDC25C-G	0.13315672732692435	0.8753278935567314	2.3554277862981134
ABL1-G	-0.13315672732692435	0.8753278935567314	2.195737766888072
TCEA1-G	-0.13315672732692435	0.8753278935567314	2.0241957538499413
CDK1-G	0.13315672732692435	0.8753278935567314	1.9930542807137883
WEE1-G	-0.13315672732692435	0.8753278935567314	1.9628564885817612
SUMO2-G	-0.13315672732692435	0.8753278935567314	1.90512541538818
TP53BP1-G	-0.13315672732692435	0.8753278935567314	1.8246271583999472
MAPK8-G	-0.13315672732692435	0.8753278935567314	1.704585897978898
XRCC6-G	0.13315672732692435	0.8753278935567314	1.682448418784367
ATR-G	-0.13315672732692435	0.8753278935567314	1.6398547879290664
MCM7-G	0.12531649132170297	0.8822176441672614	1.5543834682946989
PRKDC-G	0.12531649132170297	0.8822176441672614	1.5007840383535023
DDX11-G	0.12531649132170297	0.8822176441672614	1.53609660396182
RBBP8-G	-0.12531649132170297	0.8822176441672614	1.5182350155436592
TERF2-G	0.12531649132170297	0.8822176441672614	1.5731109799609
UBA7-G	-0.11656280367311428	0.8899742015726418	1.4967747935539888
POLD1-G	0.08003763011913503	0.9230816100621159	1.5350121156089118
SIRT6-G	-0.07657666820836483	0.9262818951930583	1.5232191165396958
APEX1-G	-0.0703587327613538	0.9320593996835954	1.5158768258590345
MCM5-G	0.06656839838783828	0.9355989202099506	1.5050939151203553
FANCI-G	0.03590610684400657	0.9647308708569078	1.4719605039878594
MCM6-G	0.03590610684400657	0.9647308708569078	1.372886239296369
VCP-G	0.03590610684400657	0.9647308708569078	1.322038600803911
MTOR-G	-0.03590610684400657	0.9647308708569078	1.4872934259043997
PIAS3-G	-0.03590610684400657	0.9647308708569078	1.4569404988451262
HLTF-G	-0.03590610684400657	0.9647308708569078	1.4136650384833898
ERCC3-G	0.03590610684400657	0.9647308708569078	1.399805577321788
SMARCA4-G	-0.03590610684400657	0.9647308708569078	1.3469827253473807
DHFR-G	0.03590610684400657	0.9647308708569078	1.5029491461770776
MSH2-G	0.03590610684400657	0.9647308708569078	1.3343941017460035
ELL-G	0.03590610684400657	0.9647308708569078	1.5352706331916384
POLR2E-G	-0.03590610684400657	0.9647308708569078	1.518937966881089
MCM3-G	0.03590610684400657	0.9647308708569078	1.442223928149721
XRCC5-G	0.03590610684400657	0.9647308708569078	1.4278016888682237
CLK2-G	-0.03590610684400657	0.9647308708569078	1.3862152319108967
MCM2-G	0.03590610684400657	0.9647308708569078	1.3598111322554511
MCM4-G	0.035482008050485125	0.9651400988257214	1.3104654552863007
FEN1-G	0.03459418306705721	0.9659973548082964	1.2997055319238897
BABAM2-G	-0.0321631367311451	0.9683485959683239	1.2911314612910987
MSH6-G	0.0321631367311451	0.9683485959683239	1.2796035018152854
PARG-G	-0.027350299156245168	0.9730203336160714	1.2414397359929188
POLR2I-G	0.027350299156245168	0.9730203336160714	1.2308291399587912
YWHAE-G	-0.027350299156245168	0.9730203336160714	1.1901405733485833
TOP2B-G	0.027350299156245168	0.9730203336160714	1.1707886941071428
RAD9A-G	0.027350299156245168	0.9730203336160714	1.0511460538334203
PARP1-G	0.027350299156245168	0.9730203336160714	1.0360216501811408
POLR2J-G	-0.027350299156245168	0.9730203336160714	1.0141338688392858
POLE3-G	0.027350299156245168	0.9730203336160714	1.1803853227473653
ERCC1-G	0.027350299156245168	0.9730203336160714	1.1613468497998272
COPS5-G	-0.027350299156245168	0.9730203336160714	1.1520560750014286
RRM2B-G	0.027350299156245168	0.9730203336160714	1.1339134596470752
ORC1-G	-0.027350299156245168	0.9730203336160714	1.116333406009136
ERCC2-G	-0.027350299156245168	0.9730203336160714	1.0909621922362014
ERCC4-G	-0.027350299156245168	0.9730203336160714	1.0667185879642858
RFC3-G	0.027350299156245168	0.9730203336160714	1.043529053443323
ERCC5-G	-0.027350299156245168	0.9730203336160714	1.2743983130546777
ATM-G	0.027350299156245168	0.9730203336160714	1.2632193804840226
POLR2C-G	-0.027350299156245168	0.9730203336160714	1.107746225962912
EYA3-G	0.027350299156245168	0.9730203336160714	1.074679174441631
ACTL6A-G	-0.027350299156245168	0.9730203336160714	1.0588750689351365
BRCA2-G	0.027350299156245168	0.9730203336160714	1.0070420236026474
CDK2-G	0.027350299156245168	0.9730203336160714	1.2522348641319876
PMS2-G	-0.027350299156245168	0.9730203336160714	1.2203983845354116
RUVBL2-G	0.027350299156245168	0.9730203336160714	1.2101429359258704
RCHY1-G	0.027350299156245168	0.9730203336160714	1.2000584114598214
TOP1-G	0.027350299156245168	0.9730203336160714	1.1429127728188775
RUVBL1-G	0.027350299156245168	0.9730203336160714	1.1250547607435826
TOPBP1-G	-0.027350299156245168	0.9730203336160714	1.0992901479021264
SUMO1-G	0.027350299156245168	0.9730203336160714	1.082759468986305
MPG-G	-0.027350299156245168	0.9730203336160714	1.0286214955369897
MDC1-G	0.027350299156245168	0.9730203336160714	1.02132630762538
POLR2K-G	0.024711839024153165	0.9755909987815073	0.9957756401356076
MEN1-G	-0.024711839024153165	0.9755909987815073	1.0026907487476604
POLR2F-G	0.020533215502163776	0.9796761554986256	0.9930963768068259
POLR2A-G	-0.013560661044891835	0.9865308705091732	0.9932419648663784
POLR2D-G	-0.013560661044891835	0.9865308705091732	0.9865308705091731

Data type: org.panda.causalpath.data.RNAData
Row ID	Change amount	P-value	Q-value
RBBP8-R	-0.8375525373511978	0.4327684128546254	26.254617046513943
XPA-R	-0.8375525373511978	0.4327684128546254	78.76385113954183
KDM4B-R	-0.8375525373511978	0.4327684128546254	39.381925569770914
GADD45G-R	-0.6449156501755164	0.524706799166444	23.874159362073204
PTEN-R	-0.62461281250113	0.5354687151795523	19.491061232535706
RAD51D-R	-0.62461281250113	0.5354687151795523	16.242551027113088
APBB1-R	-0.5961732754399849	0.5509158105409446	12.533334689806491
CDK6-R	0.5961732754399849	0.5509158105409446	14.323811074064562
SMUG1-R	-0.42694820397751865	0.6524973481199587	13.194946373092499
MDM2-R	-0.42694820397751865	0.6524973481199587	11.87545173578325
ERCC4-R	-0.3979488596350064	0.671696377581583	8.149916047989873
NEIL1-R	-0.3979488596350064	0.671696377581583	8.73205290856058
POLK-R	-0.3979488596350064	0.671696377581583	11.113521883622555
TERF2-R	0.3979488596350064	0.671696377581583	10.187395059987342
PMS2-R	-0.3979488596350064	0.671696377581583	9.403749286142162
RFC3-R	0.35755821609053007	0.6993819824727571	7.9554700506276115
CCNA2-R	0.1752591237677859	0.8392395256833813	8.984799627904435
EXO1-R	0.1752591237677859	0.8392395256833813	8.485644093020856
RNF111-R	-0.1752591237677859	0.8392395256833813	7.273409222589304
TOPBP1-R	-0.1752591237677859	0.8392395256833813	8.039031246019757
XPC-R	-0.1752591237677859	0.8392395256833813	7.6370796837187696
ATRX-R	-0.17310509608292546	0.8410492192212	6.9577708135572
VCP-R	0.1391162104474705	0.8701269047455928	6.88535202885643
YY1-R	-0.1391162104474705	0.8701269047455928	6.598462360987412
KPNA2-R	0.06766759374238383	0.9345710792256446	6.074712014966691
POLR2L-R	-0.06766759374238383	0.9345710792256446	6.541997554579513
MCM10-R	0.06766759374238383	0.9345710792256446	6.299701348854346
CDC45-R	0.06766759374238383	0.9345710792256446	6.803677456762694
DNTT-R	0.0654447283318577	0.9366508155819842	5.8782913253765905
RRM2-R	0.055125802744809806	0.946366085013329	5.556084757175028
TERF1-R	-0.055125802744809806	0.946366085013329	5.741287582414196
CHEK2-R	0.049216091428962966	0.9519753937472452	5.414360051937456
TOP2B-R	-0.045339170147126386	0.9556732910075669	4.969501113239348
PARG-R	-0.045339170147126386	0.9556732910075669	4.831459415649366
TTK-R	0.045339170147126386	0.9556732910075669	4.700879431442626
PLK4-R	0.045339170147126386	0.9556732910075669	4.459808691368646
TIMELESS-R	-0.045339170147126386	0.9556732910075669	4.34831347408443
CCNA1-R	0.045339170147126386	0.9556732910075669	3.8651675325194925
USP7-R	-0.045339170147126386	0.9556732910075669	3.7811421513777645
AEN-R	0.045339170147126386	0.9556732910075669	3.623594561737024
MCM7-R	0.045339170147126386	0.9556732910075669	3.54964365231382
POLG2-R	-0.045339170147126386	0.9556732910075669	3.220972943766244
MCM6-R	0.045339170147126386	0.9556732910075669	2.6353414994451088
PRKDC-R	0.045339170147126386	0.9556732910075669	2.484750556619674
YWHAG-R	0.045339170147126386	0.9556732910075669	2.3191005195116956
POLR2J-R	-0.045339170147126386	0.9556732910075669	2.2016777083971792
AURKB-R	0.045339170147126386	0.9556732910075669	2.1473152958441624
GMNN-R	0.045339170147126386	0.9556732910075669	2.121128523943624
BRCA2-R	0.045339170147126386	0.9556732910075669	4.57717207798361
MTOR-R	0.045339170147126386	0.9556732910075669	4.242257047887248
WRN-R	-0.045339170147126386	0.9556732910075669	4.141250927699456
PLK1-R	0.045339170147126386	0.9556732910075669	3.700692318369727
BRCA1-R	-0.045339170147126386	0.9556732910075669	3.4104419404583757
ERCC3-R	-0.045339170147126386	0.9556732910075669	3.051448051989073
ORC1-R	0.045339170147126386	0.9556732910075669	2.9480091349724944
KAT5-R	-0.045339170147126386	0.9556732910075669	2.8988756493896193
BLM-R	0.045339170147126386	0.9556732910075669	2.8053635316673735
POLD1-R	0.045339170147126386	0.9556732910075669	2.7608339517996376
DDB2-R	-0.045339170147126386	0.9556732910075669	2.7176959213027683
PLK2-R	0.045339170147126386	0.9556732910075669	2.59600804422951
RRM2B-R	-0.045339170147126386	0.9556732910075669	2.557831455343782
MNAT1-R	-0.045339170147126386	0.9556732910075669	2.3826375200462624
MSH6-R	0.045339170147126386	0.9556732910075669	2.288586038991805
PIAS1-R	-0.045339170147126386	0.9556732910075669	2.229904345684323
PLK3-R	0.045339170147126386	0.9556732910075669	2.174156737042215
ERCC5-R	0.045339170147126386	0.9556732910075669	5.2706829988902175
MRE11-R	-0.045339170147126386	0.9556732910075669	4.044942766590167
FANCA-R	0.045339170147126386	0.9556732910075669	3.344856518526484
POLA1-R	-0.045339170147126386	0.9556732910075669	2.8513530977602817
POLR2C-R	0.045339170147126386	0.9556732910075669	2.449754069906721
CDC6-R	0.045339170147126386	0.9556732910075669	5.115662910687564
ABL1-R	-0.045339170147126386	0.9556732910075669	3.953012249167663
GTF2H2-R	0.045339170147126386	0.9556732910075669	3.4786507792675434
DTL-R	-0.045339170147126386	0.9556732910075669	3.2817460181769276
CCNH-R	-0.045339170147126386	0.9556732910075669	3.1624097993341302
XRCC6-R	0.045339170147126386	0.9556732910075669	3.105938195774592
TP53BP1-R	-0.045339170147126386	0.9556732910075669	2.9988368786789166
UBE2B-R	-0.045339170147126386	0.9556732910075669	2.675885214821187
MPG-R	-0.045339170147126386	0.9556732910075669	2.520761434251843
TOP1-R	-0.045339170147126386	0.9556732910075669	2.415729707824683
DBF4-R	0.045339170147126386	0.9556732910075669	2.350439715721313
UNG-R	-0.045339170147126386	0.9556732910075669	2.2588641423815217
CDC25B-R	0.045339170147126386	0.9556732910075669	2.0955727585949058
PER1-R	0.045339170147126386	0.9556732910075669	2.070625463849728
POLR2I-R	0.04475505076463694	0.9562316813676114	2.0003927127460375
RRM1-R	-0.04475505076463694	0.9562316813676114	1.9776609773739233
GTF2H5-R	0.04475505076463694	0.9562316813676114	1.933712955654503
MCM8-R	-0.04475505076463694	0.9562316813676114	1.9124633627352225
POLR2H-R	-0.04475505076463694	0.9562316813676114	1.7579208687768209
FANCI-R	0.04475505076463694	0.9562316813676114	1.7231105545436165
XRCC1-R	-0.04475505076463694	0.9562316813676114	1.641831754800993
FEN1-R	0.04475505076463694	0.9562316813676114	1.626487532793507
GTF2H3-R	-0.04475505076463694	0.9562316813676114	1.540125362910666
MCM5-R	0.04475505076463694	0.9562316813676114	1.4624719832681115
GTF2H4-R	0.04475505076463694	0.9562316813676114	1.4502847167408772
PARP1-R	0.04475505076463694	0.9562316813676114	1.4382988926355806
ERCC1-R	-0.04475505076463694	0.9562316813676114	2.047460776575356
AURKA-R	0.04475505076463694	0.9562316813676114	1.9554400675157895
MGMT-R	-0.04475505076463694	0.9562316813676114	1.8514272979670772
MLH1-R	-0.04475505076463694	0.9562316813676114	1.8128558959260965
ERCC2-R	0.04475505076463694	0.9562316813676114	1.775858836825564
SOD1-R	-0.04475505076463694	0.9562316813676114	1.7403416600890527
POLE3-R	-0.04475505076463694	0.9562316813676114	1.5966437248523417
RECQL4-R	-0.04475505076463694	0.9562316813676114	1.5678753694495968
DDX11-R	0.04475505076463694	0.9562316813676114	1.5266154913061865
CDK7-R	-0.04475505076463694	0.9562316813676114	1.500294534559528
ATM-R	-0.04475505076463694	0.9562316813676114	2.0236530931268053
POLR2A-R	-0.04475505076463694	0.9562316813676114	1.8713351183753253
RAD51-R	0.04475505076463694	0.9562316813676114	1.7062173138127967
TP53-R	0.04475505076463694	0.9562316813676114	1.611427463045419
CDK4-R	0.04475505076463694	0.9562316813676114	1.5538764822223683
MSH2-R	0.04475505076463694	0.9562316813676114	1.4748658136347903
ACTL6A-R	0.04475505076463694	0.9562316813676114	1.426509557450043
ELL-R	0.04475505076463694	0.9562316813676114	1.4149119187715875
POLR2E-R	-0.04475505076463694	0.9562316813676114	1.8916757174881007
SMARCC1-R	-0.04475505076463694	0.9562316813676114	1.8319385895674238
OGG1-R	-0.04475505076463694	0.9562316813676114	1.7941666598856212
CDK1-R	0.04475505076463694	0.9562316813676114	1.6896520971738376
POLR2D-R	0.04475505076463694	0.9562316813676114	1.6734054423933198
PCNA-R	0.04475505076463694	0.9562316813676114	1.6574682477038596
CLK2-R	-0.04475505076463694	0.9562316813676114	1.5821287818991387
CDC25A-R	0.04475505076463694	0.9562316813676114	1.5133405739904806
NFRKB-R	-0.04475505076463694	0.9562316813676114	1.4874715043496176
CHEK1-R	0.03908356850116184	0.961670340439305	1.4114838867738186
PIAS3-R	-0.03908356850116184	0.961670340439305	1.4001920156796281
TOP3A-R	-0.03908356850116184	0.961670340439305	1.3781417477161695
EYA3-R	0.03908356850116184	0.961670340439305	1.367375015312137
TDG-R	0.03908356850116184	0.961670340439305	1.3890793806345518
YWHAE-R	-0.021815372002880345	0.9784208622604162	1.3697892071645827
UBE2I-R	-0.021815372002880345	0.9784208622604162	1.3804077281503548
PCLAF-R	0.021815372002880345	0.9784208622604162	1.359332801003021
BARD1-R	-0.021815372002880345	0.9784208622604162	1.3490348252378468
NBN-R	-0.01798564511540512	0.9821751312677677	1.2768276706480979
UBA7-R	-0.01798564511540512	0.9821751312677677	1.1683390450374753
RAD9A-R	0.01798564511540512	0.9821751312677677	1.138572445163909
PIAS4-R	-0.01798564511540512	0.9821751312677677	1.3440291269979978
BABAM2-R	-0.01798564511540512	0.9821751312677677	1.3339990588860724
POLB-R	0.01798564511540512	0.9821751312677677	1.2677721552534307
RFC2-R	0.01798564511540512	0.9821751312677677	1.2160263529981885
COPS5-R	0.01798564511540512	0.9821751312677677	1.1997038516156624
HLTF-R	-0.01798564511540512	0.9821751312677677	1.1917058259382247
TYMS-R	-0.01798564511540512	0.9821751312677677	1.18381373437572
SMARCA4-R	-0.01798564511540512	0.9821751312677677	1.1607524278619072
TERT-R	-0.01798564511540512	0.9821751312677677	1.2953324194980704
DHFR-R	-0.01798564511540512	0.9821751312677677	1.2860134812283002
GADD45A-R	0.01798564511540512	0.9821751312677677	1.250041076158977
CDKN2D-R	-0.01798564511540512	0.9821751312677677	1.2078099587211737
HRAS-R	-0.01798564511540512	0.9821751312677677	1.1242507791870044
MEN1-R	-0.01798564511540512	0.9821751312677677	1.3241175843758053
MCM4-R	-0.01798564511540512	0.9821751312677677	1.3143814256671595
CDC25C-R	0.01798564511540512	0.9821751312677677	1.30478740066229
RUVBL2-R	0.01798564511540512	0.9821751312677677	1.2588441823291106
RCHY1-R	0.01798564511540512	0.9821751312677677	1.2413602353523174
SUMO2-R	0.01798564511540512	0.9821751312677677	1.232799130280922
TFPT-R	-0.01798564511540512	0.9821751312677677	1.2243553006214638
SUMO1-R	0.01798564511540512	0.9821751312677677	1.1760254861232482
APEX1-R	0.01798564511540512	0.9821751312677677	1.1532637025208627
SOX4-R	0.01798564511540512	0.9821751312677677	1.1458709864790622
POLR2F-R	-0.01798564511540512	0.9821751312677677	1.1313662904476818
TOP2A-R	0.014017097250114673	0.9860806848506354	1.1146999046137618
POLR2G-R	0.014017097250114673	0.9860806848506354	1.1216667790175978
POLR2K-R	-0.009442907137013498	0.9906015371062835	1.1060704279346234
POLE2-R	-0.009442907137013498	0.9906015371062835	1.092663513656628
CDC7-R	-0.009442907137013498	0.9906015371062835	1.0860812033333953
RUVBL1-R	0.009442907137013498	0.9906015371062835	1.1128980231687877
MCM2-R	-0.009442907137013498	0.9906015371062835	1.0993260960569733
MDC1-R	-0.009442907137013498	0.9906015371062835	1.0795777230739139
EP300-R	-0.00412382395165275	0.99588466733414	1.0788750562786518
SIRT6-R	-0.0028910394257518424	0.9971131356043674	1.048986073294768
CDA-R	-0.0028910394257518424	0.9971131356043674	1.0738141460354726
POLR2B-R	0.0028910394257518424	0.9971131356043674	1.036997661028542
CDT1-R	0.0028910394257518424	0.9971131356043674	1.0311056288636071
ATR-R	-0.0028910394257518424	0.9971131356043674	1.0674975922352639
TCEA1-R	0.0028910394257518424	0.9971131356043674	1.06125491625728
WEE1-R	0.0028910394257518424	0.9971131356043674	1.0550848295348538
MAPK8-R	-0.0028910394257518424	0.9971131356043674	1.0429574177011198
FANCD2-R	0.0016626745846298938	0.998338706893002	1.0094313591918131
GTF2H1-R	0.0016626745846298938	0.998338706893002	1.02654036527981
CDK2-R	-0.0016626745846298938	0.998338706893002	1.0207732845759907
XRCC5-R	0.0016626745846298938	0.998338706893002	1.0150706405280803
MCM3-R	-4.701475803938736E-5	0.999952986347137	1.0054775884816516
FANCC-R	-3.725450519254146E-5	0.9999627461887479	0.9999627461887479