

Data type: org.panda.causalpath.data.SiteModProteinData
Row ID	Change amount	P-value	Q-value
MDC1-P-S793	1.5129643490407148	0.2202560933280966	146.25004596985613
FANCD2-P-S1435	1.5129643490407148	0.2202560933280966	73.12502298492807
APBB1-P-T709	-0.9902785879903524	0.3714731886363623	82.21939908484819
TP53BP1-P-S1635	0.9902785879903524	0.3714731886363623	61.664549313636144
TREX1-P-S167	0.9902785879903524	0.3714731886363623	35.236885322077796
PMS2-P-S445	0.9902785879903524	0.3714731886363623	30.832274656818072
MCM4-P-T19	0.9902785879903524	0.3714731886363623	27.406466361616065
MDC1-P-S376	0.9902785879903524	0.3714731886363623	24.665819725454458
RBBP8-P-T315	0.9902785879903524	0.3714731886363623	22.42347247768587
RIF1-P-S2205	0.9902785879903524	0.3714731886363623	18.973707481118815
UBE2T-P-S184	0.9902785879903524	0.3714731886363623	16.443879816969638
XRCC1-P-S461	0.9902785879903524	0.3714731886363623	15.416137328409036
MDC1-P-S329	0.9902785879903524	0.3714731886363623	14.509305720855563
BAP1-P-S292	0.9902785879903524	0.3714731886363623	12.332909862727229
MSH6-P-S227	0.9902785879903524	0.3714731886363623	11.211736238842935
PARP1-P-S75	-0.9902785879903524	0.3714731886363623	8.809221330519449
RIF1-P-S1688	0.9902785879903524	0.3714731886363623	49.331639450908916
BAZ1B-P-S1342	0.9902785879903524	0.3714731886363623	41.109699542424096
RIF1-P-S1236	0.9902785879903524	0.3714731886363623	20.554849771212048
TP53BP1-P-S1701	0.9902785879903524	0.3714731886363623	17.618442661038898
TOP2B-P-S1550	0.9902785879903524	0.3714731886363623	13.703233180808033
PARP1-P-S782	0.9902785879903524	0.3714731886363623	12.982010381818135
CDK7-P-T170	-0.9902785879903524	0.3714731886363623	11.745628440692599
BAZ1B-P-S158	0.9902785879903524	0.3714731886363623	10.724269445849764
MCM3-P-T722	0.9902785879903524	0.3714731886363623	10.277424885606024
TP53BP1-P-S523-S525	0.9902785879903524	0.3714731886363623	9.866327890181783
TICRR-P-S923	0.9902785879903524	0.3714731886363623	9.486853740559408
LIG1-P-S141	0.9902785879903524	0.3714731886363623	9.135488787205354
SETMAR-P-S508	0.9902785879903524	0.3714731886363623	8.505455077742916
APBB1-P-S517	-0.9902785879903524	0.3714731886363623	8.221939908484819
TP53BP1-P-T855	0.9854106781944678	0.37328589507637994	7.510964676688372
BAZ1B-P-S493	-0.9854106781944678	0.37328589507637994	7.29005395090342
PRKDC-P-S2612	0.9854106781944678	0.37328589507637994	7.0817666951633225
KAT5-P-S86-S90	0.9854106781944678	0.37328589507637994	6.885050953631008
ELL-P-T180	0.9854106781944678	0.37328589507637994	7.9955430429263314
RIF1-P-S1616	0.9854106781944678	0.37328589507637994	7.745682322834884
PRKDC-P-S893	0.9130566186930849	0.40129573942701074	7.201631648095544
RIF1-P-S1542	0.9125511728841234	0.4014986239459038	6.835771443591798
MRE11-P-S689	-0.9125511728841234	0.4014986239459038	6.502319178050735
LRWD1-P-S212	0.9125511728841234	0.4014986239459038	5.924335251112892
LRWD1-P-S253	0.9125511728841234	0.4014986239459038	5.554064297918337
ATR-P-S435	0.9125511728841234	0.4014986239459038	7.015660165791583
MSH6-P-S41	0.9125511728841234	0.4014986239459038	6.664877157502003
MGMT-P-S201	0.9125511728841234	0.4014986239459038	6.347502054763813
RMI1-P-S292	0.9125511728841234	0.4014986239459038	6.199885727908841
DCTPP1-P-S150	-0.9125511728841234	0.4014986239459038	6.058979234092731
TIMELESS-P-S1121	0.9125511728841234	0.4014986239459038	5.795545354349568
BAZ1B-P-S189	0.9125511728841234	0.4014986239459038	5.672235878725109
MDC1-P-S882	0.9098254550073965	0.40259448875334175	5.45556613331059
SMARCC1-P-S310	0.8945605013323796	0.4087872206049463	5.428694289633687
RECQL5-P-S815	0.8945605013323796	0.4087872206049463	5.3222493035624385
ORC2-P-S111	0.8004411585773834	0.44913078250860694	5.735054607417596
TOP2B-P-S1400	0.7881996374074295	0.45466261644102507	5.6961505154120875
WDR48-P-S373	-0.7848584480217158	0.4561842710016037	5.609376961945645
PRKDC-P-T2603	-0.7464925052807546	0.47402628497975974	5.722790058664735
H2AX-P-S122	0.6925417027528447	0.5003028305728944	5.932162133935748
ORC2-P-T116	0.6727709558313721	0.510292618605138	5.841970668169165
TP53BP1-P-T321	0.6727709558313721	0.510292618605138	5.944461381645818
CHEK2-P-S303	-0.6727709558313721	0.510292618605138	5.742954216166298
LIG1-P-T233	-0.6727709558313721	0.510292618605138	5.647238312563527
TP53BP1-P-T1609	0.6480006464582714	0.5230905749461626	5.602131318778257
RIF1-P-S1422	0.6480006464582714	0.5230905749461626	5.6939695371188845
POLR2E-P-Y26-T36	-0.6480006464582714	0.5230905749461626	5.513208599432571
DDB2-P-S26	0.6438092335093661	0.525287664794334	5.449859522241215
MCM3-P-T674	0.6438092335093661	0.525287664794334	4.982728706049111
TICRR-P-S1045	0.6438092335093661	0.525287664794334	5.36601552959135
RECQL5-P-S727	0.6438092335093661	0.525287664794334	5.284712263991481
ALKBH5-P-S361	0.6438092335093661	0.525287664794334	5.205835961543847
MCM3-P-S672	0.6438092335093661	0.525287664794334	5.129279550344672
CHAF1A-P-S206	0.6438092335093661	0.525287664794334	5.054942165557069
POLQ-P-S1587	0.6438092335093661	0.525287664794334	4.912549428499124
UIMC1-P-S171	0.6438092335093661	0.525287664794334	4.844319575325525
TOP2B-P-S1413	0.6406391582444504	0.5269555084256523	4.72835753506261
MDC1-P-S1775	0.6406391582444504	0.5269555084256523	4.665312767928442
ATRX-P-S1527	-0.6406391582444504	0.5269555084256523	4.793129556090865
SLX4-P-S1028	0.6344019354144564	0.530252518758644	4.632732532312363
POLR2A-P-S1910	0.6296919263873182	0.5327559037636848	4.5941548064816455
ATRX-P-S974	-0.6296919263873182	0.5327559037636848	4.535255385885727
TP53BP1-P-S532	-0.6296919263873182	0.5327559037636848	4.477847089861857
SMARCC1-P-S330	-0.6296919263873182	0.5327559037636848	4.421874001238583
HERC2-P-S1942	0.6296919263873182	0.5327559037636848	4.367282964186256
RAD23A-P-S133	0.6232159771481349	0.5362171994442787	4.3420514686707445
LIG3-P-S853	-0.6232159771481349	0.5362171994442787	4.188802593305895
ATR-P-S464	-0.6232159771481349	0.5362171994442787	4.28973759555423
ALKBH5-P-S384	0.6232159771481349	0.5362171994442787	4.238669290845251
TOP2B-P-S1466	0.6165729310020652	0.5397911729366242	4.167689986394401
TCEA1-P-S100	0.608146755124068	0.5443587649388988	4.154646205970446
MSH6-P-S935	0.608146755124068	0.5443587649388988	4.107434317266236
TIMELESS-P-S1173	0.608146755124068	0.5443587649388988	4.061283369881222
BOD1L1-P-S1077	0.6028021398954302	0.5472759417335228	4.037680281233991
ABRAXAS1-P-S406	0.6028021398954302	0.5472759417335228	3.993310168253397
MRE11-P-S619	-0.5765496964965828	0.5618335223787915	4.054972378907799
SUMO1-P-T76	0.5765496964965828	0.5618335223787915	4.011370525371156
EYA2-P-S257	0.5765496964965828	0.5618335223787915	3.968696370845931
TIMELESS-P-S1087	0.5765496964965828	0.5618335223787915	3.9269206195738686
ALKBH5-P-S371-S384	0.5718140009730287	0.5645005048999724	3.9044618255581423
MSH6-P-S65	0.5441805495993113	0.5803171296563054	3.9724801452761525
WDHD1-P-S383	0.5207007646129931	0.5941040749503	3.9846980380504977
GPS1-P-S474	0.5207007646129931	0.5941040749503	4.025358222112238
IDH1-P-S94	0.5059384661982186	0.6029394715203046	4.003518090894822
LIG1-P-S229	-0.5059384661982186	0.6029394715203046	3.963879297915666
SMARCA5-P-S66	-0.5059384661982186	0.6029394715203046	3.886910767859051
ELL-P-S319	0.5059384661982186	0.6029394715203046	3.8495366258604062
RFC1-P-S69	0.5059384661982186	0.6029394715203046	3.812874372280783
DCTPP1-P-S85	0.5059384661982186	0.6029394715203046	3.776903859334738
PCLAF-P-S72	0.5059384661982186	0.6029394715203046	3.741605692425068
TOP2B-P-S1441	0.5059384661982186	0.6029394715203046	3.672952376967727
RPA1-P-S38	0.5059384661982186	0.6029394715203046	3.639561900813475
H2AX-P-Y143	-0.5059384661982186	0.6029394715203046	3.5118579744691423
CHTF18-P-S871	0.5059384661982186	0.6029394715203046	3.4218103340981387
MCM2-P-T106	-0.5059384661982186	0.6029394715203046	3.3928119414362903
MSH6-P-S252	0.5059384661982186	0.6029394715203046	3.3362650757456853
SLX4-P-S601	0.5059384661982186	0.6029394715203046	3.9250177361713945
BAP1-P-S597	0.5059384661982186	0.6029394715203046	3.7069611952729837
SIRT6-P-S330	0.5059384661982186	0.6029394715203046	3.6067730548602004
FTO-P-T4	0.5059384661982186	0.6029394715203046	3.574569724013234
MSH6-P-S309	0.5059384661982186	0.6029394715203046	3.5429363636237365
SMARCAL1-P-S112	0.5059384661982186	0.6029394715203046	3.481320079038976
KDM4A-P-S520	0.5059384661982186	0.6029394715203046	3.4513086990472606
TP53BP1-P-S1362	0.5059384661982186	0.6029394715203046	3.364300916718338
TOP2A-P-S1106	0.5014354252139765	0.6056606548734564	3.3236254118675626
PNKP-P-T118	0.4973011042491748	0.608169833717772	3.310039094988529
TP53BP1-P-S598	-0.49257880147997546	0.6110485876317541	3.2720666305442316
ERCC6-P-S158	-0.49257880147997546	0.6110485876317541	3.0972233754769825
ALKBH5-P-S64-S69	-0.49257880147997546	0.6110485876317541	3.0054537939813684
SMARCA4-P-S1382	0.49257880147997546	0.6110485876317541	2.983354869025623
RIF1-P-T409	0.49257880147997546	0.6110485876317541	3.2986687982722334
PARP4-P-S1349	0.49257880147997546	0.6110485876317541	3.2458900974998777
POLD3-P-S307	0.49257880147997546	0.6110485876317541	3.2201290649800374
RIF1-P-S1238	0.49257880147997546	0.6110485876317541	3.1947737180116906
ATM-P-S1891	0.49257880147997546	0.6110485876317541	3.1698145483397244
SLX4-P-S467	0.49257880147997546	0.6110485876317541	3.145242342538641
MDC1-P-T1671	-0.49257880147997546	0.6110485876317541	3.1210481706729594
RECQL5-P-S491	0.49257880147997546	0.6110485876317541	3.0737595620263995
USP1-P-S327	0.49257880147997546	0.6110485876317541	3.050648587875825
KDM4B-P-S622	-0.49257880147997546	0.6110485876317541	3.0278825536379457
PARP4-P-S1335	-0.49255616998788304	0.6110624167295191	2.9616455818131437
TP53BP1-P-S398	0.48727959373513285	0.6142952558267958	2.892851417510584
NBN-P-S509	-0.48727959373513285	0.6142952558267958	2.8724792244295236
TOP2B-P-S1236	0.48727959373513285	0.6142952558267958	2.7747758494489276
CDC5L-P-T424	0.48727959373513285	0.6142952558267958	2.737530536033506
ABL1-P-S718	-0.48727959373513285	0.6142952558267958	2.7192803324599493
RFC1-P-T506	0.48727959373513285	0.6142952558267958	2.683500328085476
PARP1-P-T368	0.48727959373513285	0.6142952558267958	2.665961110254852
NUDT5-P-T7	0.48727959373513285	0.6142952558267958	2.6315616120580154
RECQL4-P-S89	0.48727959373513285	0.6142952558267958	2.614692627365336
LRWD1-P-S259	0.48727959373513285	0.6142952558267958	2.598038534197404
BOD1L1-P-S2986	0.48727959373513285	0.6142952558267958	2.9557394918042927
WEE1-P-S139	0.48727959373513285	0.6142952558267958	2.934475178913614
TOP2B-P-S1522	0.48727959373513285	0.6142952558267958	2.913514641921374
CETN2-P-S20	0.48727959373513285	0.6142952558267958	2.8523919571258207
PARP4-P-S1722	-0.48727959373513285	0.6142952558267958	2.8325836796457806
RAD23B-P-S160	0.48727959373513285	0.6142952558267958	2.8130486197861546
ACTB-P-T318	0.48727959373513285	0.6142952558267958	2.793781163486249
ACTB-P-S233	-0.48727959373513285	0.6142952558267958	2.7560273639796784
TRIM25-P-S100	-0.48727959373513285	0.6142952558267958	2.7012718534370355
UNG-P-T60	0.48727959373513285	0.6142952558267958	2.6486496744739765
TP53BP1-P-S1002	-0.47419512654668333	0.6223857967272226	2.5668581927135143
NSD2-P-T544	0.47419512654668333	0.6223857967272226	2.551013389054789
MCM3-P-S711-T722	0.47419512654668333	0.6223857967272226	2.615596006499214
TICRR-P-S599	0.47419512654668333	0.6223857967272226	2.5991457171501624
TICRR-P-S292	0.47419512654668333	0.6223857967272226	2.582901056417974
FANCD2-P-S1412	0.45887436368656537	0.6319946413887049	2.5745057784177914
TP53BP1-P-S1094	0.45887436368656537	0.6319946413887049	2.5588075724518293
FTO-P-S256	0.45887436368656537	0.6319946413887049	2.543299647770303
LIG1-P-S51	-0.45527945505468037	0.6342706930279933	2.5370827721119733
DNPH1-P-S128	-0.45484948643532713	0.6345434681603419	2.5229752266974073
RECQL4-P-S27	0.4500005536722777	0.63762779858484	2.5052358476942826
TCEA1-P-S81	-0.4500005536722777	0.63762779858484	2.4904991662372575
SLX4-P-S1044	0.4500005536722777	0.63762779858484	2.52014796583532
DUT-P-S99	0.4450192244865021	0.6408119566330914	2.488299059674694
POLA1-P-S192	0.4448324611581291	0.640931647983603	2.474294268959956
TP53BP1-P-S635	0.4387350934117447	0.6448515824380425	2.475037287507863
DDB2-P-S24	0.4282246965506719	0.651664971475409	2.4868134543659286
TP53BP1-P-T922	0.4282246965506719	0.651664971475409	2.472603091769552
RIF1-P-S1579	0.42600213517901264	0.6531149476018578	2.4640245750433727
TOP2B-P-S1375	-0.4178234986151764	0.6584784405253563	2.42905380282687
CHAF1A-P-S141	0.4178234986151764	0.6584784405253563	2.4023609038947065
PARP4-P-S1340	-0.4178234986151764	0.6584784405253563	2.470224206264614
MSH6-P-S14	0.4178234986151764	0.6584784405253563	2.4563465421844755
XRCC6-P-S27	0.4178234986151764	0.6584784405253563	2.4426239358035566
POLR2A-P-S1910-S1917	-0.4178234986151764	0.6584784405253563	2.4156336160709206
BOD1L1-P-S2780	-0.4012546098877225	0.669479583214671	2.4291499631395714
TERF2IP-P-S154	0.39867088786111615	0.6712115688814382	2.4221982703112768
RAD9A-P-S328	0.39573717960986193	0.6731835990656345	2.416183296105845
XRCC5-P-S175	0.3891671556185341	0.6776209923906246	2.4060980692372977
ACTB-P-S368	0.3891671556185341	0.6776209923906246	2.3932996752519933
TTK-P-S321	0.3891671556185341	0.6776209923906246	2.3557085808763074
MRE11-P-S688-S689	-0.3891671556185341	0.6776209923906246	2.4190340803622297
TIMELESS-P-S1149	0.3891671556185341	0.6776209923906246	2.3806367140072737
ATRIP-P-S518	0.3891671556185341	0.6776209923906246	2.3681070470914456
PPP4R2-P-S226	0.3891671556185341	0.6776209923906246	2.3434392653509097
TP53BP1-P-S1101	0.3891671556185341	0.6776209923906246	2.3312970929915786
ATRX-P-S889	-0.3772043627761895	0.685775912505299	2.3471917830078275
TP53BP1-P-S525	0.3759315946727351	0.6866493019060356	2.302702709422261
ATRX-P-S84	0.3759315946727351	0.6866493019060356	2.279675682328038
ATRX-P-S316	0.3759315946727351	0.6866493019060356	2.2459858939192494
SAMHD1-P-S33	0.3759315946727351	0.6866493019060356	2.2349761591451354
MDC1-P-S495	-0.3759315946727351	0.6866493019060356	2.338128904951834
MDC1-P-T1425	-0.3759315946727351	0.6866493019060356	2.326199675844937
CUL4B-P-S146	0.3759315946727351	0.6866493019060356	2.314391555662983
PARP4-P-S1507	-0.3759315946727351	0.6866493019060356	2.291131339023154
NBN-P-S347	-0.3759315946727351	0.6866493019060356	2.2683340122667044
ABL1-P-S884	-0.3759315946727351	0.6866493019060356	2.2571046359683544
ATRX-P-S819	0.3543496423735803	0.7016296050228851	2.2725954035863203
EYA2-P-T404	0.3333494822893719	0.7165197394345857	2.3095587717697326
TCEA1-P-S57	0.3298063602307198	0.7190629591371797	2.306559443802354
PARP1-P-S177	0.3298063602307198	0.7190629591371797	2.2954702157071507
DDB2-P-T148	0.3298063602307198	0.7190629591371797	2.284487104627212
PTEN-P-S370	-0.32318139141775837	0.7238425436337317	2.288721185584752
BAZ1B-P-S1468	-0.3106881386412655	0.7329424166488915	2.3065107329614403
SMARCC1-P-S573	0.3106881386412655	0.7329424166488915	2.284853355187155
TP53BP1-P-S640	0.3106881386412655	0.7329424166488915	2.2956309653531317
NSD2-P-S121	0.30894549378595787	0.7342207885310787	2.2781430074048425
KPNA2-P-S62	0.3087882332434221	0.7343362615700626	2.2679036171280074
MCM3-P-S672-T674	-0.3087882332434221	0.7343362615700626	2.257404063345007
MCM3-P-S160	0.3087882332434221	0.7343362615700626	2.2470012796429564
NFRKB-P-S363	-0.3087882332434221	0.7343362615700626	2.2063315732240794
UIMC1-P-S653	0.3087882332434221	0.7343362615700626	2.196393142714061
ABL1-P-S569	0.3087882332434221	0.7343362615700626	2.186543846109962
TP53BP1-P-S999	0.3087882332434221	0.7343362615700626	2.1767824896541144
MDC1-P-S780	0.3087882332434221	0.7343362615700626	2.148014439130051
TICRR-P-T566	0.3087882332434221	0.7343362615700626	2.129254487696601
TP53BP1-P-S809	0.3087882332434221	0.7343362615700626	2.0573809184916523
LIG1-P-T195	-0.3087882332434221	0.7343362615700626	2.048736460850931
MSH6-P-S261	0.3087882332434221	0.7343362615700626	2.0232335173548615
BOD1L1-P-S3019	-0.3087882332434221	0.7343362615700626	1.9983576954201703
LIG1-P-S4-S7	-0.3087882332434221	0.7343362615700626	1.9902011333980472
GPS1-P-T479-S483	0.3087882332434221	0.7343362615700626	1.9821108848882991
MDC1-P-S299	0.3087882332434221	0.7343362615700626	2.2366939343234935
SMARCC1-P-S328-S330	0.3087882332434221	0.7343362615700626	2.226480720011514
XRCC6-P-S324	0.3087882332434221	0.7343362615700626	2.216360353102371
MNAT1-P-T51	0.3087882332434221	0.7343362615700626	2.167107900811207
TOP2B-P-S1581	-0.3087882332434221	0.7343362615700626	2.157518927798768
BAZ1B-P-S347	0.3087882332434221	0.7343362615700626	2.1385933231689545
RECQL5-P-S488	0.3087882332434221	0.7343362615700626	2.1199968594892242
NBN-P-S343	-0.3087882332434221	0.7343362615700626	2.1108193839070197
CLK2-P-S75	-0.3087882332434221	0.7343362615700626	2.1017210244936275
PARG-P-S197	0.3087882332434221	0.7343362615700626	2.0927007625859293
RAD23A-P-S92	-0.3087882332434221	0.7343362615700626	2.083757596933853
TRIM25-P-S97	-0.3087882332434221	0.7343362615700626	2.074890543329879
SMARCA5-P-S137	-0.3087882332434221	0.7343362615700626	2.0660986342479726
BOD1L1-P-S2475	0.3087882332434221	0.7343362615700626	2.0401643417678725
ATRX-P-S677	0.3087882332434221	0.7343362615700626	2.0316636570105064
ATRX-P-S213	-0.3087882332434221	0.7343362615700626	2.0148730482748824
YY1-P-S247	0.3087882332434221	0.7343362615700626	2.0065813896400067
PRKDC-P-S511	0.3087882332434221	0.7343362615700626	1.9740861444636502
MCM4-P-T23	0.30381473304893497	0.737997580347521	1.9759290054465886
TOP2B-P-S1552	0.30381473304893497	0.737997580347521	1.9679935475933894
TOP2A-P-S1247	0.2956073250968876	0.7440795520275432	1.9451528446704278
HMGN1-P-S86	0.2956073250968876	0.7440795520275432	1.9149954362259252
CDC5L-P-T404	0.2956073250968876	0.7440795520275432	1.907601631452852
ACTB-P-S365	0.2956073250968876	0.7440795520275432	1.892983994430225
ACTB-P-S52	-0.2956073250968876	0.7440795520275432	1.871472812675336
ATRX-P-S25	-0.2956073250968876	0.7440795520275432	1.8644106511180705
MDC1-P-S955	0.2956073250968876	0.7440795520275432	1.8574015885198822
TERF1-P-T371	0.2956073250968876	0.7440795520275432	1.8366870726627833
LIG1-P-S66	-0.2956073250968876	0.7440795520275432	1.8097759067629622
NUDT5-P-S3	0.2956073250968876	0.7440795520275432	1.8031708852054331
APBB1-P-S205	0.2956073250968876	0.7440795520275432	1.7901044295155386
XRCC6-P-S2	-0.2956073250968876	0.7440795520275432	1.7836419586508616
XRCC1-P-S447-T453	0.2956073250968876	0.7440795520275432	1.9762752901851548
ELL-P-S442	0.2956073250968876	0.7440795520275432	1.9684016834513494
LIG3-P-S913	0.2956073250968876	0.7440795520275432	1.9605905656598757
TP53BP1-P-S294	0.2956073250968876	0.7440795520275432	1.952841195835133
XPC-P-S884	0.2956073250968876	0.7440795520275432	1.9375247942991713
TP53BP1-P-S630	0.2956073250968876	0.7440795520275432	1.9299563380714402
ABL1-P-T781	-0.2956073250968876	0.7440795520275432	1.9224467803357537
RAD23B-P-S166	0.2956073250968876	0.7440795520275432	1.9002647021011103
BABAM1-P-S49	0.2956073250968876	0.7440795520275432	1.8857588646804913
RNMT-P-T77	0.2956073250968876	0.7440795520275432	1.878588678883227
CDC5L-P-T355	0.2956073250968876	0.7440795520275432	1.8504450282632534
ABL1-P-Y185	-0.2956073250968876	0.7440795520275432	1.8435403826354055
BABAM1-P-S66	0.2956073250968876	0.7440795520275432	1.8298845279492173
MBD4-P-S422	0.2956073250968876	0.7440795520275432	1.8231321865176704
NBN-P-S397	-0.2956073250968876	0.7440795520275432	1.816429494655473
POLR2A-P-S1861	0.2956073250968876	0.7440795520275432	1.7966139001683226
USP10-P-S576	0.29230975186252484	0.7465372588495736	1.783096186604737
HMGN1-P-S7	0.29230975186252484	0.7465372588495736	1.776705160846297
TOP2B-P-S1550-S1552	-0.29230975186252484	0.7465372588495736	1.770359785271846
TP53BP1-P-S119	0.2844654344089933	0.7524163627307731	1.7779518322179122
TOP2A-P-S1354	0.2844654344089933	0.7524163627307731	1.771647038486643
TP53BP1-P-S507	-0.2749904749840175	0.7595793581960386	1.7821932644599634
BOD1L1-P-S482	0.2691328285861161	0.7640417623207179	1.7863511626090023
ATRIP-P-S224	0.2651585683621633	0.7670843050297009	1.7871718545253383
ASCC1-P-S67	0.2637752890913372	0.7681461310794929	1.7833882204083331
HMGN1-P-S89	0.2615747536482991	0.7698383250499197	1.781089365272288
UFD1-P-S129	-0.2615747536482991	0.7698383250499197	1.774905027198426
TOP2B-P-T1292	0.2516086940312141	0.7775489380879199	1.7864792210739753
TICRR-P-T1134	0.24743300509638597	0.780802528848882	1.7877685488126127
DUT-P-S88	0.24288561351821178	0.7843612289617882	1.789745209727242
BOD1L1-P-S2203	-0.24108946225190395	0.7857713263714547	1.7868224681871436
UFD1-P-S229	0.24108946225190395	0.7857713263714547	1.7746672133015169
ACTL6A-P-S233	0.24108946225190395	0.7857713263714547	1.7807240979885528
CDC5L-P-T396	0.24108946225190395	0.7857713263714547	1.7686513922394778
MDC1-P-S1086	0.24108946225190395	0.7857713263714547	1.7626762186170473
SMARCA4-P-S699	0.24108946225190395	0.7857713263714547	1.756741281854027
MCM6-P-S13	0.24045981007819317	0.7862662447920225	1.7519489481271908
XRCC1-P-S241	0.23781473681518506	0.7883487295619603	1.7507142355489689
XRCC6-P-S6	0.23781473681518506	0.7883487295619603	1.7390815828210688
RMI1-P-S284	-0.23781473681518506	0.7883487295619603	1.7448785214304723
TOP1-P-S112	-0.23277954532451806	0.7923282267341482	1.7420726574552132
TP53BP1-P-S1028	0.23146874083347058	0.7933674951221635	1.738600715383223
LRWD1-P-S243	0.23146874083347058	0.7933674951221635	1.7328816340826203
RFC1-P-S368	0.23146874083347058	0.7933674951221635	1.7272000549544806
TP53BP1-P-S1317	-0.22869719254716558	0.7955694013789444	1.7263336029922192
MCM6-P-S762	-0.2191006390716719	0.8032408766696318	1.7373027430248713
SAMHD1-P-S102	-0.21520872109170625	0.8063731155344894	1.7384147685548734
PARP4-P-S1223	-0.21159018981125183	0.8092962874817223	1.7334604351221408
MDC1-P-T1302	0.21159018981125183	0.8092962874817223	1.7278866073564747
RAD50-P-S635	-0.21159018981125183	0.8092962874817223	1.7168457983637817
PPP4R2-P-S364	0.21159018981125183	0.8092962874817223	1.7005466293919735
ATRX-P-S1348-S1352	0.21159018981125183	0.8092962874817223	1.695182128983797
MSH6-P-S9	0.21159018981125183	0.8092962874817223	1.6792897965245739
EYA4-P-S274	0.21159018981125183	0.8092962874817223	1.7390703394429246
SMARCC1-P-S830	0.21159018981125183	0.8092962874817223	1.7223485092559732
SMARCAL1-P-S129	-0.21159018981125183	0.8092962874817223	1.7113781365855532
MCM2-P-S139	0.21159018981125183	0.8092962874817223	1.705945190120202
TTK-P-S455	0.21159018981125183	0.8092962874817223	1.6898513675718982
SAMHD1-P-T25	0.21159018981125183	0.8092962874817223	1.6845540278616415
TP53BP1-P-S1548	0.21159018981125183	0.8092962874817223	1.6740583641366469
ATRX-P-S92	0.21005521386377807	0.8105394917175884	1.6714230512437225
BOD1L1-P-S538	-0.21005521386377807	0.8105394917175884	1.666248366874547
YY1-P-S118	-0.21005521386377807	0.8105394917175884	1.6611056250014773
NFRKB-P-S1303	-0.21005521386377807	0.8105394917175884	1.6559945307707036
HMGN1-P-S86-S89	-0.21005521386377807	0.8105394917175884	1.6509147929462535
YWHAE-P-S210	0.20863924311310353	0.8116880048687467	1.6481982728833267
BOD1L1-P-S2973	0.20454871142614767	0.815015040405608	1.6499084964308652
MDC1-P-T1589	0.20048249543180485	0.8183358145154316	1.6515956864384393
TP53BP1-P-S523	0.20048249543180485	0.8183358145154316	1.6465908510249896
ORC1-P-T230	0.1982115164724844	0.8201963497504219	1.6453485686836258
CLK2-P-S50	0.1970621589398793	0.8211395905598505	1.642279181119701
RPA1-P-T180	0.19178454485952837	0.8254847042560923	1.6410833641498364
SMARCA4-P-T1455	0.19178454485952837	0.8254847042560923	1.6460115424205566
SIRT6-P-S303	0.16549410946040688	0.8474748552744088	1.6797710564244999
TP53BP1-P-S727	0.16549410946040688	0.8474748552744088	1.6747717378041889
MCM4-P-S326	-0.16549410946040688	0.8474748552744088	1.669802088730586
TOP2A-P-S1377	-0.15924488040251	0.8527875024508854	1.675298525524816
RFC1-P-S156	-0.1587968197234316	0.8531696886132449	1.6711052307940844
POLR2A-P-S1861-S1868	0.1535458536753786	0.857661436368084	1.6749623345541405
MDC1-P-S453	0.1535458536753786	0.857661436368084	1.6700504215495828
TOP2B-P-S1336	-0.1535458536753786	0.857661436368084	1.665167233182479
BOD1L1-P-T2956	-0.1535458536753786	0.857661436368084	1.6603125182169323
TOP2A-P-S1213	0.15273936636293503	0.8583534084307254	1.656821695343028
MCM2-P-S27	0.14919249885184035	0.8614032797956047	1.6483336535570074
TP53BP1-P-S1068	0.14919249885184035	0.8614032797956047	1.6342050793836618
PPP4C-P-S47	0.14919249885184035	0.8614032797956047	1.6249198232508
POLR2A-P-T1870	-0.14919249885184035	0.8614032797956047	1.657889210968932
ATRX-P-S875	0.14919249885184035	0.8614032797956047	1.653097623653993
BAZ1B-P-S330	0.14919249885184035	0.8614032797956047	1.6435970625985103
TTK-P-S281	0.14919249885184035	0.8614032797956047	1.638887615427741
UIMC1-P-S101	0.14919249885184035	0.8614032797956047	1.6295492244566427
SUMO1-P-S2	0.14919249885184035	0.8614032797956047	1.6203166509469733
MRE11-P-S649	-0.1482350748565119	0.8622284028986348	1.617287173798569
BOD1L1-P-S1531	-0.1482350748565119	0.8622284028986348	1.6082012907997008
RRM2-P-S20	0.1482350748565119	0.8622284028986348	1.5903323875685929
USP10-P-S370	0.1482350748565119	0.8622284028986348	1.5859270346944416
POLR2A-P-S1875-S1882	-0.1482350748565119	0.8622284028986348	1.5728562074854215
CHAF1A-P-S775	-0.1482350748565119	0.8622284028986348	1.5685470123964205
PAXIP1-P-S235	0.1482350748565119	0.8622284028986348	1.5642613648215669
HMGN1-P-S99	0.1482350748565119	0.8622284028986348	1.5473504311478201
HERC2-P-S1588	0.1482350748565119	0.8622284028986348	1.5349052534174088
BOD1L1-P-S800	0.1482350748565119	0.8622284028986348	1.530801228675651
MSH6-P-S200	0.1482350748565119	0.8622284028986348	1.5186197865376485
TP53BP1-P-S1460	0.1482350748565119	0.8622284028986348	1.490936613345556
ATRX-P-S598	-0.1482350748565119	0.8622284028986348	1.483211553172781
ACTB-P-S33	-0.1482350748565119	0.8622284028986348	1.4755661327956018
MDC1-P-T1280	-0.1482350748565119	0.8622284028986348	1.6127314352808266
ATR-P-T1989	0.1482350748565119	0.8622284028986348	1.6036965252792534
CDC25C-P-T48	-0.1482350748565119	0.8622284028986348	1.5992169260466298
RBBP8-P-S568	0.1482350748565119	0.8622284028986348	1.594762282798589
NFRKB-P-S240	0.1482350748565119	0.8622284028986348	1.581546020786446
VCP-P-S702	0.1482350748565119	0.8622284028986348	1.5771891446961253
RIF1-P-S7	-0.1482350748565119	0.8622284028986348	1.559999072274369
MCM6-P-S271	0.1482350748565119	0.8622284028986348	1.55575994436058
TP53BP1-P-S862	0.1482350748565119	0.8622284028986348	1.5515437927498468
TP53BP1-P-S1094-S1101	0.1482350748565119	0.8622284028986348	1.5431796752687155
SLX4-P-S1469	0.1482350748565119	0.8622284028986348	1.5390313428083158
SMARCAL1-P-S151	-0.1482350748565119	0.8622284028986348	1.526719092065849
RFC1-P-S108	-0.1482350748565119	0.8622284028986348	1.5226586689486528
ABL1-P-Y393	-0.1482350748565119	0.8622284028986348	1.5146022738748504
XRCC1-P-S447	0.1482350748565119	0.8622284028986348	1.510605961806579
TTK-P-S436	0.1482350748565119	0.8622284028986348	1.5066306829597196
PNKP-P-S114-T118	-0.1482350748565119	0.8622284028986348	1.5026762717183555
MDC1-P-S1033	-0.1482350748565119	0.8622284028986348	1.4987425642007681
HMGN1-P-S21-S25	0.1482350748565119	0.8622284028986348	1.4948293982367975
RPA1-P-S174	-0.1482350748565119	0.8622284028986348	1.4870640507134896
WEE1-P-S67	0.1482350748565119	0.8622284028986348	1.4793789651800864
LIG1-P-S76	-0.14709517089938115	0.863211820861577	1.4734515399796584
BRCA2-P-S2095	0.14259920271692797	0.8671015311977159	1.4725202473536658
TOP2B-P-T1317	0.14259920271692797	0.8671015311977159	1.4762959402955982
POLR2A-P-S1917	0.1390431913229892	0.8701904429700895	1.470245430361678
KAT5-P-S90	0.1390431913229892	0.8701904429700895	1.4665138429749733
ACTB-P-S323	-0.1390431913229892	0.8701904429700895	1.462801149701619
LIG3-P-S210	-0.1390431913229892	0.8701904429700895	1.448136476521653
UNG-P-S14	0.1390431913229892	0.8701904429700895	1.4409138507035897
XRCC4-P-S320	0.1390431913229892	0.8701904429700895	1.4373294878908942
TRIM25-P-S433	0.1390431913229892	0.8701904429700895	1.430213995376583
PMS2-P-S529	-0.1390431913229892	0.8701904429700895	1.4739960564595396
GPS1-P-S483	0.1390431913229892	0.8701904429700895	1.4591072074043927
HMGN1-P-S8	0.1390431913229892	0.8701904429700895	1.4554318743882606
ATRX-P-S1061	-0.1390431913229892	0.8701904429700895	1.45177501038226
ERCC6L-P-S820	-0.1390431913229892	0.8701904429700895	1.4445161353303488
MPG-P-T67	0.1390431913229892	0.8701904429700895	1.4337629134792542
TRIM25-P-T91	0.13824513915246212	0.8708851775222101	1.4278216243820927
TP53BP1-P-S1678	0.13824513915246212	0.8708851775222101	1.4243048223515948
BARD1-P-T299	0.13807146091196115	0.8710364444630283	1.417569115498654
DDB2-P-S24-S26	0.13807146091196115	0.8710364444630283	1.4141031763409555
TOP2B-P-S1473	-0.13807146091196115	0.8710364444630283	1.4106541442035385
TOP2B-P-S1466-S1476	-0.13807146091196115	0.8710364444630283	1.4038063085520651
BLM-P-T171	-0.13807146091196115	0.8710364444630283	1.421052086298405
MSH6-P-S274-S275	0.13807146091196115	0.8710364444630283	1.407221895677496
RIF1-P-S2176	-0.13807146091196115	0.8710364444630283	1.400407261800123
XRCC4-P-S260	-0.13807146091196115	0.8710364444630283	1.397024635563891
TP53BP1-P-S222	0.13350418858402704	0.8750238038592127	1.4000380861747403
MTOR-P-S2481	-0.13349320712671728	0.8750334129485207	1.396687947590908
CHAF1A-P-S199	-0.12094962232580839	0.8860785970473708	1.404191380523757
WEE1-P-T190	0.12094962232580839	0.8860785970473708	1.3975206376234066
ATRX-P-S1348	0.12094962232580839	0.8860785970473708	1.4109261113655975
GPS1-P-S468	0.12094962232580839	0.8860785970473708	1.407550690046541
PARP4-P-T101	-0.12094962232580839	0.8860785970473708	1.4008480677129862
PARP4-P-S1713	0.12055769580606539	0.8864259428106922	1.3947555119106625
POLD2-P-S15	0.11778239310092402	0.8888894600494808	1.3920344374359792
TP53BP1-P-T302	0.11778239310092402	0.8888894600494808	1.3953252989902014
NBN-P-S432	0.11778239310092402	0.8888894600494808	1.388759062289071
RBBP8-P-S327	0.11675530808321569	0.8898028941032133	1.386922820855713
VCP-P-S3	-0.11237899975138561	0.8937054791515471	1.389743414886715
TP53BP1-P-S1618	-0.11237899975138561	0.8937054791515471	1.3864963508332413
TOP2B-P-S1613	-0.11237899975138561	0.8937054791515471	1.3832644246075227
PKMYT1-P-S479	-0.11237899975138561	0.8937054791515471	1.3768455641685087
MBD4-P-S387	0.11237899975138561	0.8937054791515471	1.3736584216588594
RIF1-P-S2234	0.11237899975138561	0.8937054791515471	1.3673281985175743
PPP4R2-P-S159	-0.11237899975138561	0.8937054791515471	1.3517549844114516
TOP2A-P-S4	-0.11237899975138561	0.8937054791515471	1.3800475305968076
GPS1-P-T479	-0.11237899975138561	0.8937054791515471	1.3704860003617259
TICRR-P-S1750	-0.11237899975138561	0.8937054791515471	1.3641849153025913
WEE1-P-S150	0.11237899975138561	0.8937054791515471	1.3610560508179523
DNPH1-P-S123	0.11237899975138561	0.8937054791515471	1.3579415060792386
RIF1-P-S2393	0.11237899975138561	0.8937054791515471	1.3548411830059983
POLE3-P-S122	-0.10710901311388818	0.8984277272475666	1.3558091156645096
PIAS1-P-S488	0.10710901311388818	0.8984277272475666	1.3527347185768348
SAMHD1-P-S278	0.10710901311388818	0.8984277272475666	1.3466275640911607
MAPK8-P-T183	0.10710901311388818	0.8984277272475666	1.3435946191269914
UNG-P-S23	0.10710901311388818	0.8984277272475666	1.3375695311488434
ACTB-P-S239	0.10710901311388818	0.8984277272475666	1.3496742327881994
RPA1-P-S135	0.10710901311388818	0.8984277272475666	1.3405753053761442
BOD1L1-P-S266	-0.10710901311388818	0.8984277272475666	1.3345772055758034
RCHY1-P-S257	-0.1060310509795891	0.8993967204931264	1.333034425016598
SMARCC1-P-S328	0.10514390321285318	0.9001949723164285	1.331246016966834
TOP2A-P-S1351-S1354	0.10457014232952196	0.9007116171800484	1.3290500306834492
TP53BP1-P-T1638	0.1036692632789514	0.9015234150175006	1.327298331644391
MCM4-P-T110	-0.1036692632789514	0.9015234150175006	1.3185276378229522
TOPBP1-P-S817	-0.1036692632789514	0.9015234150175006	1.3243618309106644
ABL1-P-S16	-0.1036692632789514	0.9015234150175006	1.3214382948600891
CLK2-P-S97	-0.1036692632789514	0.9015234150175006	1.3156297748826822
TOP2B-P-S1449	-0.1020348194591419	0.9029981092157063	1.3148919835948005
UFD1-P-S247	0.1020348194591419	0.9029981092157063	1.3091500972035568
ATRX-P-S1352	0.1020348194591419	0.9029981092157063	1.312014758247766
PARP4-P-S1504	-0.1020348194591419	0.9029981092157063	1.306297918342547
GPS1-P-S240	-0.1020348194591419	0.9029981092157063	1.3034581402591936
BAZ1B-P-S349	0.1020348194591419	0.9029981092157063	1.3006306822542928
BOD1L1-P-S2501	0.0978304406131513	0.906802647620118	1.303283458917226
CUL4B-P-S28	0.09599168068751422	0.9084715738961758	1.3028620411815566
USP10-P-S365	0.09599168068751422	0.9084715738961758	1.300054148851424
SAMHD1-P-S6	-0.09599168068751422	0.9084715738961758	1.29725833347755
SMARCA5-P-S755	0.09599168068751422	0.9084715738961758	1.294474517311289
PARP4-P-S1434	-0.09542454907943011	0.90898694296801	1.2924353964256072
KDM4A-P-S410	0.09542454907943011	0.90898694296801	1.2896737823306808
PRKDC-P-S3205	-0.08686362641727485	0.916802114697341	1.297988495008602
KAT5-P-S155	-0.08313842700128678	0.9202237545881776	1.3000607937160638
PARP4-P-S1236	0.08313842700128678	0.9202237545881776	1.2973005797166666
CUL4B-P-S61	-0.08313842700128678	0.9202237545881776	1.2918151650032768
POLR2A-P-T1919	0.08313842700128678	0.9202237545881776	1.2890898165539029
TOP2B-P-S1454	-0.08313842700128678	0.9202237545881776	1.2863759432558945
TP53BP1-P-S552	-0.08313842700128678	0.9202237545881776	1.2836734727868695
POLA1-P-S215	-0.08313842700128678	0.9202237545881776	1.2809823334309223
CUL4B-P-S193	-0.08313842700128678	0.9202237545881776	1.2756337641890394
TP53BP1-P-S1430	0.08313842700128678	0.9202237545881776	1.270329673693451
XPC-P-S903	-0.08313842700128678	0.9202237545881776	1.2676941349513484
MDC1-P-S1820	0.08313842700128678	0.9202237545881776	1.2945520615393007
BABAM1-P-S29	0.08313842700128678	0.9202237545881776	1.2783024540722803
ALKBH5-P-S371	0.08313842700128678	0.9202237545881776	1.272976193846979
RPA2-P-S238	-0.08313842700128678	0.9202237545881776	1.2650695094131468
UBA7-P-S24	0.0817015116480912	0.9215469886895424	1.264271075392265
WDHD1-P-S407	-0.08078711142659314	0.9223900368430888	1.2628185246676515
SMARCA4-P-S1659-S1663	-0.07865013136407287	0.9243632735945592	1.2629160775036774
TERF2IP-P-S36	0.0784853573985983	0.9245155971458215	1.2528129724588277
ALKBH5-P-S64	0.0784853573985983	0.9245155971458215	1.260530506170073
ORC2-P-T226	0.0784853573985983	0.9245155971458215	1.2579474518541507
PRKDC-P-S4026	-0.0784853573985983	0.9245155971458215	1.2553749621775574
UIMC1-P-S677	0.07670955055975022	0.9261588168544299	1.2524836138316529
MTOR-P-S1261	0.07594483644969677	0.9268673344419994	1.250894126157495
POLR2A-P-S1920	-0.0740804174275721	0.9285970154553715	1.2506864467796486
PTEN-P-S294	0.07250774793079914	0.9300585406031507	1.2450783688719598
SAMHD1-P-S18	0.07250774793079914	0.9300585406031507	1.2375929277765372
XRCC6-P-T455	-0.07250774793079914	0.9300585406031507	1.2501191719848017
RIF1-P-S2348	0.07250774793079914	0.9300585406031507	1.2475936787080648
SMARCA4-P-S1449	0.07250774793079914	0.9300585406031507	1.2425731810070264
DNPH1-P-S169	0.07250774793079914	0.9300585406031507	1.2400780541375342
CDC5L-P-T385	-0.07134351351623124	0.9311419773284666	1.2365565458922034
APEX1-P-T19	-0.07067672445848154	0.931763059652598	1.2349115201782934
SAMHD1-P-T592	0.0652196234259215	0.936861684008589	1.2391955342265002
RIF1-P-S2144	0.0652196234259215	0.936861684008589	1.2367319248145192
MDC1-P-S108	-0.06500081760290673	0.9370666972286348	1.2345481884123284
XRCC6-P-S477	-0.0641757577542328	0.937840152365561	1.2331205171697674
ACTB-P-T249	-0.0641757577542328	0.937840152365561	1.228256136431425
NSD2-P-S437	-0.0641757577542328	0.937840152365561	1.2258383093912057
PRKDC-P-S2624	-0.0641757577542328	0.937840152365561	1.2186416069877348
RIF1-P-S1454	0.0641757577542328	0.937840152365561	1.230683520100262
BOD1L1-P-S2905	-0.0641757577542328	0.937840152365561	1.2234299826536985
PIAS1-P-S503	0.0641757577542328	0.937840152365561	1.2210311003347696
MCM2-P-S381	0.0641757577542328	0.937840152365561	1.216261447599087
SAMHD1-P-T21	-0.0641757577542328	0.937840152365561	1.213890567584274
REV3L-P-S1724	0.0641757577542328	0.937840152365561	1.2115289127835263
WRN-P-S1133	0.062361425005063316	0.9395432509941035	1.211372269242883
RAD23A-P-S205	0.062361425005063316	0.9395432509941035	1.2090246485660558
CDK1-P-T161	-0.06159630004628597	0.9402623940673639	1.2052784356384743
TP53BP1-P-S1426-S1430	0.06159630004628597	0.9402623940673639	1.200642749347557
PPP4R2-P-T173	0.06159630004628597	0.9402623940673639	1.2076097285507343
BAZ1B-P-S361	-0.06159630004628597	0.9402623940673639	1.20295612651393
BOD1L1-P-S2954	0.058358869772208055	0.9433113607530146	1.2022240758925176
TP53BP1-P-S993	-0.058052630086490746	0.9436002843653453	1.1979934776646066
MDC1-P-S998	0.058052630086490746	0.9436002843653453	1.1911608152444664
MDC1-P-S505	-0.058052630086490746	0.9436002843653453	1.1889005480428638
TP53BP1-P-S63	-0.058052630086490746	0.9436002843653453	1.2002884843267994
DDB1-P-T833-Y837	-0.058052630086490746	0.9436002843653453	1.1957072305698269
CCNH-P-T315	-0.058052630086490746	0.9436002843653453	1.1934296929877892
TP53BP1-P-S1114	-0.058052630086490746	0.9436002843653453	1.1866488424594495
RIF1-P-S2172	0.058036349761352614	0.943615646609826	1.1844249326066625
HERC2-P-S1577	0.05785179112565196	0.943789815097845	1.1801816143596404
ACTB-P-Y294	0.05785179112565196	0.943789815097845	1.177963227866483
TOP2A-P-S1374	-0.05785179112565196	0.943789815097845	1.182408372122583
TOP2B-P-S1476	-0.0569689883835573	0.944623363209719	1.1767915819348094
H2AX-P-S140	-0.051267425550188324	0.9500245757133653	1.1813039668046341
LIG1-P-S201	-0.051267425550188324	0.9500245757133653	1.1790959220068684
LIG1-P-S819	-0.051267425550188324	0.9500245757133653	1.1768961161822287
USP10-P-T74	0.051267425550188324	0.9500245757133653	1.17252103768341
TP53BP1-P-S1462	0.051267425550188324	0.9500245757133653	1.1703456739771327
DNPH1-P-S28	0.051267425550188324	0.9500245757133653	1.1747045033029322
MSH6-P-S137	0.051267425550188324	0.9500245757133653	1.1681783671734716
TP53BP1-P-S500	0.04605982759032316	0.9549848260406354	1.172107069299412
RIF1-P-S2465	0.041243788438882094	0.9595951632229655	1.173427602909851
TERF2-P-S365	0.041243788438882094	0.9595951632229655	1.1712705668750902
RBBP8-P-T245	-0.041243788438882094	0.9595951632229655	1.1691214465688975
RIF1-P-S782	-0.041243788438882094	0.9595951632229655	1.1755925984871756
XRCC6-P-S520	0.04101562984345544	0.9598141280859925	1.1651125796144406
USP1-P-S313	-0.04101562984345544	0.9598141280859925	1.1672464854379103
POLD3-P-S458	-0.04067697561421839	0.9601392282449152	1.1633803787493133
XPC-P-S61	0.04067697561421839	0.9601392282449152	1.1612612888062361
MDC1-P-T1157	0.04067697561421839	0.9601392282449152	1.1591499046447704
USP7-P-S18	0.04067697561421839	0.9601392282449152	1.1549500861496806
PARG-P-S316	-0.04067697561421839	0.9601392282449152	1.1507805912538334
ACTB-P-S199	-0.04067697561421839	0.9601392282449152	1.1466410927241433
TOP2B-P-S1424	-0.04067697561421839	0.9601392282449152	1.1445824911214069
TP53BP1-P-S771	0.04067697561421839	0.9601392282449152	1.142531268019039
CUL4A-P-S10	0.04067697561421839	0.9601392282449152	1.140487383818647
RAD23B-P-T155	-0.04067697561421839	0.9601392282449152	1.138450799204685
XRCC1-P-S266	0.04067697561421839	0.9601392282449152	1.1364214751419317
ATRX-P-S1995-S1996	0.04067697561421839	0.9601392282449152	1.1303766800613895
SMARCA5-P-T113	0.04067697561421839	0.9601392282449152	1.1243958510663556
ABL1-P-T852	0.04067697561421839	0.9601392282449152	1.1184779781660064
XPC-P-S883-S884	-0.04067697561421839	0.9601392282449152	1.1145672160045867
SETMAR-P-S410	-0.04067697561421839	0.9601392282449152	1.1087520827036934
NHEJ1-P-S287	0.04067697561421839	0.9601392282449152	1.1029973141083456
TP53BP1-P-S1656	0.04067697561421839	0.9601392282449152	1.0991938750941788
NSD2-P-T110	-0.04067697561421839	0.9601392282449152	1.0973019751370459
BAZ1B-P-S947	0.04067697561421839	0.9601392282449152	1.1570461843096618
MCM4-P-S26	0.04067697561421839	0.9601392282449152	1.1528615688148711
MDC1-P-T1239	0.04067697561421839	0.9601392282449152	1.1487071127110335
BAZ1B-P-S345	0.04067697561421839	0.9601392282449152	1.1343993728729957
PIAS1-P-S510	-0.04067697561421839	0.9601392282449152	1.1323844539158503
TERF2IP-P-S203	0.04067697561421839	0.9601392282449152	1.1283760133710155
SLX4-P-T1315	-0.04067697561421839	0.9601392282449152	1.1263824161742468
SMARCA4-P-S1453	-0.04067697561421839	0.9601392282449152	1.1224162809060276
BABAM1-P-S62	0.04067697561421839	0.9601392282449152	1.1204436688130468
SMARCA4-P-S1663	-0.04067697561421839	0.9601392282449152	1.1165191726000414
SIRT6-P-T294	0.04067697561421839	0.9601392282449152	1.1126220725211582
POLR2A-P-S1875	-0.04067697561421839	0.9601392282449152	1.1106837065411563
SMARCA4-P-S1484	0.04067697561421839	0.9601392282449152	1.1068271658934439
MEN1-P-S548	0.04067697561421839	0.9601392282449152	1.104908921238516
SMARCAL1-P-S198	-0.04067697561421839	0.9601392282449152	1.1010923101116126
SMARCA4-P-S695	0.04067697561421839	0.9601392282449152	1.0954165765543362
UFD1-P-S299	-0.03372073917999669	0.9668414678818076	1.1011710714811667
TTK-P-S821	-0.032856404539916735	0.9676775037092782	1.100236065861234
TP53BP1-P-S366	0.028507431091915433	0.9718950718776906	1.1031424405586097
TP53BP1-P-S1426	0.028507431091915433	0.9718950718776906	1.0993838632483588
SAMHD1-P-S18-T21	0.028507431091915433	0.9718950718776906	1.101259944926257
BOD1L1-P-S3029	-0.027215252045259222	0.9731517460742936	1.0989332642743723
ATRX-P-S703	-0.024972664749403024	0.9753365727335745	1.0995305336079686
PARG-P-S302	-0.024972664749403024	0.9753365727335745	1.0976669225340567
ACTB-P-S60	0.024972664749403024	0.9753365727335745	1.0921138015094325
TOPBP1-P-S888	0.024972664749403024	0.9753365727335745	1.0958096180966048
HMGN1-P-T83	0.024972664749403024	0.9753365727335745	1.0939585883363065
TOP2B-P-S1400-S1413	0.024972664749403024	0.9753365727335745	1.090275226086016
RIF1-P-S2161	-0.024972664749403024	0.9753365727335745	1.0884428307480563
MDC1-P-S168	-0.022768348294176406	0.9774888945178857	1.0890144730870404
PIAS1-P-S485	-0.022768348294176406	0.9774888945178857	1.0871903282409985
TICRR-P-S441	-0.022768348294176406	0.9774888945178857	1.0853722842138396
TOP2A-P-S1525	-0.022768348294176406	0.9774888945178857	1.0817543765997935
PARP4-P-S1186	0.022768348294176406	0.9774888945178857	1.078160508238997
MCRS1-P-S85	0.022768348294176406	0.9774888945178857	1.0835603104505445
PARG-P-S137	0.022768348294176406	0.9774888945178857	1.079954452512273
POLR2A-P-S1889	0.022768348294176406	0.9774888945178857	1.0763725140296452
ATRX-P-S729	0.021417760543949838	0.9788099709588199	1.0760427495308882
RECQL4-P-S251	0.01834917023931605	0.9818181508210831	1.0775657060251227
LIG1-P-S66-S76	-0.01724329476826067	0.9829045200149196	1.0734351994899778
TICRR-P-S1001	0.01724329476826067	0.9829045200149196	1.071672580114789
ATRX-P-S849	0.01724329476826067	0.9829045200149196	1.0769778899173374
COPS5-P-S284	-0.01724329476826067	0.9829045200149196	1.0752036265072595
SAMHD1-P-S583	-0.01724329476826067	0.9829045200149196	1.069915739819519
RAD18-P-S471	0.015141584351288179	0.984972473041522	1.0704119837963513
ERCC4-P-S693-S697	0.01190479624839028	0.9881657854738162	1.0721275842395652
MSH6-P-S830	-0.01190479624839028	0.9881657854738162	1.0651657168094382
TOP2B-P-S1452	-0.01190479624839028	0.9881657854738162	1.0634393542214164
HERC2-P-S2928	0.01190479624839028	0.9881657854738162	1.0617185785673364
TP53BP1-P-S484	0.01190479624839028	0.9881657854738162	1.0703785995996964
TP53BP1-P-T591	-0.01190479624839028	0.9881657854738162	1.0686353119781986
APTX-P-S132	0.01190479624839028	0.9881657854738162	1.066897693584738
PARG-P-S286	0.010452595006740655	0.9896018435247054	1.0615438192252091
TP53BP1-P-S580	-0.010009629503901616	0.9900403001063334	1.0603012246300085
UBXN1-P-S132	0.010009629503901616	0.9900403001063334	1.0585938152505723
MDC1-P-T1343	-0.010009629503901616	0.9900403001063334	1.0518188148329686
TCEA1-P-S135	-0.010009629503901616	0.9900403001063334	1.0501385930840341
CHAF1A-P-S772	-0.010009629503901616	0.9900403001063334	1.0484637308941074
TOPBP1-P-T822	-0.010009629503901616	0.9900403001063334	1.0451299829421388
MDC1-P-S544	0.010009629503901616	0.9900403001063334	1.0434710464612784
FEN1-P-Y152-S157-S162	0.010009629503901616	0.9900403001063334	1.056891895933449
BAP1-P-S395	-0.010009629503901616	0.9900403001063334	1.055195440241742
SMARCC1-P-S357	0.010009629503901616	0.9900403001063334	1.0535044219080214
KDM4B-P-S566	-0.010009629503901616	0.9900403001063334	1.0467942026601995
POLA1-P-T225	-0.010009629503901616	0.9900403001063334	1.041817368099216
RPA1-P-S384	0.005423465935109114	0.9945912145046535	1.044950263340332
RAD9A-P-S387	-0.005128821740996675	0.9948843082085812	1.0403199695283432
RAD9A-P-S375	0.005128821740996675	0.9948843082085812	1.0354281828377712
PARG-P-S291	-0.005128821740996675	0.9948843082085812	1.0305821851021808
BOD1L1-P-S2753	0.005128821740996675	0.9948843082085812	1.0436069204589224
TP53BP1-P-S265	0.005128821740996675	0.9948843082085812	1.0419608527610378
MDC1-P-S453-T455	0.005128821740996675	0.9948843082085812	1.0386842463058144
CDC25C-P-S173	-0.005128821740996675	0.9948843082085812	1.0370536587919905
NBN-P-T497	-0.005128821740996675	0.9948843082085812	1.0338077944452237
RFC1-P-S190	-0.005128821740996675	0.9948843082085812	1.032192469766403
TINF2-P-S295	-0.004235975510061716	0.9957729835795736	1.0298960453221757
MCM4-P-S120	-0.004235975510061716	0.9957729835795736	1.0282943407415814
RIF1-P-S1008	-0.0038866687519146727	0.9961208745691177	1.0270563054563573
UNG-P-S12	-0.0031965233930359867	0.99680858004866	1.0261719335694732
REV3L-P-S1967	-0.0031045579599757547	0.9969002561968561	1.024677662716273
NBN-P-S604	-0.0026719675388261832	0.9973315989891819	1.0235366023629318
POLR2C-P-S124	0.0017661973351208067	0.9982353614735362	1.0228831481765865
FANCD2-P-S592	0.0017661973351208067	0.9982353614735362	1.019735815412966
MCM2-P-S41	-0.0017661973351208067	0.9982353614735362	1.0181694009499662
XPC-P-S94	0.0017661973351208067	0.9982353614735362	1.0166077914393068
MRE11-P-S667	-0.0017661973351208067	0.9982353614735362	1.0150509648061685
HMGN1-P-S25	0.0017661973351208067	0.9982353614735362	1.0119515725472183
CDK7-P-S164	-0.0017661973351208067	0.9982353614735362	1.0104089634427256
MDC1-P-S1814	-0.0017661973351208067	0.9982353614735362	1.0073378115781582
TOP1-P-S394	0.0017661973351208067	0.9982353614735362	1.0058092261281153
USP10-P-S211	-0.0017661973351208067	0.9982353614735362	1.0213070570391802
TP53BP1-P-S1705	-0.0017661973351208067	0.9982353614735362	1.0134988991107463
BABAM1-P-S44	0.0017661973351208067	0.9982353614735362	1.0088710502563591
POLR2A-P-S1882	-0.0017661973351208067	0.9982353614735362	1.0042852727551939
TP53BP1-P-T1372	-0.0017661973351208067	0.9982353614735362	1.002765930436351
MCM4-P-S131	-0.0017661973351208067	0.9982353614735362	1.001251178275571
MDC1-P-S498	0.0012920295347192846	0.9987088047760833	1.0002151528979175
MNAT1-P-S279	-7.029744879680555E-5	0.999929705022011	0.999929705022011

Data type: org.panda.causalpath.data.ProteinData
Row ID	Change amount	P-value	Q-value
ORC2-G	8.080516899388982	3.095110080122304E-4	0.09006770333155906
LRWD1-G	6.7449434614596555	0.001176815212847755	0.17122661346934834
SOD1-G	6.7449434614596555	0.001176815212847755	0.11415107564623223
SUMO2-G	6.7449434614596555	0.001176815212847755	0.08561330673467417
UNG-G	4.850146799054917	0.007827228435146502	0.45554469492552646
YY1-G	4.219060063341574	0.014712466794721926	0.7135546395440134
XPA-G	4.1303591949334315	0.016077102971390703	0.6683481378106706
CDK6-G	-4.128890818767062	0.016100727546855133	0.5856639645168554
UIMC1-G	4.128890818767062	0.016100727546855133	0.5205901906816492
RPS27A-G	4.00835516072072	0.018163246300924512	0.5285504673569033
BRCC3-G	3.9263906670014648	0.019714701214560183	0.5215434594033649
DTYMK-G	3.838007198165356	0.021536476539977995	0.5222595560944664
APTX-G	3.7969177654868793	0.02243983019358918	0.5023069681795732
FTO-G	-3.7483376913810784	0.023556872118595223	0.4896464133222293
PLRG1-G	3.518726451905387	0.029637155486373266	0.5749608164356413
TIMELESS-G	3.468617400795552	0.031160082797964617	0.5667240058879814
RAD17-G	3.468617400795552	0.031160082797964617	0.5333872996592767
MSH6-G	3.4448146262480615	0.03191067689626489	0.5158892764896157
MSH2-G	3.383192221290531	0.03393894101675608	0.5198016755724221
BAZ1B-G	3.360769225859516	0.034708549959259434	0.4809613351497378
RAD23A-G	3.360769225859516	0.034708549959259434	0.5050094019072248
DDB1-G	3.1722696000970285	0.041908374633814596	0.554333500838184
FANCD2-G	3.1624144063198427	0.042323431661076875	0.5354834179727552
RUVBL2-G	3.123568134008108	0.04399989048659008	0.5121587252639085
PARP1-G	3.123568134008108	0.04399989048659008	0.5334986721499048
UBXN1-G	3.0729719322192706	0.046283399133384626	0.5180180441467279
NHEJ1-G	3.067863396521904	0.046520444491873966	0.5013870128568638
ACTL6A-G	2.94428830550419	0.05263950973758403	0.5470749047727483
DNPH1-G	2.9188551090703823	0.05399547085071153	0.5418166212950709
POLE3-G	2.9188551090703823	0.05399547085071153	0.506860710243776
TK2-G	-2.9188551090703823	0.05399547085071153	0.5237560672519018
CDC5L-G	2.9188551090703823	0.05399547085071153	0.47614187931991075
BOD1L1-G	2.9188551090703823	0.05399547085071153	0.491021313048658
MGMT-G	2.827689454096669	0.059149363221800054	0.49178470564410903
DCTPP1-G	2.827689454096669	0.059149363221800054	0.5062489616924651
POLB-G	2.7439571405634835	0.0643153378403774	0.5198823142097173
PRPF19-G	2.7439571405634835	0.0643153378403774	0.5058314408526979
WDR48-G	2.6973795068964277	0.06738185527369159	0.5160031548590593
PIAS1-G	2.6211283575411364	0.07272076149668667	0.5161400389155079
TDP2-G	2.6211283575411364	0.07272076149668667	0.5426087588598929
POLR2J-G	2.6211283575411364	0.07272076149668667	0.5290435398883956
DHFR-G	2.588669363320301	0.0751199309468603	0.520473807274675
RFC3-G	2.5877230215019664	0.07519105372682827	0.5088510845234193
CETN2-G	2.43005754341284	0.08803176678832306	0.5822100939864093
POLG2-G	2.403782266609287	0.09037548187119776	0.5844281161004122
TDP1-G	2.4010340417848757	0.09062419561810187	0.5732965418449487
YWHAG-G	-2.278957094617954	0.10239093510935397	0.633952385464298
CHAF1A-G	2.201777426338384	0.11060638883375948	0.656866513278041
RBX1-G	2.201777426338384	0.11060638883375948	0.6705512323046668
RNF168-G	2.1051298084278853	0.12182985870017814	0.7090497776350368
HMGN1-G	2.074839672865076	0.12557655920927557	0.7165250731352782
POLL-G	2.0651357261193253	0.12680107918160058	0.7095983469585725
PPIE-G	2.0651357261193253	0.12680107918160058	0.6962096989027504
RUVBL1-G	2.0651357261193253	0.12680107918160058	0.6833169267008476
DGUOK-G	2.0212918545234353	0.13248420416341244	0.7009618802100549
POLD3-G	1.9767396298840005	0.1385201287632534	0.7198099548233347
FEN1-G	1.9727007279478699	0.13908072932277413	0.710043723384689
BARD1-G	-1.9536106741406607	0.14176129257140466	0.7112506230737716
POLG-G	1.9356612622800398	0.14432879807132915	0.6999946706459463
SUMO1-G	1.9356612622800398	0.14432879807132915	0.7118589870975726
PPP4R2-G	1.8509140386979073	0.1570935111220714	0.7032955651772735
TERF2IP-G	1.8509140386979073	0.1570935111220714	0.6926395717654966
RFC4-G	1.8509140386979073	0.1570935111220714	0.7494133071561111
ATR-G	1.8509140386979073	0.1570935111220714	0.6722678196547467
NABP2-G	1.8509140386979073	0.1570935111220714	0.7256224085162346
MCM7-G	1.8509140386979073	0.1570935111220714	0.7142845583831684
HLTF-G	1.8509140386979073	0.1570935111220714	0.6823016677092952
RIF1-G	1.8509140386979073	0.1570935111220714	0.7373259957503674
MCM6-G	1.7739006209371757	0.169669878514646	0.7155642702574201
BABAM2-G	1.7739006209371757	0.169669878514646	0.7053419235394569
RRM2B-G	-1.7739006209371757	0.169669878514646	0.6954075302501688
UBE2T-G	1.7617177865232294	0.1717495811634808	0.6941545572024015
POLR2C-G	1.7617177865232294	0.1717495811634808	0.6846455906653823
MCM3-G	1.7271485850516537	0.17779064278348408	0.699149689864782
MCM2-G	1.7271485850516537	0.17779064278348408	0.6898276939999182
MCM5-G	1.7269163361379793	0.1778319392624776	0.680909135860276
POLD2-G	1.7196104558108762	0.17913591567681247	0.676994174830551
DUT-G	1.7080610151945959	0.181216828857811	0.676078169200295
SMARCA4-G	1.7080610151945959	0.181216828857811	0.6510382370076915
WEE1-G	1.7080610151945959	0.181216828857811	0.6675202176914304
XPC-G	1.7080610151945959	0.181216828857811	0.6591762149702876
TOP1-G	1.7078955923267913	0.18124680874494623	0.6278907302949923
PLK1-G	1.7078955923267913	0.18124680874494623	0.6205037805268159
TICRR-G	-1.7078955923267913	0.18124680874494623	0.6432051383509677
RNF4-G	1.7078955923267913	0.18124680874494623	0.6354556788527632
PAXIP1-G	1.7070322904454611	0.1814033470160906	0.5998678861554814
TCEA1-G	1.7070322904454611	0.1814033470160906	0.6067629193296823
MLH1-G	1.7070322904454611	0.1814033470160906	0.6138183021125856
BLM-G	-1.7055490123224488	0.1816726182848829	0.5940082238303475
RTEL1-G	-1.7028380445437197	0.18216579509050132	0.5890027374592876
USP10-G	1.7026362721381565	0.18220255482961384	0.5826477302793146
MCM4-G	1.7026362721381565	0.18220255482961384	0.5763146027762786
ALKBH5-G	1.6925499429282032	0.1840496091203448	0.5758971640217241
UBE2B-G	1.647771939885614	0.19247828440841294	0.5958636251366826
AURKB-G	1.6475404050481506	0.19252285499633148	0.5897279031992891
LIG4-G	-1.6119789133363989	0.19949244494156462	0.6047114737291178
USP1-G	1.515681447281641	0.21965844818233102	0.658975344546993
SETMAR-G	1.515681447281641	0.21965844818233102	0.6522511063373299
CDK2-G	1.4963432570971826	0.2239475834204654	0.6582701694480346
FANCI-G	1.4885390209007892	0.2257021609203431	0.6567932882781985
RBBP8-G	1.4788937756404779	0.22788964607502193	0.6565929406715978
BABAM1-G	1.4767109421261573	0.2283876345472716	0.6515764867966278
XRCC1-G	1.462921719707561	0.2315587357006186	0.6542096319308739
SIRT6-G	1.462921719707561	0.2315587357006186	0.6479191547007693
XRCC5-G	1.462423741122557	0.23167407570821147	0.6420681526770432
MDC1-G	1.455776425218195	0.2332192163055635	0.6402527541973488
RECQL4-G	1.4340441994954276	0.23834306360011334	0.6482040327816166
SLX4-G	-1.4199861773493803	0.24171735804853361	0.65129399251966
ATRIP-G	1.3619947826686047	0.25614930479148285	0.683848143984601
TOP2B-G	1.3584776631305808	0.2570517986751214	0.6800188492223666
POLE4-G	1.351525875346694	0.2588449939638356	0.6785936328241096
NSD2-G	1.2972449098331627	0.27328367797695774	0.7100495561722742
DDX11-G	1.2972449098331627	0.27328367797695774	0.703765931781369
BRIP1-G	1.2355320300910846	0.2906800706767046	0.7419991277800091
EYA4-G	-1.2077469711697804	0.2988698839116609	0.7562707497242898
USP7-G	1.2039389165850867	0.30001016649451356	0.7526117107750296
PRIM1-G	1.2039389165850867	0.30001016649451356	0.7461791320504568
XRCC6-G	1.2039389165850867	0.30001016649451356	0.7336383063017096
PTEN-G	-1.2039389165850867	0.30001016649451356	0.7398555800839275
TIPIN-G	1.1878352650904471	0.3048805357740476	0.7393352992520654
TERF2-G	1.1792218060303175	0.3075179541284906	0.7395679723255435
IDH1-G	1.1301515131446271	0.3229843163453794	0.7703970168566017
NFRKB-G	1.1301515131446271	0.3229843163453794	0.7641336264756537
TRIP13-G	1.1120613116690357	0.32888033701123026	0.7595569688116508
FANCL-G	-1.1120613116690357	0.32888033701123026	0.7718078876634517
POLR2E-G	1.1120613116690357	0.32888033701123026	0.765633424562144
PRIM2-G	1.1035526595628147	0.3316906042218524	0.760015478965032
GMNN-G	1.1028953537988688	0.3319086980371628	0.7545736806938622
RFC2-G	1.0788191249390937	0.33999678240238934	0.7610697206084254
NPLOC4-G	-1.0788191249390937	0.33999678240238934	0.7669694858844597
GTF2H1-G	-1.02528696972385	0.3586935164556781	0.7967924678519261
RFC5-G	1.0251617191675388	0.3587384458318153	0.7908552101292291
RAD18-G	0.9996036719343899	0.36802527101506055	0.805228224551749
PCLAF-G	0.9935983356643856	0.3702420360710362	0.8040330783333697
RPA1-G	0.9701824855443821	0.37901386724035774	0.8169854471625488
TREX1-G	0.9560120296204957	0.38442290026096315	0.8106308983763789
MPG-G	0.9560120296204957	0.38442290026096315	0.7990504569710021
MRE11-G	0.9560120296204957	0.38442290026096315	0.8225519409995609
ELL-G	-0.9560120296204957	0.38442290026096315	0.8165479122331407
MAPK8-G	-0.9560120296204957	0.38442290026096315	0.8047990214096423
PARP2-G	0.9550222193117022	0.3848035943869817	0.7941691203305792
GPS1-G	0.9550222193117022	0.3848035943869817	0.7830618599063753
ORC1-G	0.9550222193117022	0.3848035943869817	0.7776239303236921
RAD23B-G	0.9550222193117022	0.3848035943869817	0.7722610066662874
KDM4B-G	0.9550222193117022	0.3848035943869817	0.788576380046561
RAD51C-G	0.9523776517977475	0.3858225802665511	0.7690025401203175
SMARCAL1-G	0.9369925467841402	0.39180439864087563	0.7756127891462231
SMUG1-G	0.9150618549775866	0.40049185291006906	0.7874535756542574
CDK1-G	0.8783660861938755	0.4154611851768391	0.8114040596406724
RRM1-G	0.8585667156306234	0.42376902877557887	0.8221119158246231
PCNA-G	0.8501747592224099	0.42734024377398666	0.8235497413127822
CLK2-G	0.849390096620402	0.4276756932717357	0.8187738601452308
PKMYT1-G	0.8374741833767443	0.4328023233082826	0.8231730462922238
MORF4L1-G	0.83605350095962	0.4334176349368108	0.8084905882475124
UBE2I-G	0.83605350095962	0.4334176349368108	0.803340966666318
POLR2H-G	0.83605350095962	0.4334176349368108	0.8189904660169607
HUS1-G	0.83605350095962	0.4334176349368108	0.8137066565587867
ERCC6L-G	0.8180408277159085	0.44129538181557254	0.8076538120020856
RAD1-G	0.8180408277159085	0.44129538181557254	0.8127655449894406
MCM8-G	0.7973963365006153	0.4505003898777934	0.8193475840902368
KAT5-G	0.7973963365006153	0.4505003898777934	0.7993634966734017
LIG1-G	0.7973963365006153	0.4505003898777934	0.8092321818175178
SMARCA5-G	0.7973963365006153	0.4505003898777934	0.8042675672051404
ABRAXAS1-G	0.7973963365006153	0.4505003898777934	0.8142584686611049
ASCC1-G	-0.7973963365006153	0.4505003898777934	0.7945188694208356
PARP4-G	-0.7804939837550843	0.45817962210330343	0.8031943977835018
POLR2B-G	0.7493614508655475	0.4726682783174624	0.8236315508406081
SMARCC1-G	0.7493614508655475	0.4726682783174624	0.8187289820856045
POLR2D-G	0.7493614508655475	0.4726682783174624	0.8138844318957489
DNA2-G	-0.7358849211642472	0.47908132213738513	0.8200744984822299
NUDT5-G	0.725498261167547	0.4840833089404028	0.8237908941617381
RPA3-G	0.724653757186071	0.48449229189172766	0.8196933543051904
RFC1-G	0.724653757186071	0.48449229189172766	0.8149552424305939
POLD1-G	0.724653757186071	0.48449229189172766	0.8102715916120273
GINS4-G	-0.6875335735003857	0.5028146964381517	0.8361090095057264
POLQ-G	-0.682637974612643	0.5052823108034281	0.8354383661579409
DDB2-G	0.670326710952278	0.5115414242967298	0.8410087823183523
POLR2A-G	0.6416808174434858	0.5264068861611397	0.8605865386117509
ALKBH3-G	0.5946280827360889	0.5517677396596757	0.8970078896143332
VCP-G	-0.5811180428320365	0.5592727260216293	0.9041575737349673
POLM-G	-0.5551749605277476	0.5739718299966559	0.9227944891106457
UFD1-G	-0.5551749605277476	0.5739718299966559	0.9177241897199279
RNASEH2C-G	0.5489335068959593	0.5775654516048423	0.9184237509126181
POLE-G	0.5442168179193695	0.5802960829105792	0.9177508702553182
KDM4A-G	0.5367498449225954	0.5846453558355102	0.9146870889684595
LIG3-G	0.5367498449225954	0.5846453558355102	0.9097957141611416
CCNA2-G	0.5367498449225954	0.5846453558355102	0.9196313435034242
PPP4C-G	0.5220560460951208	0.5932994420742433	0.9183517959766213
COPS6-G	-0.5163121938711063	0.5967170721790942	0.9187548571646371
MEN1-G	0.5093111609651833	0.6009093661072453	0.9203401344063599
APEX1-G	0.5088338827894717	0.6011962354860703	0.9159586624421281
POLR2I-G	0.4938047023399467	0.6102999616070908	0.9201932063609504
GTF2H3-G	-0.4938047023399467	0.6102999616070908	0.9107553273213509
HRAS-G	0.4938047023399467	0.6102999616070908	0.9249858793107469
WDHD1-G	0.4938047023399467	0.6102999616070908	0.9154499424106362
RECQL5-G	0.4938047023399467	0.6102999616070908	0.9061086164676705
POLR2L-G	0.4938047023399467	0.6102999616070908	0.9015090803434691
ERCC1-G	0.4938047023399467	0.6102999616070908	0.8969560041801182
CIB1-G	0.4938047023399467	0.6102999616070908	0.8924486875761981
PIAS4-G	0.48532964882015656	0.61549426635952	0.8955441575531016
RMI2-G	0.48532964882015656	0.61549426635952	0.8910887139831857
ACTB-G	-0.47939673893385665	0.6191567923524753	0.8919535969038134
RAD9A-G	0.47775417646296026	0.6201746317667606	0.8890188071139278
ERCC2-G	-0.4710562597606292	0.6243424520664167	0.8906061448594474
PARG-G	0.4699248990577952	0.6250492083045268	0.8872649737395967
EYA2-G	0.46819622058124144	0.6261306518825192	0.8844855325136557
CDC25C-G	0.4578382234209128	0.6326498158520301	0.8893772773572016
TERF1-G	0.4520378960716443	0.6363300548588122	0.8902502209803574
PPP5C-G	-0.4314358206691326	0.6495757505374379	0.9044332220401646
POLE2-G	0.4284712939630846	0.6515042923920206	0.9027988051718
POLK-G	0.4147598305056559	0.6604988933424909	0.9109250140410657
TOP2A-G	-0.3826352266722352	0.6820616518125613	0.9318307074058937
BRCA1-G	0.3826352266722352	0.6820616518125613	0.923162514778862
TP53-G	-0.3826352266722352	0.6820616518125613	0.927476358305866
TOPBP1-G	0.3826352266722352	0.6820616518125613	0.9188886142474785
MBD4-G	-0.3826352266722352	0.6820616518125613	0.9362261352710158
FANCG-G	-0.37760040767545033	0.6855043682285276	0.9192708348133711
UBE2A-G	0.34852584577463386	0.7057276747097783	0.9420493272502086
UBA7-G	-0.3419549228950359	0.7103802258714672	0.9439298891716756
NUDT15-G	0.3403739430077463	0.7115042109857114	0.9411260245311
PNKP-G	0.32736585083635583	0.7208199821876419	0.9491340036950398
WRN-G	0.32736585083635583	0.7208199821876419	0.9364223875741241
UBA52-G	0.32736585083635583	0.7208199821876419	0.9406215911058466
RRM2-G	0.32736585083635583	0.7208199821876419	0.9448586253000171
NUDT18-G	-0.320233596514905	0.725979430999794	0.9347788248714162
UBE2V2-G	0.320233596514905	0.725979430999794	0.9106035104350865
XRCC4-G	-0.320233596514905	0.725979430999794	0.9306608564799121
PMS2-G	0.320233596514905	0.725979430999794	0.9265790106181582
RCHY1-G	0.320233596514905	0.725979430999794	0.9225328140652405
MCRS1-G	0.320233596514905	0.725979430999794	0.9145455169737665
GTF2H4-G	-0.320233596514905	0.725979430999794	0.9389333974264003
RAD50-G	0.320233596514905	0.725979430999794	0.9185218018301742
MNAT1-G	-0.3200864110380908	0.72608629249254	0.9029534663048253
CDK4-G	-0.3200864110380908	0.72608629249254	0.9068288030700821
ATM-G	0.3113514884925129	0.7324563806296177	0.9069991777158245
CHTF18-G	0.30714059003329625	0.7355471830347088	0.906967077386018
MMS22L-G	0.29355089168122517	0.7456112764871301	0.9154973901171091
HERC2-G	0.29233336108521224	0.7465196338932415	0.9127614011047617
TP53BP1-G	-0.2854017941770602	0.7517121600648512	0.9114509940786321
YWHAE-G	0.2854017941770602	0.7517121600648512	0.9152645965643168
TRIM25-G	0.2759751379292286	0.7588317966565499	0.9162657793653776
CDA-G	-0.26118626822434093	0.7701374541178853	0.9260743766458868
PIAS3-G	0.26058936939012484	0.7705972854891864	0.9228140332401368
YWHAB-G	-0.25405780369569936	0.7756469654894659	0.9250543727763711
KPNA2-G	0.2489689083642324	0.7796042121780945	0.9222147387960385
DYNLL1-G	-0.2489689083642324	0.7796042121780945	0.9259788805870428
GTF2H5-G	-0.2278951642938053	0.7962077264595171	0.9380423012134392
INO80E-G	0.2221116713714672	0.8008259300112145	0.9396788130373526
APBB1-G	0.21545612039777673	0.8061736440608418	0.9421547406494175
PRKDC-G	0.21545612039777673	0.8061736440608418	0.9383861216868198
POLD4-G	0.19194439222856935	0.8253527632434262	0.956883084079032
STK19-G	0.16640095200739397	0.8467066773789873	0.977744615544783
ERCC3-G	-0.15376775648537072	0.8574711399997623	0.9862612716993314
NUDT1-G	-0.15022509169827747	0.8605142600077199	0.9858647624497894
EYA3-G	0.14329302887616108	0.8665001221334567	0.988829551140533
NUDT16-G	0.14085743853771954	0.8686131336298266	0.983526933409648
COPS5-G	-0.14085743853771954	0.8686131336298266	0.9759321308350561
APLF-G	0.14085743853771954	0.8686131336298266	0.9873688354932795
ABL1-G	-0.14085743853771954	0.8686131336298266	0.9797148135127114
ATRX-G	0.1360573671755036	0.8727925614084663	0.9768562898840911
RPA2-G	0.12330278834710487	0.8839959583589309	0.985604689204785
TTK-G	0.11945150676097456	0.8874070400173611	0.9856314833780614
CUL4A-G	0.11945150676097456	0.8874070400173611	0.9818838351522893
RMI1-G	-0.11665435383971277	0.8898927280157353	0.9809044842900718
BRCA2-G	0.1121707016771456	0.8938916556712242	0.9815942332087784
BAP1-G	0.10402280112329489	0.9012047487063496	0.9859044431336381
SAMHD1-G	-0.09117173619766442	0.9128609261723875	0.9912034683438984
ERCC6-G	-0.09117173619766442	0.9128609261723875	0.9949158408845122
MTOR-G	0.09108256033035102	0.9129423349670114	0.9839489610200013
CHEK2-G	0.09108256033035102	0.9129423349670114	0.9876067638490719
NBN-G	0.0789905112786363	0.9240486924440573	0.9922441679011832
REV3L-G	-0.06880662107870215	0.9335071832370045	0.9987154055954717
CHEK1-G	-0.06880662107870215	0.9335071832370045	0.9950571074064773
GINS2-G	0.06880662107870215	0.9335071832370045	0.9914255121239719
TINF2-G	0.06880662107870215	0.9335071832370045	0.9878203284435211
ERCC4-G	0.06030195298190402	0.9414802079037353	0.9819739802866916
RNMT-G	0.06030195298190402	0.9414802079037353	0.9890640451263067
CUL5-G	0.06030195298190402	0.9414802079037353	0.9926476105071991
POLR2G-G	-0.06030195298190402	0.9414802079037353	0.98550626079132
AURKA-G	0.052199112931278685	0.9491398620067429	0.9864274994427221
POLR2K-G	0.05146867920191682	0.9498333990364186	0.9732447856323867
TYMS-G	-0.05146867920191682	0.9498333990364186	0.9664388780405518
ERCC5-G	-0.05146867920191682	0.9498333990364186	0.9836352993579993
POLR2F-G	0.05146867920191682	0.9498333990364186	0.959727496943048
UBE2N-G	-0.05146867920191682	0.9498333990364186	0.9801472309205597
GTF2H2-G	0.05146867920191682	0.9498333990364186	0.9766838131434552
CCNH-G	0.05146867920191682	0.9498333990364186	0.9698298916477116
JMJD6-G	0.05146867920191682	0.9498333990364186	0.9630714951902363
POLA1-G	0.03900118566160645	0.9617495688361519	0.9684052751948796
CDK7-G	0.03900118566160645	0.9617495688361519	0.9650659466597249
CUL4B-G	0.01659870006506048	0.9835382993057149	0.983538299305715

Data type: org.panda.causalpath.data.RNAData
Row ID	Change amount	P-value	Q-value
EYA4-R	-4.999585865865557	0.006740737990816443	2.5547396985194317
ACTB-R	-4.999585865865557	0.006740737990816443	1.2773698492597159
USP1-R	4.540073477821611	0.010672622323672309	1.3483079535572682
PLK2-R	-2.643125828565917	0.07113855472703631	6.740378060386691
RBBP8-R	2.2791463420559133	0.10237155972064342	7.759764226824771
NUDT16-R	2.2611907042659047	0.10422630813090739	6.583628463602317
PAXIP1-R	2.2611907042659047	0.10422630813090739	5.643110111659128
PRIM1-R	2.2611907042659047	0.10422630813090739	4.389085642401544
YY1-R	2.2611907042659047	0.10422630813090739	3.95017707816139
APTX-R	2.2611907042659047	0.10422630813090739	4.937721347701737
RRM1-R	2.2190756318023195	0.10870955004631769	3.433409955629534
GADD45G-R	2.2190756318023195	0.10870955004631769	2.746727964503627
FANCE-R	2.2190756318023195	0.10870955004631769	2.288939970419689
ATRIP-R	2.2190756318023195	0.10870955004631769	2.942922819111029
OGG1-R	2.2190756318023195	0.10870955004631769	2.4235834980914355
CETN2-R	2.2190756318023195	0.10870955004631769	2.168469445660758
WDR48-R	2.2190756318023195	0.10870955004631769	2.5750574667221504
CDK6-R	-2.2190756318023195	0.10870955004631769	3.745538133414037
RFC5-R	2.2190756318023195	0.10870955004631769	3.1693014975041853
RUVBL1-R	2.2190756318023195	0.10870955004631769	2.0600459733777203
DDB1-R	2.176826077103312	0.1134008857238177	2.046615985206043
PPP4R2-R	2.152279530433753	0.11621893100189992	2.0021352204418217
POLD2-R	2.117004309677899	0.12039174522910541	1.9838465844274327
POLA1-R	2.0746683161688377	0.12559807943735157	1.983403004448177
MMS22L-R	2.018831395281341	0.1328105774974694	1.7976860311264609
MPLKIP-R	2.018831395281341	0.1328105774974694	2.013408354861636
DCLRE1A-R	2.018831395281341	0.1328105774974694	1.9359695719823427
FANCL-R	2.018831395281341	0.1328105774974694	1.8642669952422557
NUDT5-R	1.9424232082344404	0.14335614675304645	1.8735165386001589
FANCG-R	1.906828459499759	0.14855077507260425	1.8766914584172338
DNPH1-R	1.855652290844964	0.1563509231296052	1.7956666626097082
POLE3-R	1.855652290844964	0.1563509231296052	1.481424996653009
BRCC3-R	1.855652290844964	0.1563509231296052	1.4452926796614725
TYMS-R	1.855652290844964	0.1563509231296052	1.410880949193342
TREX1-R	1.855652290844964	0.1563509231296052	1.646027774058899
PMS2-R	1.855652290844964	0.1563509231296052	1.601540536922172
PCNA-R	1.855652290844964	0.1563509231296052	1.559394733318957
DTYMK-R	1.855652290844964	0.1563509231296052	1.8517812458162615
RPA3-R	1.855652290844964	0.1563509231296052	1.6930571390320104
HLTF-R	1.855652290844964	0.1563509231296052	1.5194102529774454
RAD1-R	1.855652290844964	0.1563509231296052	1.9115161247135601
DCTPP1-R	1.855652290844964	0.1563509231296052	1.7428529372388344
RAD17-R	1.855652290844964	0.1563509231296052	1.3780697643283806
SOX4-R	-1.855652290844964	0.1563509231296052	1.3467499969572811
CDA-R	-1.774184493728207	0.16962172068834977	1.4285918253529903
ERCC2-R	-1.7515663364830245	0.1735019680411283	1.2645624209151467
KAT5-R	1.7515663364830245	0.1735019680411283	1.1955862888652296
DHFR-R	1.7515663364830245	0.1735019680411283	1.3990903380337794
UBXN1-R	1.7515663364830245	0.1735019680411283	1.341984609950768
TDP2-R	1.7515663364830245	0.1735019680411283	1.3151449177517527
MSH2-R	1.7515663364830245	0.1735019680411283	1.2893577625017183
DTL-R	1.7515663364830245	0.1735019680411283	1.2177267756960672
BARD1-R	1.7515663364830245	0.1735019680411283	1.174236533706922
TOP2B-R	1.7515663364830245	0.1735019680411283	1.4295053453823399
CUL4B-R	1.7515663364830245	0.1735019680411283	1.3699426226580755
CDK7-R	1.7515663364830245	0.1735019680411283	1.1536358927646952
XRCC5-R	1.7515663364830245	0.1735019680411283	1.240702752595993
FTO-R	-1.6969719090809736	0.1832375447621807	1.1973625769804568
XRCC3-R	1.6760167076307007	0.18711783860349304	1.201994251368201
BABAM2-R	-1.6702982503411532	0.18819092925896228	1.1887393698191115
FANCI-R	1.664083128931131	0.1893642009689005	1.1765415109379227
BAP1-R	1.664083128931131	0.1893642009689005	1.157565034955053
FEN1-R	1.6384798678489765	0.19427514182815597	1.1687345833789067
PRPF19-R	1.6384798678489765	0.19427514182815597	1.1504731055136113
CENPX-R	1.620951822236541	0.197710424317513	1.1528038587128835
CCNA1-R	-1.6144994813834308	0.19899024384112873	1.142686400239209
MCM3-R	1.5671520162388937	0.20863853618792894	1.1802090330630608
POLR2J-R	1.504350222910056	0.22216160246219627	1.238224225487829
SOD1-R	1.4827957003634047	0.22700217038854953	1.2290546082465752
RMI1-R	1.4827957003634047	0.22700217038854953	1.1949142024619481
H2BC5-R	1.4827957003634047	0.22700217038854953	1.1785455147569899
TDP1-R	1.4827957003634047	0.22700217038854953	1.2468669938733372
UNG-R	1.4827957003634047	0.22700217038854953	1.2117439799614123
POLD4-R	-1.4814970814164503	0.2272971512003966	1.1486082707326708
TK2-R	-1.4814970814164503	0.2272971512003966	1.1187742896746793
NABP2-R	1.4814970814164503	0.2272971512003966	1.1641300041209501
RMI2-R	1.4814970814164503	0.2272971512003966	1.133495004012504
RNMT-R	1.4814970814164503	0.2272971512003966	1.0904508899360799
PLK3-R	-1.4814970814164503	0.2272971512003966	1.076820253811879
RAD50-R	1.4814970814164503	0.2272971512003966	1.104431029550645
TIPIN-R	1.4218409147803521	0.24126945131993477	1.1289027413611763
UBE2B-R	1.4218409147803521	0.24126945131993477	1.1151356347592107
CDC25A-R	1.4218409147803521	0.24126945131993477	1.1017002656657262
POLR2G-R	1.4218409147803521	0.24126945131993477	1.0885847863125628
ETAA1-R	1.410592272738495	0.2439987265552305	1.087947263110969
WRN-R	1.3732145641616833	0.2532914279190382	1.1162494323408776
GINS2-R	1.3732145641616833	0.2532914279190382	1.1034189790955802
PIAS1-R	1.3572668925072182	0.25736321793223965	1.108416586321805
XPA-R	1.3455472623635811	0.2603971632918417	1.108882302107955
CCNH-R	1.3455472623635811	0.2603971632918417	1.096561387640089
LIG4-R	-1.3455472623635811	0.2603971632918417	1.0845112625011868
XRCC2-R	1.3416187797225594	0.2614221410129931	1.076945559173091
RAD18-R	1.3416187797225594	0.2614221410129931	1.0653654993970363
DBF4-R	1.3269825386165666	0.26527651647696904	1.0259163239262374
RPS27A-R	1.3269825386165666	0.26527651647696904	1.0695723377103326
MRE11-R	1.3269825386165666	0.26527651647696904	1.058313681523908
WEE1-R	1.3269825386165666	0.26527651647696904	1.0472895806747007
MCM2-R	1.3269825386165666	0.26527651647696904	1.0364927808739306
PARP1-R	1.2822088491572694	0.2774238357712967	1.0620569066396106
RFC2-R	1.2672151290582951	0.28161479160867714	1.0567525348484024
POLG2-R	1.2672151290582951	0.28161479160867714	1.0673200601968864
CDC25C-R	1.2451145869273108	0.2879079157571439	1.0697754909015447
UBE2T-R	1.2149321522158985	0.2967301460939772	1.0918517026176442
UIMC1-R	1.2110499009809175	0.29788436610645314	1.0855593726379398
POLE2-R	1.2081424839882626	0.2987517004146002	1.0783513757822236
ORC2-R	1.1754770133377834	0.3086717040447637	1.1036469418204287
MSH6-R	1.1691235147618584	0.31063909255878414	1.1003010848577495
MCM4-R	1.1548200083250075	0.3151142497409658	1.1058175986280188
SUMO1-R	1.1548200083250075	0.3151142497409658	1.0956724830442754
COPS6-R	1.1435830654157193	0.3186751398656701	1.097980709173536
POLE4-R	1.1435830654157193	0.3186751398656701	1.0880889910728735
MCM7-R	1.1373375159384975	0.32067166944112185	1.0851300242695106
RPA1-R	1.1373375159384975	0.32067166944112185	1.0755271037007539
TOPBP1-R	1.1360781985123787	0.32107575124273674	1.0674360501841862
ATAD5-R	1.1358046653110734	0.321163588133441	1.0584434774136882
WDHD1-R	1.129707965239484	0.32312760713810473	1.0467125051738606
CDC5L-R	1.129707965239484	0.32312760713810473	1.0378420602147602
CDC7-R	1.129707965239484	0.32312760713810473	1.0557358888391526
DUT-R	1.1200657715934155	0.32625833538675963	1.0390916732065707
MCRS1-R	1.1200657715934155	0.32625833538675963	1.0304325759298492
YWHAE-R	1.1078217342805685	0.330277610483159	1.0345059039100601
CHEK1-R	1.1078217342805685	0.330277610483159	1.0260263473206335
DCLRE1B-R	1.102340049293553	0.33209305961620655	1.0232786145897748
MNAT1-R	1.100308993842228	0.3327682444721231	1.0089533172394773
CUL5-R	1.100308993842228	0.3327682444721231	1.0170900375397958
RAD9B-R	1.0971523030357515	0.333820350643415	1.0041104197924942
UBC-R	1.0640799251769224	0.3450451761445247	1.0297017461320854
TDG-R	-1.054226305419487	0.3484619261416307	1.0317739844349847
ERCC6-R	1.0193863903837044	0.3608162725948626	1.0600726148329684
FANCM-R	0.9948188771369599	0.36979041597771367	1.0780812896581038
RNASEH2C-R	0.9679408500521652	0.37986443114815954	1.0989970946958205
UBA52-R	0.9542974467991395	0.3850825905470897	1.1056538016465682
PRIM2-R	0.9299446519572063	0.3945755487515974	1.1243919772695896
POLL-R	0.922620504877052	0.39747608712355903	1.1242047538793198
FANCB-R	0.922620504877052	0.39747608712355903	1.1158773112579916
YWHAG-R	-0.913366105762418	0.4011715628012008	1.1179707522180522
USP37-R	0.9056180605358101	0.40429193098010086	1.1023499413054547
BAZ1B-R	0.9056180605358101	0.40429193098010086	1.0790608580384382
BRIP1-R	0.9056180605358101	0.40429193098010086	1.0715149779122952
PPP5C-R	-0.9056180605358101	0.40429193098010086	1.0640739016767933
POLR2F-R	0.9056180605358101	0.40429193098010086	1.056735460975574
POLR2L-R	0.9056180605358101	0.40429193098010086	1.0867137719252355
RIF1-R	0.9056180605358101	0.40429193098010086	1.118442641178527
BABAM1-R	0.9056180605358101	0.40429193098010086	1.110337984358393
UBB-R	-0.9056180605358101	0.40429193098010086	1.094476013153273
RFWD3-R	0.9049825641130647	0.40454893871108083	1.0501647107636962
CDT1-R	0.8932937167022249	0.4093053941108342	1.055283975292559
H2BC21-R	0.873406820285467	0.4175266851171774	1.0479643288702665
ABL1-R	-0.873406820285467	0.4175266851171774	1.0549507577294015
ABRAXAS1-R	0.873406820285467	0.4175266851171774	1.0692068490500692
SLX4-R	-0.873406820285467	0.4175266851171774	1.0620309641571157
SUMO2-R	0.8706599219478579	0.418675165131204	1.0439334709521468
INO80E-R	0.8578071482658375	0.4240910321761996	1.050526151599867
DCLRE1C-R	0.8219118782540173	0.43959040724079407	1.0818491191185777
ACTL6A-R	0.8219118782540173	0.43959040724079407	1.0748694473823288
ERCC5-R	-0.8137932983076331	0.4431737833864281	1.0766850250221556
XRCC6-R	0.8116127491555308	0.4441411999704091	1.0721625145782487
RAD51C-R	0.8107260213558244	0.4445352069820862	1.0663217939633587
CDC45-R	0.8075293590035594	0.44595850963949346	1.0630080198325034
PARP3-R	0.8075293590035594	0.44595850963949346	1.05636421970855
MCM8-R	0.792262794126848	0.45281899896572403	1.065952798807512
MLH1-R	0.792262794126848	0.45281899896572403	1.0593728432593172
TOP1-R	0.7780847996311103	0.45928479191904104	1.0613959520568081
ERCC1-R	-0.7780847996311103	0.45928479191904104	1.0679075836645187
MCM6-R	0.7772703192135009	0.4596590227693265	1.055822846239847
CIB1-R	0.7772703192135009	0.4596590227693265	1.0494624676480406
PPIE-R	0.7737435832624289	0.46128298072239576	1.046863770621485
H2BC4-R	0.7737435832624289	0.46128298072239576	1.0406324386535
GPS1-R	0.7708004666277005	0.46264259009936004	1.0253891324424413
PCLAF-R	0.7708004666277005	0.46264259009936004	1.0375239150748963
CDK2-R	0.7708004666277005	0.46264259009936004	1.0314208332215145
RFC1-R	0.7668886665301288	0.4644558997686235	1.0234231744901645
EYA1-R	0.7509236767391725	0.4719304401884018	1.033882293823146
APLF-R	-0.7281808017241472	0.48278647601252894	1.0515866345330371
DDX11-R	0.7190893940466134	0.4871956973316077	1.043204346263725
FANCF-R	0.7190893940466134	0.4871956973316077	1.055126681649596
RAD51D-R	0.7190893940466134	0.4871956973316077	1.0373436476892097
TREX2-R	0.7190893940466134	0.4871956973316077	1.049131643685678
RNF8-R	0.6990261977922234	0.4970691151866606	1.0524536014287393
SMARCC1-R	0.6926767521309989	0.5002352695488765	1.0474539622045538
FAAP20-R	-0.6926767521309989	0.5002352695488765	1.0532731508834678
REV3L-R	0.6903482651646794	0.501401418007968	1.0441271287089005
GTF2H3-R	0.6676797012081304	0.5128972731122272	1.0622298716367986
MTOR-R	-0.6676797012081304	0.5128972731122272	1.0507463054569413
BLM-R	0.6676797012081304	0.5128972731122272	1.0450971317716888
ERCC4-R	0.6676797012081304	0.5128972731122272	1.0395083770563323
LIG1-R	0.6676797012081304	0.5128972731122272	1.0564568832039898
CDK1-R	0.663689760622439	0.5149477907600116	1.038112833500236
DNA2-R	0.6360614997507094	0.5293732603840253	1.055960345713398
ATR-R	0.6360614997507094	0.5293732603840253	1.0615474374896594
RNF168-R	0.6357171696720615	0.5295555709061044	1.0507935150440502
RAD51-R	0.628964960391838	0.5331433399990338	1.0524027388522594
EYA3-R	-0.628964960391838	0.5331433399990338	1.0415532260805866
PRKDC-R	-0.628964960391838	0.5331433399990338	1.0469498749203825
CHAF1A-R	0.620400545142756	0.5377290097102999	1.0451245881036086
EXO1-R	0.6125275035875996	0.5419792818795395	1.0480109583282933
ERCC3-R	0.6125275035875996	0.5419792818795395	1.0426911057479467
MCM5-R	0.5898975701103656	0.5543840673251713	1.0611695026072723
TCEA1-R	0.5782545238968158	0.5608765091984084	1.0682019949055113
CENPS-R	0.5626623762427582	0.5696903130477081	1.079563143225407
GMNN-R	0.5555506318700199	0.5737562457258062	1.081858791691943
POLR2I-R	-0.5548499850247312	0.5741583870924275	1.0772575678615346
POLB-R	0.5364827187134164	0.5848015507940835	1.091821614536737
SMUG1-R	0.5326329382581256	0.5870572475572733	1.0906602785500323
FANCC-R	0.5326329382581256	0.5870572475572733	1.0853399845083247
RUVBL2-R	0.5184843899461532	0.5954222924638123	1.0954614021542954
RFC4-R	0.4967019716679037	0.6085343172561772	1.1035143839238812
XRCC1-R	-0.4967019716679037	0.6085343172561772	1.1088197415388998
MBD4-R	0.4967019716679037	0.6085343172561772	1.1141763586477835
RECQL4-R	0.4937698006717831	0.6103212624655466	1.1014845641640103
TERF1-R	0.48855087202080566	0.6135148117929575	1.102000538718156
PLK4-R	0.47105634584353945	0.6243423983212038	1.1161592875647934
PNKP-R	-0.4699266554971143	0.6250481104444852	1.1121748068472295
POLM-R	-0.4699266554971143	0.6250481104444852	1.1069777283105602
RAD54L-R	0.4699266554971143	0.6250481104444852	1.101828994690511
H2BC17-R	0.4699266554971143	0.6250481104444852	1.0967279345299068
LRWD1-R	0.4699266554971143	0.6250481104444852	1.0866662103599076
SETMAR-R	0.4699266554971143	0.6250481104444852	1.0817042641938808
POLD3-R	0.4699266554971143	0.6250481104444852	1.091673888748663
SMARCA5-R	-0.4699266554971143	0.6250481104444852	1.076787426629363
RFC3-R	0.4699266554971143	0.6250481104444852	1.0719150853323975
BRCA1-R	-0.4474773268850449	0.6392387096187713	1.0913129321870014
PARG-R	0.4438683882892158	0.6415498507446249	1.0903470557498334
CLSPN-R	0.4438683882892158	0.6415498507446249	1.085479434965236
EP300-R	-0.44156359039079285	0.6430301987885728	1.0831486459594182
MORF4L1-R	-0.4244533451104165	0.6541272692808777	1.0969656418471356
TP53BP1-R	-0.40514741273671767	0.6668784972279772	1.1134226892044201
FAN1-R	0.3840137085318525	0.681122089931682	1.1322161056320503
RECQL5-R	0.38344110452415114	0.6815122148529982	1.1279175957610754
TTK-R	0.3762296103510805	0.6864447001373244	1.1311414841393301
ALKBH5-R	0.36340817337329945	0.6953025715744932	1.140777812236939
RCHY1-R	0.35974061444233485	0.6978573167061024	1.1351413005648618
TFPT-R	-0.35974061444233485	0.6978573167061024	1.1302902693658667
NUDT1-R	0.35974061444233485	0.6978573167061024	1.1400341509983312
RAD23B-R	0.35736417120755615	0.6995177071356123	1.128158344699562
ALKBH3-R	0.34665055386765414	0.7070523618059757	1.1354781573070543
POLR2H-R	0.3437226389546828	0.7091255845892211	1.1340025171279107
EYA2-R	-0.337854131096236	0.7132993285010575	1.1358842247979024
MUS81-R	0.33677891891261735	0.7140666890934303	1.1323484316586196
PIAS3-R	-0.33672754668562355	0.714103373231736	1.127688243561783
H2BC3-R	0.33216036920375935	0.717372269209547	1.123487975332307
PIAS4-R	-0.33216036920375935	0.717372269209547	1.1281497511635614
IDH1-R	0.3306160282325979	0.7184809924995058	1.1205938113469658
USP10-R	0.31470749408325127	0.7300023730560649	1.133897128640363
DYNLL1-R	0.3143719879803251	0.7302473343980905	1.1296479172933727
COPS5-R	0.3134201464062328	0.7309427450782353	1.1261272373359805
H4C1-R	-0.3116915607652167	0.732207334872779	1.1235084207157218
XRCC4-R	0.3116915607652167	0.732207334872779	1.118978144825739
POLR2K-R	0.29151821987790905	0.7471284008907132	1.1371954375003226
POLR2B-R	0.29151821987790905	0.7471284008907132	1.1326466557503214
NHEJ1-R	0.29151821987790905	0.7471284008907132	1.1281341192732284
MGMT-R	0.27373260162822355	0.7605354140048292	1.1393000865922143
FANCD2-R	0.27373260162822355	0.7605354140048292	1.143821118681866
RRM2B-R	0.27373260162822355	0.7605354140048292	1.13036439963855
GTF2H2-R	0.27373260162822355	0.7605354140048292	1.134814653180434
CHEK2-R	0.27210272803291374	0.7617760013200338	1.1233972937754584
MPG-R	0.27210272803291374	0.7617760013200338	1.1190430406988092
NEIL1-R	0.27210272803291374	0.7617760013200338	1.1277855644542687
FAAP100-R	-0.24889973004265353	0.7796581457544844	1.1408897190770255
KDM4A-R	0.24206126367370898	0.7850080835995459	1.144300244939338
GTF2H4-R	0.24201799394352624	0.7850420514223985	1.1399652777359732
KDM4B-R	0.24201799394352624	0.7850420514223985	1.1356142652255306
RAD9A-R	-0.23654755596923227	0.7893483431838494	1.1375019850444066
H2AZ1-R	0.23344057279283256	0.7918046490810263	1.1367195530367764
XPC-R	0.2298348346940121	0.7946648427267766	1.1365206618620691
APBB1-R	0.22813988871223959	0.7960128988272183	1.134168754344044
RPA2-R	0.22813988871223959	0.7960128988272183	1.1299209312940663
ORC6-R	-0.22813988871223959	0.7960128988272183	1.1257048084161034
MDM2-R	0.22813988871223959	0.7960128988272183	1.1215200321766383
ORC1-R	0.22458991459009944	0.7988437457626919	1.1213399246076305
ASCC1-R	0.19065903314667068	0.8264143200080915	1.1557602482769986
USP7-R	0.18741769763421315	0.8290973520459985	1.1510179356242984
TERF2IP-R	-0.18741769763421315	0.8290973520459985	1.1426468960924854
EME2-R	-0.18741769763421315	0.8290973520459985	1.1343967379979547
NUDT15-R	0.18741769763421315	0.8290973520459985	1.122242487233691
TOP3A-R	0.18741769763421315	0.8290973520459985	1.1303161741922068
EME1-R	0.18741769763421315	0.8290973520459985	1.1182487417275213
POLR2A-R	-0.18741769763421315	0.8290973520459985	1.1552496192111525
FANCA-R	0.18741769763421315	0.8290973520459985	1.1468171402388083
RNF4-R	0.18741769763421315	0.8290973520459985	1.138506871106643
MAPK8-R	0.18741769763421315	0.8290973520459985	1.126264861739905
NBN-R	0.17872799766169983	0.8363333530893038	1.1240083007831425
TIMELESS-R	0.17025959743894684	0.8434458317958422	1.129561732334361
SMARCA4-R	0.16916490232905518	0.8443696533825986	1.1189374078042127
TP53-R	-0.16916490232905518	0.8443696533825986	1.1268172487042425
TRIM25-R	0.16916490232905518	0.8443696533825986	1.1228635039719468
DDB2-R	0.15365652416749945	0.8575665238069549	1.1324658972921111
HRAS-R	0.14932908971836292	0.8612856280104546	1.1334279618609804
LIG3-R	0.14932908971836292	0.8612856280104546	1.1295060657991776
UBE2N-R	0.14721791510973997	0.8631058731106225	1.1279900893411239
PARP2-R	-0.1470770111380818	0.8632274967245291	1.12427223800205
DNTT-R	0.1470770111380818	0.8632274967245291	1.1165980247733671
MEN1-R	-0.1470770111380818	0.8632274967245291	1.120421990611632
POLH-R	0.1470770111380818	0.8632274967245291	1.1128000723081515
MDC1-R	-0.1470770111380818	0.8632274967245291	1.1090278686732087
CDC25B-R	-0.14193468061158407	0.8676779308267109	1.110979512781498
H3-4-R	0.14160692001806927	0.867962368071412	1.1076018097611622
SMARCAL1-R	-0.14160692001806927	0.867962368071412	1.1038850251646481
HELB-R	0.14084233239208485	0.8686262551254308	1.101034617700797
AURKB-R	0.13140323343003146	0.8768641221659831	1.1077716743363586
H2BC9-R	-0.13140323343003146	0.8768641221659831	1.104091369770457
POLK-R	-0.13140323343003146	0.8768641221659831	1.1004354380824755
NSD2-R	0.13029291199630486	0.8778382639004355	1.098022118872162
MCM10-R	-0.13029291199630486	0.8778382639004355	1.0801970844748867
UBE2V2-R	-0.13029291199630486	0.8778382639004355	1.076701301029984
CDKN2D-R	0.13029291199630486	0.8778382639004355	1.0944102040074508
DGUOK-R	-0.13029291199630486	0.8778382639004355	1.0872571961381212
FAAP24-R	-0.13029291199630486	0.8778382639004355	1.0837156417533065
CDK4-R	0.13029291199630486	0.8778382639004355	1.0908219738303773
SAMHD1-R	-0.1228655124976607	0.8843825929693556	1.0812290410818897
POLD1-R	-0.10413847668349135	0.9011005073713949	1.0981256986937578
APEX1-R	0.09589608638264605	0.908558422755837	1.1036655199501995
UFD1-R	-0.09488273694424641	0.9094795765698139	1.1012548227474743
HMGN1-R	0.08929191122671032	0.9145785588550126	1.1039021458791394
HERC2-R	-0.08821908253994852	0.9155602714798231	1.0877659651750877
HUS1-R	0.08821908253994852	0.9155602714798231	1.1015788663201682
BRCA2-R	-0.08821908253994852	0.9155602714798231	1.0980928572495348
H2BC11-R	0.08821908253994852	0.9155602714798231	1.094628841926981
TINF2-R	-0.08821908253994852	0.9155602714798231	1.0911866128643175
GTF2H5-R	0.0853631601080672	0.9181787779427792	1.0874679901259792
UBA7-R	-0.0853631601080672	0.9181787779427792	1.0840802393779232
H2BC12-R	0.08170879536400132	0.9215402764275241	1.0846700769131417
H2BC15-R	-0.08170879536400132	0.9215402764275241	1.0779745826112086
RAD23A-R	0.08170879536400132	0.9215402764275241	1.0813119652199121
POLR2C-R	-0.08170879536400132	0.9215402764275241	1.0746577377416358
NUDT18-R	0.0711932709613478	0.9312818849878786	1.0760848610073355
CLK2-R	0.0711932709613478	0.9312818849878786	1.0728140863538176
POLN-R	-0.0711932709613478	0.9312818849878786	1.0826866086208773
TICRR-R	-0.0711932709613478	0.9312818849878786	1.079375640398795
AURKA-R	0.06586290020297003	0.9362592164414325	1.0752795243372817
POLQ-R	-0.06194645216329091	0.9399332168339569	1.076237731661842
CUL4A-R	-0.06194645216329091	0.9399332168339569	1.0729960517471977
VCP-R	-0.05384619137445425	0.9475778409392167	1.0752455141196502
CHTF18-R	0.05384619137445425	0.9475778409392167	1.0688452432022713
PPP4C-R	0.05384619137445425	0.9475778409392167	1.078474479627517
BOD1L1-R	-0.05384619137445425	0.9475778409392167	1.0720358260178005
POLR2D-R	0.04967855114154871	0.9515352452635792	1.0701242075812953
KPNA2-R	0.04457942959020562	0.9563996306458147	1.0724126035939756
GINS4-R	0.04457942959020562	0.9563996306458147	1.0692491445863237
AEN-R	-0.03884181503953166	0.9619028556776027	1.0722387714759158
POLG-R	0.03516681404030184	0.9654443531509105	1.0698930112403366
RBX1-R	0.03516681404030184	0.9654443531509105	1.0730305274023317
ACD-R	-0.03301920877365446	0.9675199745383375	1.0690672604957139
POLE-R	0.025879002038749186	0.9744529893008345	1.073597915537838
POLR2E-R	-0.025879002038749186	0.9744529893008345	1.0704860375217862
CCNA2-R	0.02505011219122721	0.9752610383361094	1.068277264535796
TRIP13-R	-0.02505011219122721	0.9752610383361094	1.0651986557042807
STK19-R	-0.02384937475756297	0.9764327741051528	1.0634138545570486
SIRT6-R	0.02384937475756297	0.9764327741051528	1.060366823455166
UBE2I-R	-0.02314377858849601	0.977121984453409	1.0490913090873712
RTEL1-R	0.02314377858849601	0.977121984453409	1.0431809355150479
RRM2-R	-0.02314377858849601	0.977121984453409	1.0520716821245513
PLK1-R	-0.02314377858849601	0.977121984453409	1.0461277743159378
ERCC6L-R	-0.02314377858849601	0.977121984453409	1.0402506519883203
RAD52-R	-0.02314377858849601	0.977121984453409	1.05808352030812
ATRX-R	0.02314377858849601	0.977121984453409	1.0550690373442793
GADD45A-R	0.02118090295568636	0.9790418369864395	1.039374947388965
JMJD6-R	-0.02118090295568636	0.9790418369864395	1.0364716654130184
CDC6-R	-0.019933004902327852	0.9802643440123947	1.03200051772416
SLX1A-R	0.019933004902327852	0.9802643440123947	1.0348751709768735
ALKBH1-R	0.011151119258914419	0.9889108240120494	1.0382193969544784
RNF111-R	-0.009288142071011196	0.9907548594827236	1.0372820213921332
NFRKB-R	-0.00226130401398189	0.9977412508078342	1.041718826601017
PLRG1-R	3.8640140373300555E-4	0.999613673239675	1.0322985889859313
YWHAB-R	3.8640140373300555E-4	0.999613673239675	1.0211686850615547
PARP4-R	-3.8640140373300555E-4	0.999613673239675	1.0129774924006332
TOP2A-R	3.8640140373300555E-4	0.999613673239675	1.002258153856711
TERT-R	3.8640140373300555E-4	0.999613673239675	1.0351190769339804
NPLOC4-R	3.8640140373300555E-4	0.999613673239675	1.0294934297767304
GTF2H1-R	-3.8640140373300555E-4	0.999613673239675	1.0184236079511741
TERF2-R	-3.8640140373300555E-4	0.999613673239675	1.0156932497529136
UBE2A-R	-3.8640140373300555E-4	0.999613673239675	1.0102762190875647
PKMYT1-R	-3.8640140373300555E-4	0.999613673239675	1.0379550196105118
PTEN-R	3.8640140373300555E-4	0.999613673239675	1.007589314249566
H2AX-R	-3.8640140373300555E-4	0.999613673239675	1.0049166635486386
ATM-R	3.8640140373300555E-4	0.999613673239675	1.0408065443896615
RHNO1-R	3.8640140373300555E-4	0.999613673239675	1.0267034746824846
ELL-R	3.8640140373300555E-4	0.999613673239675	1.023928600426586
PER1-R	-3.8640140373300555E-4	0.999613673239675	0.9996136732396749