

Data type: org.panda.causalpath.data.SiteModProteinData
Row ID	Change amount	P-value	Q-value
RUVBL1-A-K2	3.421008916056839	0.0326794474817374	29.019349363782812
MDC1-P-S376	-2.2290481031308667	0.10763083484341184	47.78809067047486
TP53BP1-P-T1609	-2.2290481031308667	0.10763083484341184	31.858727113649906
VCP-P-S284	2.2290481031308667	0.10763083484341184	23.89404533523743
TP53BP1-P-S1758-S1759	-2.2290481031308667	0.10763083484341184	19.115236268189943
MDC1-P-S793	-1.5911996744302233	0.20368111408026393	30.14480488387906
APBB1-P-T709	1.4723651330112888	0.22938232340969406	29.0987861696869
TP53BP1-P-S1618	-1.4723651330112888	0.22938232340969406	25.46143789847604
XPC-P-S397-S398-S399	1.4723651330112888	0.22938232340969406	22.63238924308981
TP53BP1-P-S1094-S1101-S1104	-1.4723651330112888	0.22938232340969406	20.369150318780832
XRCC1-P-T257-S266	-1.4723651330112888	0.22938232340969406	18.517409380709847
TP53BP1-P-S1701	-1.4723651330112888	0.22938232340969406	16.97429193231736
PARP1-P-S782	-1.4723651330112888	0.22938232340969406	15.668577168292947
WRN-P-S1133	-1.4723651330112888	0.22938232340969406	14.54939308484345
MDC1-P-S329	-1.32404333821846	0.26605736429177185	15.750595966072893
SMARCC1-P-S330	1.32404333821846	0.26605736429177185	14.766183718193338
TERF2-P-S365	-1.323079067616378	0.26631403931882885	13.910992171477648
TP53BP1-P-S523-S525	-1.3196211184815694	0.2672365337709046	13.183668999364627
TP53BP1-P-S1426-S1430	-1.2099760978500798	0.29820440707114876	13.9371322883779
DTL-P-S485	-1.2099760978500798	0.29820440707114876	13.240275673959005
RBBP8-P-S539	-1.2016993276644123	0.30068281889075626	12.714587770237694
ATRX-P-S25-S26	1.1982233061782002	0.3017298174703185	12.178912632438312
UNG-P-S23	-1.1982233061782002	0.3017298174703185	11.649394691897516
EXO1-P-S746	-1.1982233061782002	0.3017298174703185	11.164003246401785
TOP2B-P-S1550-S1552	1.1982233061782002	0.3017298174703185	10.717443116545715
MDC1-P-S372	-1.113472451759036	0.3284165680812849	11.216688940622346
FANCD2-P-S1412	-1.0978847533026102	0.3335759333611823	10.97094180832333
XRCC6-P-S520	-1.0978847533026102	0.3335759333611823	10.579122458026067
POLR2A-P-S1966	1.0978847533026102	0.3335759333611823	10.214325131887238
TP53BP1-P-T591	-1.0978847533026102	0.3335759333611823	9.873847627490996
MRE11-P-S689	1.0774803798942603	0.34045225622372405	9.752309791182805
PIAS1-P-S483-S485	1.0774803798942603	0.34045225622372405	9.447550110208342
KAT5-P-S180-S183	1.0774803798942603	0.34045225622372405	9.161260712929302
PMS2-P-S445	-1.0709616170526373	0.34267883311958414	8.949964817946785
SMARCC1-P-S310	-1.0626797490353963	0.34552863855519195	8.766555172486013
PARG-P-S68	-0.9566870563247988	0.38416349210110917	9.476032805160692
PMS2-P-S535	-0.955824391960257	0.38449503924229345	9.227880941815043
MSH6-P-S935	-0.955824391960257	0.38449503924229345	8.985041969662015
MCM4-P-T19	-0.9548072321491258	0.3848863311132365	8.763565693039846
CDK1-P-T14-Y15	-0.9259735389634234	0.3961455681392369	8.79443161269106
ACTL6A-P-S233	-0.9165392886300803	0.3999005896526984	8.661261551502346
EP300-A-K1203	-0.9149275296465025	0.4005456527240657	8.468679514737389
ATR-P-S1950	-0.9017636778471035	0.40585323379640076	8.381341200260556
MDC1-P-T1671	0.8918471169259271	0.4098979236756306	8.272485368726363
TP53BP1-P-S598	0.8875767921245131	0.4116520636532169	8.12326738942348
TOP2B-P-S1581	0.8875767921245131	0.4116520636532169	7.946674620088187
TP53BP1-P-T855	-0.8749287278556751	0.41689173138733454	7.876592712169214
BRCA2-P-S93	-0.8749287278556751	0.41689173138733454	7.712497030665689
XRCC1-P-S475-S485-T488	0.865829181639703	0.42070256911586934	7.624160844385551
MSH6-P-S309	-0.863742137983112	0.42158151061966165	7.48728762860519
PARP1-P-S75	0.8635326255065163	0.42166984645944566	7.342016150117407
PRKDC-P-S2612	-0.848583341593005	0.4280208620019612	7.309279335725799
MTOR-P-S2478	0.848583341593005	0.4280208620019612	7.171368404863048
MCM3-P-S711-T713	0.848583341593005	0.4280208620019612	7.038565286254474
CDK7-P-T170	0.848583341593005	0.4280208620019612	6.910591371958938
MDC1-P-S882	-0.848583341593005	0.4280208620019612	6.787187954602528
FANCD2-P-S1435	-0.848583341593005	0.4280208620019612	6.668114481714764
CHEK2-P-S163	-0.848583341593005	0.4280208620019612	6.553146990650716
XPC-P-S884	-0.847188977789006	0.42861809508262405	6.451065566667292
KDM4B-P-T448	-0.8440197539941113	0.4299786365398918	6.363683820790399
TP53BP1-P-S1028	-0.7894228578546852	0.45410680384196334	6.61060396412563
MTOR-P-S2478-S2481	0.7688335859375677	0.4635534483573721	6.639281647441071
KAT5-P-S138	-0.763006779212598	0.46626236922243797	6.572079109040078
TTK-P-S821	-0.763006779212598	0.46626236922243797	6.4693903729613265
UNG-P-T60	-0.763006779212598	0.46626236922243797	6.369861290300383
XRCC1-P-S461-S475	0.7505621806962113	0.4721010720145897	6.351905332559934
ATRX-P-S316	-0.7505621806962113	0.4721010720145897	6.2571007753575465
TP53BP1-P-T321	-0.7505621806962113	0.4721010720145897	6.165084587484642
ABL1-P-S683	-0.7505621806962113	0.4721010720145897	6.075735535492111
NBN-P-S347	0.7505621806962113	0.4721010720145897	5.988939313556509
UNG-P-S14	-0.7268470848219962	0.48343080607715444	6.046289518260749
TP53BP1-P-S1678	-0.7268470848219962	0.48343080607715444	5.962313274951572
NFRKB-P-S298	-0.7268470848219962	0.48343080607715444	5.880637750637167
RRM2-P-T33	-0.7268470848219962	0.48343080607715444	5.8011696729258535
ATR-P-S464	0.7268470848219962	0.48343080607715444	5.7238207439535085
MCM2-P-S108	0.7268470848219962	0.48343080607715444	5.648507313112015
TP53BP1-P-S398	-0.7244245516171984	0.4846033529505254	5.588672434026838
USP7-P-S49-T54	0.7244245516171984	0.4846033529505254	5.517022787436751
WEE1-P-T173	-0.7244245516171984	0.4846033529505254	5.44718705595021
ATRX-P-T662	-0.7244245516171984	0.4846033529505254	5.379097217750832
MCM4-P-S120	-0.7244245516171984	0.4846033529505254	5.312688610124279
EXO1-P-S639	-0.7244245516171984	0.4846033529505254	5.247899724634959
TP53BP1-P-S640	-0.722808704572211	0.48538703082765977	5.19305642620436
MDC1-P-S880	-0.722808704572211	0.48538703082765977	5.131234325892403
TP53BP1-P-S1635-T1638	-0.722808704572211	0.48538703082765977	5.070866863234846
TTK-P-T33	-0.7197985358738604	0.48685032895662866	5.027012698994026
MDC1-P-T1567	-0.7197985358738604	0.48685032895662866	4.969230943833176
MSH6-P-S227	-0.7197985358738604	0.48685032895662866	4.912762410380526
TIMELESS-P-S1087	-0.7197985358738604	0.48685032895662866	4.857562832735801
WEE1-P-T190	-0.7197985358738604	0.48685032895662866	4.80358991237207
CLK2-P-S50	-0.7197985358738604	0.48685032895662866	4.750803210038311
ABL1-P-S659	-0.7197985358738604	0.48685032895662866	4.699164044711807
POLR2A-P-S1861	-0.7197985358738604	0.48685032895662866	4.648635399069745
PRKDC-P-S511	-0.7197985358738604	0.48685032895662866	4.599181830994535
TOP2B-P-S1441	-0.7088687279858131	0.4922006954984685	4.600781237922527
PARP1-P-T368	-0.7087395705402104	0.49226427098855857	4.5534445066441664
EP300-P-T887	0.7087395705402104	0.49226427098855857	4.506501779771546
MSH6-P-S65	-0.7087395705402104	0.49226427098855857	4.460517067733061
DTL-P-S679	-0.7087395705402104	0.49226427098855857	4.4154613397761615
POLR2E-P-Y26-T36	0.7087395705402104	0.49226427098855857	4.3713067263784
MCM3-P-S160	-0.685255259469565	0.5039615721914177	4.430870060455237
PIAS1-P-S510	0.685255259469565	0.5039615721914177	4.387430157901754
WRN-P-S478	-0.685255259469565	0.5039615721914177	4.344833748601737
MCM7-P-T651	0.6781387408204895	0.5075608159708277	4.3337885055970675
MCM2-P-S27	-0.67340079968285	0.509971315132985	4.312900265124673
NFRKB-P-S494	0.67340079968285	0.509971315132985	4.272212526774441
MCM3-P-S711-T722	-0.6485086322878305	0.5228249198267448	4.338958213141583
PARG-P-S286-S291	0.642859802725421	0.5257866259007525	4.3231344796284095
PCLAF-P-S72	-0.6344649418494497	0.5302191104902698	4.31958321206752
MCM2-P-T106	0.6298727198912284	0.532659593663497	4.30001562884714
XPC-P-S398-S399	0.6298727198912284	0.532659593663497	4.261276749307976
TP53BP1-P-S1426	-0.6273919908157469	0.5339826181590062	4.233719329689263
XRCC6-P-T455	-0.6273919908157469	0.5339826181590062	4.19625278694865
TOP2A-P-S1106	-0.6273919908157469	0.5339826181590062	4.159443551975416
TOP2B-P-S1236	-0.6267407126614903	0.5343305026454523	4.1259607508622755
MRE11-P-S676	-0.6255181218957245	0.5349841696860763	4.09539605759686
KAT5-P-S180	0.609000787249725	0.5438940635289695	4.128016482168589
ATR-P-S435	-0.5940275195627099	0.5520992105690217	4.15478049987535
TOP2B-P-T1292	-0.5940275195627099	0.5520992105690217	4.119866378027657
ATM-P-S1891	-0.5832648709746047	0.5580733514801915	4.129742800953418
TIMELESS-P-S1149	-0.5566170761831065	0.5731446927919883	4.206218902473435
APBB1-P-S205	-0.5547980337477441	0.5741882161286513	4.179337179690512
TP53BP1-P-S1701-S1705	-0.5547980337477441	0.5741882161286513	4.145358828636117
SMARCA4-P-S1382	-0.5381494348984247	0.5838276644059098	4.180959403164903
TP53BP1-P-S532	0.5330733455021937	0.586798760216793	4.168618392580098
USP7-P-S49	0.5330733455021937	0.586798760216793	4.135534119623113
SUMO2-P-T38	-0.5254918509480591	0.5912644788420466	4.134195726076672
TP53BP1-P-S1474	0.5189536867964899	0.595142928214847	4.1288040644905015
TOP2B-P-S1522-S1524-S1526	0.5036927323830475	0.6042950346272415	4.159798377899151
XRCC1-P-S241	-0.5036927323830475	0.6042950346272415	4.127799928838389
ABL1-P-T852	-0.5036927323830475	0.6042950346272415	4.096290005717485
NBN-P-S615	-0.5036927323830475	0.6042950346272415	4.065257505674171
TP53BP1-P-S1548	-0.5023751571303982	0.6050917635700739	4.040011173309967
APBB1-P-S517	0.5010506509508664	0.6058937423457846	4.015176441813856
MNAT1-P-T51	-0.488240934839964	0.6137049923146142	4.036815060558351
TP53BP1-P-S500-S507	-0.48786286042661614	0.6139370623366566	4.008647877609934
SMARCC1-P-T398	-0.48310125739145265	0.6168673578315256	3.998381122294852
ORC1-P-S201	-0.48310125739145265	0.6168673578315256	3.9694073460463386
MSH6-P-S252	-0.48310125739145265	0.6168673578315256	3.9408504586647104
ATRX-P-S849-S850	0.48310125739145265	0.6168673578315256	3.9127015268171053
ABL1-P-S16	-0.48310125739145265	0.6168673578315256	3.8849518705985444
TP53BP1-P-S771	-0.48281129208519313	0.6170462538994338	3.858711784948572
TP53BP1-P-S1086	-0.48281129208519313	0.6170462538994338	3.831727786452428
ATM-P-S1981	-0.48281129208519313	0.6170462538994338	3.8051185657131747
TP53BP1-P-T302	-0.48281129208519313	0.6170462538994338	3.7788763687082563
ELL-P-T180	-0.48281129208519313	0.6170462538994338	3.7529936538540905
TP53BP1-P-S208	-0.48281129208519313	0.6170462538994338	3.727463084780253
BARD1-P-T299	-0.4784385984161491	0.6197503158560944	3.718501895136567
ATRX-P-S213	0.4784385984161491	0.6197503158560944	3.6935455065786034
PARP1-P-S177	-0.46839275928250873	0.626007605069501	3.7059650220114464
XRCC1-P-S461	-0.46260580113970556	0.6296407872745249	3.7027882059587953
MDC1-P-S329-T331	0.46260580113970556	0.6296407872745249	3.678427757235382
MEN1-P-S492	-0.46260580113970556	0.6296407872745249	3.654385745750184
TP53BP1-P-S809	-0.46260580113970556	0.6296407872745249	3.630655968180377
ELL-P-S442	-0.46260580113970556	0.6296407872745249	3.607232381288891
NFRKB-P-S240	-0.46260580113970556	0.6296407872745249	3.5841090967934495
MDC1-P-T1425	0.46260580113970556	0.6296407872745249	3.5612803764317076
SMARCA4-P-T1455	-0.46260580113970556	0.6296407872745249	3.5387406272137856
MCM6-P-S762	-0.46260580113970556	0.6296407872745249	3.5164843968539503
SOX4-P-S347-S348	-0.46260580113970556	0.6296407872745249	3.494506369373613
TP53BP1-P-S566	0.448844079363441	0.6383656253090961	3.520923448909797
ATRX-P-S731	-0.44784191343200463	0.6390056942646611	3.502697879672957
YY1-A-K339	-0.44670260927727296	0.6397341309837309	3.4851773516168896
POLR2L-A-K67	0.44670260927727296	0.6397341309837309	3.4639262702045914
PARP1-A-K418	-0.44670260927727296	0.6397341309837309	3.442932777657897
PARP1-A-K134	-0.44670260927727296	0.6397341309837309	3.4221922187563436
WRN-A-K493	-0.44670260927727296	0.6397341309837309	3.4017000497817547
PRKDC-A-K4048	0.44670260927727296	0.6397341309837309	3.3814518351997203
MDC1-A-K1016	-0.44670260927727296	0.6397341309837309	3.3614432444588935
NFRKB-A-K1191	-0.44670260927727296	0.6397341309837309	3.341670048903253
POLR2A-P-S1861-S1868	-0.44067845760731417	0.6435996178668578	3.3422015243612266
DTL-P-S512	-0.4360632123281498	0.6465768530154101	3.3381409620795592
ATRX-P-S60	0.4360632123281498	0.6465768530154101	3.318845349581989
TTK-P-S281	-0.4360632123281498	0.6465768530154101	3.299771525733817
CDA-A-K4	-0.4328678306050213	0.6486462173178048	3.2914162341612037
TIMELESS-P-S1121	-0.4314731726205494	0.6495514880686903	3.2772825079829375
TOP2A-P-S1354	-0.4293492825759811	0.6509325300791764	3.2656954051429867
RAD9A-P-S387	0.42842195519113885	0.6515364376067208	3.250361553903191
SIRT6-P-T294-S303	0.42619839269358106	0.6529867814627094	3.239398111390424
MCM3-P-T722	-0.42410818418449125	0.6543530874243735	3.2281418979602425
MDC1-P-S1775	-0.41450185985383164	0.6606693046521489	3.24129471011662
PARG-P-S302	0.40946941901420075	0.6640024637709285	3.2397482847724426
TP53BP1-P-S525	-0.40893994535101175	0.6643541286782256	3.2237511817828652
CDK1-P-Y19	-0.4072913723828956	0.6654502682207738	3.2115208596741693
MCM3-P-S711-T713-T722	0.4072913723828956	0.6654502682207738	3.194161287459714
TP53BP1-P-S999	-0.4072913723828956	0.6654502682207738	3.1769883773120813
XRCC5-P-S175	-0.3985938881693246	0.6712632539552108	3.1876030455199316
USP7-P-S963	0.3985938881693246	0.6712632539552108	3.1706477101714214
MSH6-P-S41	-0.3985938881693246	0.6712632539552108	3.1538717963609906
WEE1-P-S139	-0.3985938881693246	0.6712632539552108	3.1372724711169853
POLR2A-P-T1877	0.3985938881693246	0.6712632539552108	3.120846960797001
TOPBP1-P-S817	0.3985938881693246	0.6712632539552108	3.10459254954285
TOPBP1-P-S888	-0.3985938881693246	0.6712632539552108	3.0885065777835607
NBN-P-S343	-0.3985938881693246	0.6712632539552108	3.072586440784676
PARG-P-S197-T199	-0.3985938881693246	0.6712632539552108	3.056829587242191
XRCC6-P-S477	-0.39841373200281455	0.6713841970637587	3.0417814642480496
POLR2A-P-S1917	-0.39841373200281455	0.6713841970637587	3.026340949201105
TOP2A-P-S1247	-0.39841373200281455	0.6713841970637587	3.011056398952615
BRCA2-P-S2095	-0.39841373200281455	0.6713841970637587	2.995925462274461
WEE1-P-S165	0.39841373200281455	0.6713841970637587	2.9809458349630886
FANCD2-P-S592	-0.3966860296835565	0.6725451517013659	2.9712442522926015
TP53BP1-P-S222	-0.3966860296835565	0.6725451517013659	2.9565351223307568
POLA1-P-S192	-0.3953242218160285	0.6734616528878445	2.9459800382483055
MCM7-A-K28	0.3948017884770666	0.6738135836299973	2.9330708934482237
MCM3-P-S672-T674-S681	0.3922593950857046	0.6755288623647583	2.9261933159995386
PRKDC-A-K309	-0.38626894703534126	0.6795877279952766	2.9294849633971145
APEX1-A-K35	-0.38614745237559334	0.6796702992909424	2.9156870810162165
PRKDC-A-K263	0.38614745237559334	0.6796702992909424	2.901669354665177
PRKDC-A-K1407	0.38614745237559334	0.6796702992909424	2.887785769236157
TOP2B-P-S1466-S1476	0.3831555225873545	0.6817068702249726	2.88264619409417
TP53BP1-P-S1094	-0.38127642343844764	0.6829890693369578	2.874380538252221
MDC1-P-T1302	-0.3795489607708154	0.6841699271068424	2.865768373919227
POLR2A-P-S1910	-0.37737603912192663	0.6856581911079244	2.8585186558865576
TP53BP1-P-S1635	-0.37737603912192663	0.6856581911079244	2.8451610920740036
VCP-P-S7	0.37737603912192663	0.6856581911079244	2.8319277846690083
MCM3-P-S672-T674	0.37737603912192663	0.6856581911079244	2.8188170078881334
MRE11-P-S649	0.37737603912192663	0.6856581911079244	2.8058270677596164
KAT5-P-S155	0.37737603912192663	0.6856581911079244	2.7929563013937466
TP53BP1-P-S119	-0.37737603912192663	0.6856581911079244	2.7802030762732275
ATRX-P-S962	0.37737603912192663	0.6856581911079244	2.7675657895628945
ATRX-P-S974	0.37737603912192663	0.6856581911079244	2.7550428674381755
ELL-P-S319	-0.37737603912192663	0.6856581911079244	2.742632764431697
RRM2-P-S20	-0.37737603912192663	0.6856581911079244	2.7303339627974745
TOP2B-P-S1613	0.37737603912192663	0.6856581911079244	2.7181449718921287
XPC-P-S94	0.37737603912192663	0.6856581911079244	2.7060643275726077
POLR2A-P-S1875-S1882	0.37737603912192663	0.6856581911079244	2.694090591609897
PTEN-P-S294	0.37737603912192663	0.6856581911079244	2.6822223511182237
ATRX-P-S92	-0.37737603912192663	0.6856581911079244	2.670458217999284
KAT5-P-S136	-0.37737603912192663	0.6856581911079244	2.658796828401034
PARG-P-T322-S323	-0.37737603912192663	0.6856581911079244	2.6472368421905945
MCM6-P-S13	-0.37737603912192663	0.6856581911079244	2.635776942440852
ATRX-P-T674-S675-S677	0.37737603912192663	0.6856581911079244	2.624415834930331
XRCC1-P-S266	-0.37737603912192663	0.6856581911079244	2.6131522476559517
RRM2B-P-S329	0.37737603912192663	0.6856581911079244	2.601984930358277
PARG-P-S261-S264	-0.37737603912192663	0.6856581911079244	2.59091265405888
MDC1-P-S955	-0.37737603912192663	0.6856581911079244	2.579934210609478
PRKDC-P-S2624	-0.37737603912192663	0.6856581911079244	2.5690484122524757
MTOR-P-S2481	0.37737603912192663	0.6856581911079244	2.5582540911925915
TCEA1-P-S57	-0.37737603912192663	0.6856581911079244	2.5475500991792335
BLM-P-S28	-0.37737603912192663	0.6856581911079244	2.53693530709932
SIRT6-P-S326-S330	0.37737603912192663	0.6856581911079244	2.5264086045802356
PMS2-P-T573	-0.37737603912192663	0.6856581911079244	2.5159688996026315
RECQL4-P-S27	-0.37737603912192663	0.6856581911079244	2.505615118122785
MSH6-P-S256-S261	-0.37737603912192663	0.6856581911079244	2.495346203704249
XRCC6-P-S2	-0.37737603912192663	0.6856581911079244	2.4851611171585173
BRCA1-P-S1189-S1191	-0.37737603912192663	0.6856581911079244	2.4750588361944583
EP300-P-S2326	0.37737603912192663	0.6856581911079244	2.4650383550762625
EP300-P-S2315	0.37737603912192663	0.6856581911079244	2.4550986842896645
KAT5-P-S86-S90	0.37737603912192663	0.6856581911079244	2.445238850216212
ATRX-P-S819	-0.37737603912192663	0.6856581911079244	2.435457894815347
PRKDC-P-S893	-0.37737603912192663	0.6856581911079244	2.425754875314091
MRE11-P-S688-S689	0.37737603912192663	0.6856581911079244	2.416128863904114
XRCC1-P-S447-T453	-0.37737603912192663	0.6856581911079244	2.406578947445995
TFPT-P-S145	-0.37737603912192663	0.6856581911079244	2.39710422718046
SMARCA4-P-S1659-S1663	0.37737603912192663	0.6856581911079244	2.3877038184464188
CDC25C-P-T48	0.37737603912192663	0.6856581911079244	2.3783768504056124
PTEN-P-S370	0.37737603912192663	0.6856581911079244	2.369122465773684
XRCC6-P-S560	0.37737603912192663	0.6856581911079244	2.359939820557507
RBBP8-P-S349	-0.37737603912192663	0.6856581911079244	2.3508280837985978
MCM6-P-S271	-0.37737603912192663	0.6856581911079244	2.3417864373224493
TOP2B-P-S1550	-0.37737603912192663	0.6856581911079244	2.3328140754936273
TOP2B-P-S1400-T1403-S1413	-0.37737603912192663	0.6856581911079244	2.3239102049764764
NBN-P-T497	0.37737603912192663	0.6856581911079244	2.3150740445012805
XRCC1-P-S447	-0.37737603912192663	0.6856581911079244	2.3063048246357454
MPG-P-T67	-0.37737603912192663	0.6856581911079244	2.297601787561648
CDK1-P-T14	-0.37737603912192663	0.6856581911079244	2.2889641868565294
PARP1-P-S179	-0.37737603912192663	0.6856581911079244	2.2803912872802874
PARG-P-S137	-0.37737603912192663	0.6856581911079244	2.2718823645665553
YY1-P-S247	-0.37737603912192663	0.6856581911079244	2.263436705218724
XRCC1-P-S446-S447	-0.37737603912192663	0.6856581911079244	2.2550536063105064
PARG-P-S133-S137	-0.37737603912192663	0.6856581911079244	2.2467323752909105
TIMELESS-P-S1173	-0.37737603912192663	0.6856581911079244	2.2384723297935176
CHEK1-P-S280	-0.37737603912192663	0.6856581911079244	2.2302727974499517
MCM3-P-T674	-0.37156406178102275	0.6896548238976469	2.2350857066463887
MCM4-P-S26	-0.3650368443227868	0.694171074143678	2.241541504871222
ATRX-P-S784	-0.365030154606494	0.6941757179667556	2.2334349186756484
TP53BP1-P-S500	-0.3642212425151521	0.6947374722728287	2.2271728353006206
DTL-P-T429	-0.3642212425151521	0.6947374722728287	2.2191614222239995
ABL1-P-S718	0.3642212425151521	0.6947374722728287	2.211207438631799
NBN-P-S432	-0.3642212425151521	0.6947374722728287	2.203310269208114
ABL1-P-Y185	0.36390885785395644	0.6949545315039466	2.1961552454644293
SIRT6-P-S303	-0.36390885785395644	0.6949545315039466	2.188367460906045
MDC1-P-S1086	-0.36390885785395644	0.6949545315039466	2.1806347136943627
WEE1-P-S67	-0.36390885785395644	0.6949545315039466	2.17295642244896
MDC1-P-T548	-0.36308623744187724	0.6955264504908933	2.1671139931084675
FEN1-P-S335	-0.35615134442688956	0.7003666156297965	2.1745648765009067
SMARCA4-P-S1453	0.35615134442688956	0.7003666156297965	2.166987995398116
RBBP8-P-S327	-0.3482779289850031	0.7059026581390146	2.1765331959286285
UNG-P-S12	0.34429508678653276	0.7087197633526394	2.1776579579831963
TOP2B-P-T1431	0.3407981628205788	0.7112024408154657	2.17775092222115
TP53BP1-P-S639-S640	-0.33872770420694515	0.712676481478607	2.1747653455429656
TOP2A-P-S1474	0.33872770420694515	0.712676481478607	2.167317519017134
TP53BP1-P-S523	-0.33872770420694515	0.712676481478607	2.159920530897621
POLR2A-P-S1910-S1917	0.33872770420694515	0.712676481478607	2.1525738624251805
TP53BP1-P-S1462-S1474	-0.33872770420694515	0.712676481478607	2.1452770018745864
SMARCA4-P-T353	-0.33857463798705845	0.7127855765227991	2.138356729568397
XRCC1-P-T453	-0.33370101313406697	0.7162679049117362	2.1415686853926656
ATRX-P-S84	-0.33248050794623063	0.7171426473107926	2.1369888282281337
ATRX-P-S1244-S1245	0.326308214645537	0.7215827507826021	2.1430283702172264
MDC1-P-T1239	-0.326308214645537	0.7215827507826021	2.1358849423165025
ABL1-P-T781	0.326308214645537	0.7215827507826021	2.1287889790529926
TOP2A-P-S1377	0.3250152928640757	0.7225163042139509	2.1244850269602265
CDK1-P-T161	-0.3214143299960406	0.7251227486352994	2.1251122138222636
TP53BP1-P-S1631	0.3199473402451819	0.726187276910786	2.121231256239401
MDC1-P-T1343	-0.3199473402451819	0.726187276910786	2.114276399661567
TOP1-P-S112	0.3199473402451819	0.726187276910786	2.1073669996626734
EP300-P-S12	0.3199473402451819	0.726187276910786	2.100502612041622
ATRX-P-S54	-0.3199473402451819	0.726187276910786	2.0936827983661623
TOP2B-P-S1466	-0.3199473402451819	0.726187276910786	2.0869071258795406
PRKDC-P-T2603	0.3199473402451819	0.726187276910786	2.0801751674089615
TERF1-P-T371	-0.3199473402451819	0.726187276910786	2.0734865012758137
TOP2A-P-S1351-S1354	0.3199473402451819	0.726187276910786	2.0668407112076217
TTK-P-S321	-0.3199473402451819	0.726187276910786	2.060237386251687
MSH6-P-S261	-0.3199473402451819	0.726187276910786	2.0536761206903758
MDC1-P-S1820	-0.3199473402451819	0.726187276910786	2.0471565139580252
VCP-P-S352	0.3199473402451819	0.726187276910786	2.040678170559424
SMARCA4-P-S1449	-0.3199473402451819	0.726187276910786	2.034240699989836
CHEK1-P-S286	-0.3199473402451819	0.726187276910786	2.0278437166565344
ATRX-P-S25	0.3163336717255334	0.7288162242239368	2.028805037965065
MDC1-P-S1153	0.3163336717255334	0.7288162242239368	2.022465022221424
ATRX-P-S875-S876	0.31372281499581794	0.7307215451453395	2.0214353024581353
TTK-P-S455	-0.31372281499581794	0.7307215451453395	2.0151575530716195
YWHAE-P-T208	-0.3112549473799515	0.7325270961969312	2.013882543104876
WEE1-P-S150	-0.30858509894081443	0.7344854456061207	2.0130341842538124
POLA1-P-S215	-0.3078331653814218	0.7350379375541441	2.0083498109171694
NFRKB-P-S228	-0.3078331653814218	0.7350379375541441	2.0021892286750917
TP53BP1-P-S1656	-0.30548412476045617	0.7367666010829383	2.0007606781701814
SIRT6-P-S338	0.3003729903689193	0.7405419541458651	2.0048818758583176
TP53BP1-P-S1430	-0.2961784932464339	0.7436546788352645	2.0071895282848478
ERCC4-P-S693-S697	-0.2934932541674768	0.7456542529058446	2.0064878078193638
TOP2A-P-S1374-S1377	-0.2916658496070787	0.7470181106684929	2.0040848407058056
MDC1-P-S495	-0.2916658496070787	0.7470181106684929	1.998048440583198
MDC1-P-S453-T455	-0.2916658496070787	0.7470181106684929	1.992048295115981
XRCC5-A-K469	-0.28920638064599835	0.748857639730088	1.9909748026356833
SUMO1-A-K7	-0.28920638064599835	0.748857639730088	1.9850315942696064
USP7-A-K1096	-0.28920638064599835	0.748857639730088	1.979123762143804
NFRKB-A-K1095	-0.28920638064599835	0.748857639730088	1.9732509913362557
PARP1-A-K683	0.28920638064599835	0.748857639730088	1.9674129706518289
COPS5-A-K194	-0.28920638064599835	0.748857639730088	1.9616093925673102
PARP1-A-K192	0.28920638064599835	0.748857639730088	1.9558399531774064
PRKDC-A-K3260	0.28920638064599835	0.748857639730088	1.9501043521416956
VCP-A-K754	0.28920638064599835	0.748857639730088	1.9444022926325093
ELL-A-K355	0.28920638064599835	0.748857639730088	1.9387334812837265
PRKDC-A-K1612	-0.28920638064599835	0.748857639730088	1.9330976281404597
TOP1-A-K615	0.28920638064599835	0.748857639730088	1.927494446609618
FEN1-P-Y152-S157-S162	-0.28918549174712427	0.7488732827049771	1.9219638006994788
ATR-P-T1989	-0.28918549174712427	0.7488732827049771	1.916425000121094
PRKDC-P-S3205	-0.288193215509442	0.7496167406652727	1.9128151313527648
SMARCC1-A-K359	-0.2878838684012167	0.749848668307498	1.9079244053210835
XRCC6-A-K94	0.28327458583147014	0.7533129104063472	1.9112624698309608
TP53BP1-P-S724	-0.2825821656490264	0.753834700097217	1.9071373609297113
UBA7-P-S24	-0.2770749537213248	0.7579976802343277	1.9122214205911447
ATRX-P-S729-S731	0.2761879464228677	0.7586703279865395	1.9084964624703884
TP53BP1-P-S580	-0.27529849346830104	0.7593454297424274	1.9047987051165975
MDC1-P-S513	-0.27529849346830104	0.7593454297424274	1.8994330749613395
MSH6-P-S137	-0.27529849346830104	0.7593454297424274	1.8940975887957179
KPNA2-P-S62	-0.2749466541070966	0.7596126443589148	1.8894566615986452
RBBP8-P-T315	-0.2749466541070966	0.7596126443589148	1.8841788496947385
KAT5-P-S90	0.2749466541070966	0.7596126443589148	1.878930440642664
DDB2-P-S24-S26	-0.2749466541070966	0.7596126443589148	1.8737111894186567
TP53BP1-P-S999-S1002	-0.2749466541070966	0.7596126443589148	1.8685208537138958
TP53BP1-P-S552	-0.2749466541070966	0.7596126443589148	1.8633591938970064
ATRX-P-S925	-0.2749466541070966	0.7596126443589148	1.8582259729771802
RCHY1-P-S257	0.2749466541070966	0.7596126443589148	1.853120956567902
TP53BP1-P-S1288	-0.2749466541070966	0.7596126443589148	1.8480439128512778
ATRX-P-S313	-0.2749466541070966	0.7596126443589148	1.8429946125429408
XRCC6-P-S6	-0.2749466541070966	0.7596126443589148	1.8379728288575379
ATRX-P-S1011-S1012-S1013	0.2749466541070966	0.7596126443589148	1.8329783374747728
ATRX-P-S1061	0.2749466541070966	0.7596126443589148	1.8280109165060063
MCM3-P-T713	-0.2749466541070966	0.7596126443589148	1.8230703464613955
KDM4B-P-S622	0.2749466541070966	0.7596126443589148	1.8181564102175642
NBN-P-S397	0.2749466541070966	0.7596126443589148	1.8132688929857967
MCM3-P-S672	-0.2749466541070966	0.7596126443589148	1.8084075822807408
MEN1-P-S548	-0.2749466541070966	0.7596126443589148	1.803572267889616
SMARCA4-P-S695	-0.2749466541070966	0.7596126443589148	1.7987627418419103
ABL1-P-S569	-0.2740516381714672	0.7602928141165033	1.7955851567432313
TP53BP1-P-T548-S552	0.2738327798880701	0.7604592287066215	1.7912143105874798
SUMO1-P-S2	-0.2738327798880701	0.7604592287066215	1.7864756483901585
ABL1-P-S919	-0.27141875904771895	0.76229721070381	1.7860683986938872
TOP2B-P-S1522	-0.27141875904771895	0.76229721070381	1.7813682186973243
ATRX-P-S634	-0.27141875904771895	0.76229721070381	1.7766927115616358
TP53BP1-P-S1362	-0.27141875904771895	0.76229721070381	1.7720416835208985
YWHAE-P-S210	-0.27141875904771895	0.76229721070381	1.7674149428328545
NBN-P-S488	0.26911379908565236	0.7640563017921272	1.7668801978942943
DDB2-P-S26	-0.26837960455298443	0.7646174737310303	1.7635852381120907
PARG-P-S316	0.26837960455298443	0.7646174737310303	1.759016364438225
MDC1-P-S780	-0.26837960455298443	0.7646174737310303	1.7544711025146122
TP53BP1-P-T922	-0.26837960455298443	0.7646174737310303	1.7499492697761725
ATRX-P-S1073-S1076	0.26837960455298443	0.7646174737310303	1.7454506855351026
TP53BP1-P-T593	0.26837960455298443	0.7646174737310303	1.7409751709568075
SMARCC1-P-S328-S330	-0.26837960455298443	0.7646174737310303	1.7365225490362017
SMARCA4-P-S1663	-0.26837960455298443	0.7646174737310303	1.7320926445743747
MDC1-P-T1157	-0.2551857136167531	0.7747725987779954	1.7506312155594401
MDC1-P-T1287	-0.2551857136167531	0.7747725987779954	1.7461879891240102
TOP2B-P-S1400	-0.25208482416150996	0.7771788117318641	1.7471766704250515
TOPBP1-P-T822	0.25208482416150996	0.7771788117318641	1.7427646081259984
MSH6-P-S9	-0.24755495906906883	0.7807073126847208	1.7462672384484437
TOP2A-P-S1351	0.24755495906906883	0.7807073126847208	1.7418796323216887
VCP-P-S775	0.24755495906906883	0.7807073126847208	1.7375140192081004
ATRX-P-S1082	-0.24755495906906883	0.7807073126847208	1.7331702341600803
USP7-P-S18	0.24606065352927578	0.7818748000211748	1.731433472366093
TP53BP1-P-T1372	0.24154883321628184	0.7854104487341792	1.734936513621769
TP53BP1-A-K1667	-0.2405780052311049	0.7861733174248803	1.7323124215218206
MCM4-A-K409	-0.2405780052311049	0.7861733174248803	1.7280245194883508
PRKDC-A-K689	0.2405780052311049	0.7861733174248803	1.7237577922797376
TERF2-A-K335	-0.2405780052311049	0.7861733174248803	1.7195120834317579
PIAS1-P-S485	0.23814814570702048	0.7880859308977973	1.7194602128679215
XRCC5-P-S695	0.23814814570702048	0.7880859308977973	1.7152458496010883
TFPT-P-S167	-0.23814814570702048	0.7880859308977973	1.7110520944675893
TOP2B-P-S1522-S1524	0.23814814570702048	0.7880859308977973	1.706878796676205
POLR2B-P-S75	-0.2330008155133516	0.7921529275127617	1.7115128944801274
MCM2-P-S40-S41	0.2330008155133516	0.7921529275127617	1.7073587369692533
TP53BP1-P-S1002	0.2330008155133516	0.7921529275127617	1.7032246964439042
SMARCC1-P-S357	0.2330008155133516	0.7921529275127617	1.6991106271288223
BLM-P-T171	0.2330008155133516	0.7921529275127617	1.695016384653813
BRCA1-P-S1217-S1218	-0.2330008155133516	0.7921529275127617	1.6909418260368567
ABL1-P-S884	0.2330008155133516	0.7921529275127617	1.6868868096674638
MDC1-P-S1033	0.2330008155133516	0.7921529275127617	1.682851195290269
MCM4-P-S326	0.2330008155133516	0.7921529275127617	1.67883484398886
PTEN-P-T366-S370	-0.2330008155133516	0.7921529275127617	1.674837618169839
TP53BP1-P-T1638	-0.22703979480823439	0.7968890696114346	1.6808491539547599
PARP1-P-S468-S479	-0.22703979480823439	0.7968890696114346	1.6768660990875686
RBBP8-P-S568	-0.22703979480823439	0.7968890696114346	1.6729018766310968
TCEA1-P-S100	-0.22546558279320203	0.7981445298805173	1.6715857135233476
MDC1-P-T1589	-0.22546558279320203	0.7981445298805173	1.6676525706679985
MSH6-P-S252-S254-S256	-0.22546558279320203	0.7981445298805173	1.6637378932720643
RAD9A-P-S375	0.22546558279320203	0.7981445298805173	1.659841551601638
RECQL4-P-S323	-0.22546558279320203	0.7981445298805173	1.655963417135279
TP53BP1-P-S635	0.22546558279320203	0.7981445298805173	1.6521033625498822
TP53BP1-P-S1327	-0.22546558279320203	0.7981445298805173	1.648261261706743
MDC1-P-S299-T301-S307	0.21821315907900327	0.8039540532951536	1.6564064949561401
TP53BP1-P-S784-S786	0.21821315907900327	0.8039540532951536	1.6525722206622602
ATRX-P-S1348-S1352	-0.21821315907900327	0.8039540532951536	1.648755656642255
MSH6-P-S14	-0.21821315907900327	0.8039540532951536	1.6449566804748765
ATRX-P-S729	0.21673045227346388	0.8051469655923625	1.6436103573471676
MDC1-P-T404	-0.21370910057383352	0.8075832763678233	1.6448026362720807
MLH1-P-S388	-0.21061104535951425	0.8100890935239005	1.6461306980531434
VCP-P-S3	0.2088212792723639	0.8115402617495256	1.645314503273011
AURKA-P-S10	0.20711764698211577	0.8129240063055547	1.6443656437342429
CLK2-P-S98	0.2067028796980981	0.8132612505218619	1.6413090692350305
MCM2-P-S41	-0.19803343793880093	0.8203424221195086	1.6518459656283984
DTL-P-S697	-0.19641896437116393	0.8216679129734954	1.650771734661683
ATRX-P-S703	0.19287529124298122	0.8245848006728388	1.6528923318227557
MSH6-P-S830	-0.19205014157028763	0.8252654873467935	1.650530974693587
MCM4-P-S32	0.18738471364469875	0.8291246994353754	1.654522995727221
CDK1-P-Y15	-0.18622955821513745	0.8300830207321721	1.652721350695446
ATRX-P-S1527	0.18622955821513745	0.8300830207321721	1.649023987494785
TFPT-P-S180	0.18622955821513745	0.8300830207321721	1.6453431303798411
SUMO1-P-T76	-0.1837847816157457	0.8321148709747546	1.6456971167607617
SMARCC1-P-S328	0.1837847816157457	0.8321148709747546	1.642040012056849
MCM4-P-T110	0.1837847816157457	0.8321148709747546	1.6383991251121552
SMARCC1-P-S573	-0.1837847816157457	0.8321148709747546	1.6347743482866859
TP53BP1-P-S1460	-0.1837847816157457	0.8321148709747546	1.6311655748909095
YY1-P-S118	0.1837847816157457	0.8321148709747546	1.6275726991752908
SMARCC1-P-S350	0.1837847816157457	0.8321148709747546	1.6239956163199605
TOP2B-P-S1336	0.1837847816157457	0.8321148709747546	1.6204342224245218
MDC1-P-S402-T404	-0.1837847816157457	0.8321148709747546	1.6168884144979914
TP53BP1-P-S1094-S1101	-0.1837847816157457	0.8321148709747546	1.613358090448869
SUMO2-P-S28	-0.1837847816157457	0.8321148709747546	1.609843149075342
PARG-P-S133	-0.1837847816157457	0.8321148709747546	1.606343490055613
MDC1-P-T1287-T1302	-0.1837847816157457	0.8321148709747546	1.6028590139383558
TOP2B-P-S1336-S1340-S1342	0.18273848210973667	0.8329859679879166	1.6010639384702812
XRCC6-A-K392	0.1797101611474546	0.8355123402583914	1.6024513134977354
PRKDC-A-K832	0.17809023094225968	0.8368669087922119	1.6015901185506125
MRE11-P-S681	0.17243386439449576	0.8416139476192651	1.6072111515825964
TFPT-P-S252	-0.17165384335400322	0.8422706803057387	1.6050136568916222
TOP2B-P-S1342-S1344	0.17165384335400322	0.8422706803057387	1.6015767968126253
TP53BP1-P-S294	-0.17165384335400322	0.8422706803057387	1.5981546241698632
TOP2B-P-S1342	-0.17165384335400322	0.8422706803057387	1.5947470450138508
HLTF-P-S397-S398-S400	0.17045098401180023	0.8432844230349348	1.5932692928830259
BRCA1-P-S1524	-0.1669164504368179	0.8462703138986233	1.5955160058216082
TP53BP1-P-S63	0.16479720296652925	0.8480656718524903	1.595513382637736
KAT5-P-T139	-0.16479720296652925	0.8480656718524903	1.5921402042389246
TP53BP1-P-S1114	0.16479720296652925	0.8480656718524903	1.5887812586603614
EP300-A-K977	-0.15928016835606182	0.8527574098560655	1.5942075367414448
SMARCC1-A-K354	-0.15928016835606182	0.8527574098560655	1.5908583612440887
PRKDC-A-K3598	0.15928016835606182	0.8527574098560655	1.587523228411292
XRCC6-A-K516	0.15928016835606182	0.8527574098560655	1.5842020501091763
PARP1-A-K633	-0.15928016835606182	0.8527574098560655	1.580894738939846
PRKDC-A-K3631	0.15928016835606182	0.8527574098560655	1.5776012082337212
EP300-A-K1180	-0.15928016835606182	0.8527574098560655	1.574321372041967
SMARCC1-A-K608	-0.15928016835606182	0.8527574098560655	1.5710551451290171
CDK1-A-K33	-0.15928016835606182	0.8527574098560655	1.567802442965189
MCM4-A-K858	-0.15928016835606182	0.8527574098560655	1.564563181719393
APEX1-A-K24	0.15928016835606182	0.8527574098560655	1.5613372782519304
PRKDC-A-K1051	0.15928016835606182	0.8527574098560655	1.558124650107379
EP300-A-K1340	-0.15928016835606182	0.8527574098560655	1.5549252155075692
PRKDC-A-K3267	0.15928016835606182	0.8527574098560655	1.5517388933446439
YWHAE-A-K123	-0.15928016835606182	0.8527574098560655	1.548565603174205
MEN1-A-K507	-0.15928016835606182	0.8527574098560655	1.5454052652085433
PARP1-A-K700	-0.15928016835606182	0.8527574098560655	1.5422578003099516
XRCC1-A-K169	-0.15928016835606182	0.8527574098560655	1.5391231299841184
PRKDC-A-K2702	-0.15928016835606182	0.8527574098560655	1.5360011763736028
TOP2B-A-K1481	0.15928016835606182	0.8527574098560655	1.5328918622513892
TP53BP1-A-K217	-0.15928016835606182	0.8527574098560655	1.5297951110145176
MDC1-P-T1800	-0.1591619796476134	0.852858202109092	1.526891297324342
XRCC6-A-K287	0.15733013693197906	0.8544219360140978	1.5266130365805206
NFRKB-P-S238	-0.14668636720832842	0.8635647771801129	1.539850446056105
USP7-A-K869	0.1422433367574915	0.8674101580276788	1.5436076559690959
POLR2H-A-K20	-0.1422433367574915	0.8674101580276788	1.5405204406571578
XRCC6-A-K526	-0.1422433367574915	0.8674101580276788	1.5374455495580417
YWHAG-A-K69	0.1422433367574915	0.8674101580276788	1.5343829090210734
PARP1-A-K505	0.1422433367574915	0.8674101580276788	1.53133244598127
MDC1-P-S299	-0.1390434743589332	0.8701901966749509	1.5331922512844371
SIRT6-P-S326	0.13900282349659174	0.870225571375848	1.5302184304589168
TOP2B-P-S1400-S1413	-0.13900282349659174	0.870225571375848	1.5271942833631482
POLR2A-P-S1882	-0.13722277618514897	0.8717759935675664	1.5268975982011814
ATRX-P-S704	-0.1344107050567936	0.8742309397934158	1.5281832175916403
CHEK1-P-S331	-0.1344107050567936	0.8742309397934158	1.5251808929991224
PARG-P-S197-T199-S201	0.1344107050567936	0.8742309397934158	1.5221903422285359
POLR2A-P-S1821-S1822	-0.1344107050567936	0.8742309397934158	1.5192114961576384
SMARCC1-P-S830	-0.1344107050567936	0.8742309397934158	1.5162442862042056
ATRX-P-S108-S112	0.1344107050567936	0.8742309397934158	1.5132886443207667
TP53BP1-P-S103	0.13051122839913307	0.8776466383266599	1.5162455541518949
ELL-P-T431	-0.13051122839913307	0.8776466383266599	1.513301388027328
CDK7-P-S164	-0.13051122839913307	0.8776466383266599	1.5103686333993682
TP53BP1-P-S1971	-0.13051122839913307	0.8776466383266599	1.5074472240504333
TP53BP1-P-S993	0.13024906538074982	0.8778767549811579	1.5049315799676992
ABL1-P-Y393	0.12942704860707185	0.8785986810760029	1.5032671075057622
TOP2B-P-S1413	-0.1290740092341845	0.878908915762697	1.500905994610144
EP300-A-K1760-K1762	-0.1259208899575939	0.8816845941301523	1.502756083661373
MRE11-P-S619	0.12412143977015933	0.8832725699515211	1.5025786247451165
MRE11-P-S275	-0.12412143977015933	0.8832725699515211	1.499705625462621
MDC1-P-S108	-0.12284931009845217	0.8843969222052637	1.4987489826684621
RBBP8-P-S163	-0.12284931009845217	0.8843969222052637	1.4958942227014747
TP53BP1-P-T1545	-0.12284931009845217	0.8843969222052637	1.493050317335122
POLR2A-P-T1870	0.12284931009845217	0.8843969222052637	1.490217204778509
MGMT-P-S201	-0.12284931009845217	0.8843969222052637	1.4873948237088526
MSH6-P-S274-S275	0.12284931009845217	0.8843969222052637	1.4845831132670588
PIAS1-P-S503	-0.12284931009845217	0.8843969222052637	1.4817820130533474
TFPT-P-S249	0.12270365756931388	0.8845257462352901	1.4792068976590163
WEE1-P-S165-T173	-0.12270365756931388	0.8845257462352901	1.4764264335656723
XRCC5-P-S145	0.12270365756931388	0.8845257462352901	1.4736564027334664
MCM4-P-T23	-0.12270365756931388	0.8845257462352901	1.4708967465485723
NBN-P-S509	0.12270365756931388	0.8845257462352901	1.4681474068353975
POLE3-P-S122	-0.12270365756931388	0.8845257462352901	1.4654083258524957
TOP2A-P-S1213	-0.12270365756931388	0.8845257462352901	1.4626794462885244
MLH1-P-S477	-0.12270365756931388	0.8845257462352901	1.4599607112582484
POLR2A-P-T1919	-0.12270365756931388	0.8845257462352901	1.4572520642985856
TOP2B-P-S1454	0.12270365756931388	0.8845257462352901	1.4545534493646994
MDC1-P-T1526	-0.12270365756931388	0.8845257462352901	1.4518648108261325
MDC1-P-S998	-0.12270365756931388	0.8845257462352901	1.4491860934629845
TOP2A-P-S1525	-0.12270365756931388	0.8845257462352901	1.446517242462132
ATRX-P-S675-S677	0.12270365756931388	0.8845257462352901	1.4438582034134884
MSH6-P-S200	-0.12270365756931388	0.8845257462352901	1.4412089223063076
PIAS1-P-T508	0.12270365756931388	0.8845257462352901	1.4385693455255268
TP53BP1-P-S1462	-0.12270365756931388	0.8845257462352901	1.4359394198481492
NFRKB-P-S1303	0.12270365756931388	0.8845257462352901	1.4333190924396673
XPC-P-S903	0.12270365756931388	0.8845257462352901	1.4307083108505239
TP53BP1-P-T548	-0.12270365756931388	0.8845257462352901	1.4281070230126138
ATRX-P-S849	0.12270365756931388	0.8845257462352901	1.4255151772358214
PTEN-P-S385	-0.12270365756931388	0.8845257462352901	1.422932722204597
TP53BP1-P-S265	-0.12270365756931388	0.8845257462352901	1.4203596069745708
TOP2B-P-T1317	0.12270365756931388	0.8845257462352901	1.4177957809692014
XRCC6-P-S324	-0.12270365756931388	0.8845257462352901	1.4152411939764642
MDC1-P-T341	0.12270365756931388	0.8845257462352901	1.4126957961455713
TOP2B-P-S1524	-0.12270365756931388	0.8845257462352901	1.41015953798373
ATRX-P-S871	-0.12270365756931388	0.8845257462352901	1.4076323703529348
VCP-P-S702	0.12270365756931388	0.8845257462352901	1.4051142444667937
TP53BP1-P-S1705	-0.12270365756931388	0.8845257462352901	1.4026051118873886
TOP2A-P-S1374	0.12270365756931388	0.8845257462352901	1.4001049245221704
MDC1-P-S453	-0.12270365756931388	0.8845257462352901	1.3976136346208854
TP53BP1-P-S359-S360	0.12270365756931388	0.8845257462352901	1.3951311947725358
TOP2B-P-S1552	-0.12270365756931388	0.8845257462352901	1.3926575579023717
DTL-P-S490	-0.12270365756931388	0.8845257462352901	1.3901926772689162
CDC25C-P-S173	-0.12270365756931388	0.8845257462352901	1.3877365064610205
CCNH-P-T315	0.12270365756931388	0.8845257462352901	1.3852889993949518
SIRT6-P-S330	-0.12270365756931388	0.8845257462352901	1.3828501103115098
MSH6-P-S219-S227	-0.12270365756931388	0.8845257462352901	1.3804197937731768
TTK-P-S436	-0.12270365756931388	0.8845257462352901	1.377998004661294
CHEK2-P-S303	-0.12270365756931388	0.8845257462352901	1.375584698173271
MCM2-P-S381	-0.12270365756931388	0.8845257462352901	1.373179829819821
MCM4-P-S131	-0.12270365756931388	0.8845257462352901	1.3707833554222297
TP53BP1-P-S1326	0.12270365756931388	0.8845257462352901	1.3683952311096474
SMARCA4-P-S699	-0.12270365756931388	0.8845257462352901	1.3660154133164133
CLK2-P-S97	-0.12270365756931388	0.8845257462352901	1.3636438587794055
MRE11-P-S678	0.12252656954912744	0.8846823990187511	1.361521612354681
MCM2-P-S139	-0.12252656954912744	0.8846823990187511	1.359166038630884
TCEA1-P-S135	0.12179856260495112	0.8853266884437593	1.3578067346080454
MAPK8-P-S377	0.12179856260495112	0.8853266884437593	1.3554656885138934
COPS5-P-S284	0.12179856260495112	0.8853266884437593	1.3531327010982068
SMARCC1-P-S328-S330-T335	-0.1155830574130738	0.8908465777520317	1.3592298299721721
RAD9A-P-S341	0.1155830574130738	0.8908465777520317	1.3568983894404874
TOP2B-P-S1424	-0.11496691184713878	0.891395638054007	1.3554098058081476
TP53BP1-P-S507	-0.11496691184713878	0.891395638054007	1.3530928659691592
SOX4-P-S354	-0.11446898256474267	0.891839600566189	1.3514565960798224
TP53BP1-P-S287	0.11446898256474267	0.891839600566189	1.349154285013247
PCNA-A-K13	0.10995449024239225	0.8958749054185945	1.3529539387954284
CDK1-A-K20	-0.10995449024239225	0.8958749054185945	1.3506569032456908
MTOR-A-K230	-0.10995449024239225	0.8958749054185945	1.3483676542571388
XRCC6-P-S27	-0.10984782941558249	0.8959704652728805	1.3462297346232113
BRCA2-P-S844	0.10866098796340637	0.8970344714394078	1.3455517071591119
RUVBL2-A-K427	-0.1079985180639592	0.8976289266581069	1.3441728277780758
XRCC6-A-K461	-0.1079985180639592	0.8976289266581069	1.341909910559594
RUVBL1-A-K33	0.1079985180639592	0.8976289266581069	1.3396545997855442
PRKDC-A-K520	0.1079985180639592	0.8976289266581069	1.3374068571684545
TOP2B-A-K203	0.1079985180639592	0.8976289266581069	1.335166644677385
PARP1-A-K105	0.1079985180639592	0.8976289266581069	1.332933924535784
PRKDC-A-K3608	0.1079985180639592	0.8976289266581069	1.3307086592193638
NBN-A-K544	0.1079985180639592	0.8976289266581069	1.3284908114539982
POLD1-A-K1033	-0.10720527211798138	0.8983412496514824	1.3273328281040206
SOD1-A-K123	0.10720527211798138	0.8983412496514824	1.3251279562965388
TOP1-A-K101	0.10720527211798138	0.8983412496514824	1.3229303974967104
PARP1-A-K852	0.10720527211798138	0.8983412496514824	1.3207401153816496
TOP2B-A-K28	0.10720527211798138	0.8983412496514824	1.318557073868622
MRE11-A-K416	-0.10720527211798138	0.8983412496514824	1.3163812371130632
YWHAE-A-K50	-0.10720527211798138	0.8983412496514824	1.3142125695066167
PRKDC-A-K2829	0.10720527211798138	0.8983412496514824	1.3120510356751913
VCP-A-K236	0.10720527211798138	0.8983412496514824	1.3098966004770383
VCP-A-K696	0.10720527211798138	0.8983412496514824	1.3077492290008466
PARP1-A-K400	-0.10720527211798138	0.8983412496514824	1.3056088865638567
SMARCC1-A-K854	-0.10720527211798138	0.8983412496514824	1.303475538709994
EP300-A-K1546	-0.10720527211798138	0.8983412496514824	1.3013491512080202
EP300-A-K1560	0.10720527211798138	0.8983412496514824	1.299229690049701
SUMO2-A-K21	0.10720527211798138	0.8983412496514824	1.2971171214479942
ATRX-A-K866	0.10720527211798138	0.8983412496514824	1.2950114118352538
CDK2-A-K6	-0.10720527211798138	0.8983412496514824	1.2929125278614528
TOP1-A-K673	0.10720527211798138	0.8983412496514824	1.2908204363924214
PARP1-A-K548	0.10720527211798138	0.8983412496514824	1.288735104508104
DDX11-P-S204	-0.10372908378226235	0.9014694870460829	1.2911369427369703
NFRKB-P-S351	-0.10372908378226235	0.9014694870460829	1.2890578172253164
TOP2B-P-S1452	0.10372908378226235	0.9014694870460829	1.286985377004697
TOP2B-P-S1473	-0.10372908378226235	0.9014694870460829	1.284919589882699
TERF1-P-T344	-0.10372908378226235	0.9014694870460829	1.2828604238732717
TERF1-P-S435	-0.10372908378226235	0.9014694870460829	1.2808078471950746
TP53BP1-P-S78	-0.10372908378226235	0.9014694870460829	1.2787618282698427
ATRX-P-S889	0.10372908378226235	0.9014694870460829	1.276722335720768
VCP-P-S705	-0.10372908378226235	0.9014694870460829	1.2746893383708942
SIRT6-P-T294	-0.10372908378226235	0.9014694870460829	1.2726628052415287
TOP1-P-S394	0.10041715208397929	0.9044600419384486	1.2748579638751467
TP53BP1-P-S1216-S1219	0.10041715208397929	0.9044600419384486	1.272837586753316
ATRX-P-S1352	-0.10041715208397929	0.9044600419384486	1.2708236032299722
RECQL4-P-S251	-0.10041715208397929	0.9044600419384486	1.2688159830037005
TP53BP1-P-S1101	0.10041715208397929	0.9044600419384486	1.2668146959642625
EP300-A-K1769-K1772	-0.1001854469727212	0.9046696342339599	1.2651128113381989
CDA-A-K51	0.1001854469727212	0.9046696342339599	1.2631236402511892
EP300-A-K1674	-0.1001854469727212	0.9046696342339599	1.2611407145993034
XRCC6-A-K317	0.1001854469727212	0.9046696342339599	1.259164005015292
EYA3-A-K13	0.1001854469727212	0.9046696342339599	1.2571934823157376
CDK1-A-K6	-0.1001854469727212	0.9046696342339599	1.2552291174996193
NFRKB-A-K1249	-0.1001854469727212	0.9046696342339599	1.2532708817468896
XRCC5-A-K660	0.1001854469727212	0.9046696342339599	1.2513187464170659
TOP1-A-K150	-0.1001854469727212	0.9046696342339599	1.2493726830478324
USP7-A-K277	0.1001854469727212	0.9046696342339599	1.2474326633536588
TOP2B-A-K1318	0.1001854469727212	0.9046696342339599	1.2454986592244284
EP300-A-K291	-0.1001854469727212	0.9046696342339599	1.243570642724081
PARP1-A-K662	0.1001854469727212	0.9046696342339599	1.2416485860892679
EP300-A-K1800	0.1001854469727212	0.9046696342339599	1.239732461728019
APEX1-A-K197	0.1001854469727212	0.9046696342339599	1.2378222422184226
SUMO2-A-K33	-0.1001854469727212	0.9046696342339599	1.2359179003073173
YWHAG-A-K120	0.1001854469727212	0.9046696342339599	1.2340194089089958
SUMO2-A-K45	-0.1001854469727212	0.9046696342339599	1.2321267411039207
APEX1-A-K98	0.1001854469727212	0.9046696342339599	1.2302398701374522
PRKDC-A-K2786	-0.1001854469727212	0.9046696342339599	1.2283587694185876
PRKDC-A-K3877	0.1001854469727212	0.9046696342339599	1.2264834125187118
PRKDC-A-K2366	0.1001854469727212	0.9046696342339599	1.2246137731703601
XRCC5-A-K155	0.1001854469727212	0.9046696342339599	1.2227498252659914
RAD9A-A-K2	-0.1001854469727212	0.9046696342339599	1.2208915428567724
SUMO1-A-K16	-0.1001854469727212	0.9046696342339599	1.2190389001513753
USP7-A-K327	-0.1001854469727212	0.9046696342339599	1.2171918715147823
VCP-A-K524	-0.1001854469727212	0.9046696342339599	1.2153504314671049
POLB-A-K81	0.1001854469727212	0.9046696342339599	1.2135145546824113
YWHAE-A-K142	0.1001854469727212	0.9046696342339599	1.211684215987566
PRKDC-A-K4043	0.1001854469727212	0.9046696342339599	1.2098593903610788
EP300-A-K1760	-0.1001854469727212	0.9046696342339599	1.2080400529319644
XRCC6-A-K114	-0.1001854469727212	0.9046696342339599	1.206226178978613
ATRX-A-K1274	0.1001854469727212	0.9046696342339599	1.2044177439276706
EP300-A-K1542	-0.1001854469727212	0.9046696342339599	1.2026147233529285
TOP2B-A-K1485	0.1001854469727212	0.9046696342339599	1.2008170929742246
NBN-A-K334	0.1001854469727212	0.9046696342339599	1.1990248286563527
PARP1-A-K108	-0.1001854469727212	0.9046696342339599	1.1972379064079826
PRKDC-A-K1892	-0.1001854469727212	0.9046696342339599	1.1954563023805898
ATRX-P-S598	0.09887296609614814	0.9058577753642061	1.1952477036009137
YWHAE-A-K153	-0.098346061116654	0.9063352021049769	1.1941033523282187
PARP1-A-K654	-0.09648300743640195	0.9080253271467759	1.1945577637130917
TOP2A-P-S4	0.09327495111742012	0.9109430010641482	1.1966233505103012
TP53BP1-A-K1669	0.09089147017458483	0.9131168059293165	1.1977071250594284
PRKDC-A-K3642	0.09089147017458483	0.9131168059293165	1.19594059537645
CLK2-P-S142	0.09024735061794725	0.9137051517837039	1.194948711021987
ATRX-P-S677	-0.09024735061794725	0.9137051517837039	1.193191433505778
DDB2-P-T148	0.09024735061794725	0.9137051517837039	1.191439316863332
NFRKB-P-S363	0.0887113646787856	0.9151096684321608	1.1915210932078575
YY1-P-S187	0.0887113646787856	0.9151096684321608	1.1897765528078459
MDC1-P-S498	0.0887113646787856	0.9151096684321608	1.1880371134031562
MCM7-P-S121	0.0878765462776395	0.9158739377911105	1.1872935135160674
PRKDC-A-K3691	-0.08496120963769342	0.9185479145168004	1.1890241225815141
PARP1-A-K518	0.08496120963769342	0.9185479145168004	1.187293374222589
ATRX-P-S917	-0.0809648870149793	0.9222260729863849	1.1903150476917295
TP53BP1-P-S1068	-0.0809648870149793	0.9222260729863849	1.188587449654441
XRCC1-P-S475	-0.07922614341813068	0.9238309825243941	1.1889303079444378
PARG-P-S291	-0.07922614341813068	0.9238309825243941	1.187209714155806
SMARCC1-P-S822	-0.07922614341813068	0.9238309825243941	1.1854940931815925
TP53BP1-P-S1317	0.07922614341813068	0.9238309825243941	1.1837834234944618
ATRX-P-S25-S26-S29	0.07824896398482024	0.9247341723777767	1.1832333502470687
MDC1-P-S495-S498	0.07715516054460127	0.9257462031772966	1.1828239257862438
MSH6-P-S91	-0.07631809097261424	0.9265214415743289	1.182113563387937
TOP2B-P-S1449	0.07544276291972303	0.9273328068373264	1.181451266099779
TOP2B-P-S1375	0.07544276291972303	0.9273328068373264	1.179758642509378
PARP1-P-S257	0.07544276291972303	0.9273328068373264	1.1780708619049296
SMARCC1-P-S816	-0.07544276291972303	0.9273328068373264	1.1763879035307798
BRCA1-P-S114	-0.07475969208605468	0.9279664572201908	1.1755124308295712
TP53BP1-P-S630	-0.0743162938524517	0.9283780071416765	1.1743585047604113
EP300-A-K1769	0.07389897701995451	0.9287655157622882	1.1731774935944694
RBBP8-P-T245	-0.07181157990443358	0.930706243050475	1.1739590111204856
POLR2A-P-S1889	0.06817188918612485	0.9340998981057707	1.176568382294928
TTK-P-S258	-0.06810160984071267	0.9341655483420599	1.174984429076132
MRE11-P-S667	-0.06643405883867683	0.935724616589896	1.1752807065513828
MDC1-P-S505	0.06643405883867683	0.935724616589896	1.173620705553429
TOP2B-A-K1322	0.06422128780009713	0.9377974534324599	1.1745615495740824
TOP1-A-K172	-0.06422128780009713	0.9377974534324599	1.1729072375324288
PRKDC-A-K1970	-0.06422128780009713	0.9377974534324599	1.1712575789704984
PRKDC-A-K2359	0.06422128780009713	0.9377974534324599	1.1696125542809332
XRCC5-A-K144	-0.06422128780009713	0.9377974534324599	1.1679721439663737
PARP1-A-K148	-0.06422128780009713	0.9377974534324599	1.1663363286386896
POLG2-A-K288	-0.06422128780009713	0.9377974534324599	1.164705089018216
ATM-A-K2440	-0.06422128780009713	0.9377974534324599	1.163078405932995
MCM5-A-K396	-0.06422128780009713	0.9377974534324599	1.1614562603180256
USP7-A-K934	-0.06335335302901848	0.938611753779197	1.1608457344790069
ERCC1-A-K37	0.0624120325013752	0.9394957042656146	1.1603229282167813
PCNA-A-K80	0.0624120325013752	0.9394957042656146	1.158711368594258
TP53BP1-P-S659-S660-S662	-0.060648948668473535	0.9411535750059828	1.1591461506315017
DTL-P-S676-S679	0.059698175065756406	0.9420488245035565	1.1586417675334602
TP53BP1-P-S124	0.059577737459549376	0.9421622894414955	1.1571785795629985
RAD9A-P-S328	-0.05948818344655906	0.9422466676335496	1.1556837580919779
XPC-P-S122-S129	0.058512062881236435	0.94316686302119	1.1552167922245749
DDB2-P-S24	-0.0579603031037775	0.9436874081543645	1.1542622843540986
TCEA1-A-K265	0.05326080078566761	0.9481327064801329	1.1581043237336424
ATRX-P-S596-S598	-0.05236662940004029	0.9489808787652261	1.1575481048674736
RBBP8-P-S889	0.050923672402100356	0.9503512057888697	1.1576294523189523
MDC1-P-S299-T301	-0.050923672402100356	0.9503512057888697	1.1560436585486524
POLR2A-P-S1920	0.050923672402100356	0.9503512057888697	1.1544622034753984
TOP2B-P-S1476	-0.050923672402100356	0.9503512057888697	1.1528850693176451
MDC1-P-T1280	-0.050923672402100356	0.9503512057888697	1.1513122383908818
TOP2B-P-S1340	-0.050923672402100356	0.9503512057888697	1.1497436931069704
UBE2I-A-K65	-0.049653097683846695	0.9515594654339388	1.149639190891616
PARP1-A-K621	-0.049653097683846695	0.9515594654339388	1.1480771811213828
YWHAE-A-K69	-0.049653097683846695	0.9515594654339388	1.1465194101836331
MDC1-A-K812	-0.049653097683846695	0.9515594654339388	1.144965860847341
FEN1-A-K375	-0.049653097683846695	0.9515594654339388	1.1434165159747465
PRKDC-A-K2835	-0.049653097683846695	0.9515594654339388	1.1418713585207265
PARP1-A-K84	-0.049653097683846695	0.9515594654339388	1.1403303715321695
YWHAE-A-K94	0.049653097683846695	0.9515594654339388	1.1387935381473553
PARP1-A-K653	0.049653097683846695	0.9515594654339388	1.13726084159534
XRCC5-A-K565	-0.049653097683846695	0.9515594654339388	1.1357322651953463
ACTL6A-A-K379	0.049653097683846695	0.9515594654339388	1.134207792356158
YY1-A-K351	-0.049653097683846695	0.9515594654339388	1.1326874065755197
EP300-A-K1336	-0.049653097683846695	0.9515594654339388	1.1311710914395416
XRCC5-A-K532	0.049653097683846695	0.9515594654339388	1.1296588306221091
TOP2B-A-K1429	-0.049653097683846695	0.9515594654339388	1.128150607884296
XPC-A-K81	0.049653097683846695	0.9515594654339388	1.1266464070737836
PRKDC-A-K2908	-0.049653097683846695	0.9515594654339388	1.1251462121242846
NFRKB-A-K1061	-0.04796403037513425	0.9531680715588691	1.1255495313088772
SOD1-A-K137	0.04796403037513425	0.9531680715588691	1.1240547776152399
TP53BP1-A-K1626	-0.04796403037513425	0.9531680715588691	1.1225639887855114
MRE11-A-K673	-0.04668235119318103	0.9543905104529876	1.1225149314996727
TP53BP1-P-S366	0.04619344931925886	0.9548572278422083	1.1215783311162446
MNAT1-P-S279	0.04619344931925886	0.9548572278422083	1.1200967216960118
XRCC1-P-T257	0.0449417333176689	0.9560531862575234	1.1200200915523493
POLA1-P-T225	-0.04487732802582899	0.9561147631249156	1.1186164817587945
NBN-P-S604	-0.044267114873543706	0.9566983749741722	1.1178265223382433
TCEA1-P-S81	-0.0435983307259378	0.9573384136814099	1.1171044827189118
ATRX-P-T1346-S1348-S1352	-0.043363765787050076	0.9575629980466892	1.1159001867000786
TP53BP1-P-T864	-0.043363765787050076	0.9575629980466892	1.1144376700726868
TP53BP1-P-S862	0.04292952296975662	0.9579789031960734	1.1134623901022422
MDC1-P-S376-T378	0.04273797877138141	0.9581624160719987	1.1122199025776927
KDM4B-A-K602	0.039961631612619765	0.9608263038009295	1.1138560806465083
CLK2-P-S17	0.0397237009535351	0.9610549410354841	1.1126685627633766
MCM3-P-S668	-0.03863326846085649	0.9621034781460097	1.1124321466063238
RECQL4-P-S89	0.03506590883276915	0.9655417764289018	1.1149559134835694
POLK-A-K870	0.03423597147983629	0.9663434482376511	1.1144324442013431
PRKDC-A-K3241	0.03423597147983629	0.9663434482376511	1.1129870065305243
KDM4B-P-S566	-0.031761126345675475	0.9687379604196908	1.1142996228661728
TOP2B-P-S1336-S1340	0.031761126345675475	0.9687379604196908	1.1128580968340045
TFPT-P-T207	-0.031761126345675475	0.9687379604196908	1.111420295675304
XRCC5-A-K265	0.03169448090505326	0.9688025245393387	1.1100601829560424
PMS2-A-K210	-0.03169448090505326	0.9688025245393387	1.1086296930295525
XRCC1-A-K298	-0.03169448090505326	0.9688025245393387	1.1072028851878157
SUMO2-A-K42	-0.03169448090505326	0.9688025245393387	1.1057797452325615
EP300-A-K1794	-0.03169448090505326	0.9688025245393387	1.1043602590384245
RUVBL2-A-K365	0.03169448090505326	0.9688025245393387	1.1029444125524779
YWHAE-A-K106	-0.03166875566667045	0.968827447535802	1.1015605293364816
FEN1-A-K200	-0.03166875566667045	0.968827447535802	1.100151884158302
RRM1-A-K496	-0.03166875566667045	0.968827447535802	1.0987468370520972
PLK1-P-T210	0.0314424525661246	0.96904672100127	1.0975937350116425
APEX1-P-T19	0.0314424525661246	0.96904672100127	1.0961955264320098
POLR2C-P-S124	-0.029290390230501416	0.9711344155696796	1.0971594923993326
PARG-P-S197	-0.029290390230501416	0.9711344155696796	1.095765388851176
XRCC6-A-K331	0.028844664437535514	0.9715673717098273	1.094862723449653
NFRKB-P-S176	0.028497442293531978	0.9719047799900996	1.0938548094185152
MTOR-P-S1261	0.028390838948779466	0.9720083938131194	1.0925866502608228
POLB-A-K230	-0.021436607853316293	0.9787915231983322	1.0988203193427546
EP300-A-K1707	0.021436607853316293	0.9787915231983322	1.097432919949645
KPNA2-P-S490	-0.018171331545357956	0.9819927716054354	1.099633771986919
XPC-P-S883-S884	-0.018171331545357956	0.9819927716054354	1.0982488428030561
XPC-P-S61	0.017191055155167886	0.9829558679079377	1.097943158116036
MDC1-P-S544	-0.017191055155167886	0.9829558679079377	1.0965638325405134
ORC1-P-T230	-0.017191055155167886	0.9829558679079377	1.0951879682587813
PARG-P-S286	-0.017191055155167886	0.9829558679079377	1.093815552258457
PMS2-P-S529	0.017191055155167886	0.9829558679079377	1.092446571592301
TP53BP1-P-S484	-0.017191055155167886	0.9829558679079377	1.0910810133778108
MSH6-P-S43	0.017191055155167886	0.9829558679079377	1.0897188647968148
KDM4B-P-T1065	0.017191055155167886	0.9829558679079377	1.088360113095073
ATRX-P-S875	0.017191055155167886	0.9829558679079377	1.0870047455818788
CLK2-P-S75	-0.017191055155167886	0.9829558679079377	1.0856527496296624
TP53BP1-P-S727	0.017191055155167886	0.9829558679079377	1.0843041126736008
POLR2A-P-S1875	0.017191055155167886	0.9829558679079377	1.0829588222112265
SMARCA4-P-S1484	-0.017191055155167886	0.9829558679079377	1.0816168658020429
USP7-A-K1084	0.016487778608637198	0.9836474008570616	1.0810382326250874
MAPK8-P-T183	0.015138516024796059	0.9849754952632916	1.0811597525263326
WEE1-P-T187	-0.015138516024796059	0.9849754952632916	1.0798249873997567
ATRX-P-S1996	-0.015138516024796059	0.9849754952632916	1.0784935139257743
CLK2-P-S76	0.015138516024796059	0.9849754952632916	1.077165319943107
MDC1-P-S168	-0.014366229635264419	0.9857364722405646	1.0766715711557457
ATRX-P-S1995-S1996	0.010167264684518703	0.9898842472248431	1.0798737242452834
MCM2-P-S170	0.010119960209300418	0.989931074287241	1.078599747198859
PIAS1-P-S488	-0.009174763442531594	0.9908671962780268	1.0782966547731467
KAT5-A-K76	-0.008833573885024513	0.9912053274984137	1.0773443461671866
PRKDC-A-K3264	0.008833573885024513	0.9912053274984137	1.0760272992892315
VCP-A-K502	-0.008833573885024513	0.9912053274984137	1.0747134686429687
PRKDC-A-K1412	0.008833573885024513	0.9912053274984137	1.0734028424616968
NFRKB-P-S1291	0.008397622192056472	0.9916375393439132	1.0725628927373871
MDC1-P-S1814	0.00805209814510737	0.9919802331606817	1.0716282810786926
TP53BP1-P-S566-S580	0.007535712200271397	0.9924926100913781	1.070879025226177
PRKDC-P-S4026	-0.005452046628625168	0.994562788804193	1.0718103840511206
ATRX-P-S1348	0.0037677870678962154	0.9962393021354672	1.072315757934903
NFRKB-A-K1208	-0.0035954193376494955	0.9964110364430601	1.071202179614331
SMARCC1-A-K750	0.0035954193376494955	0.9964110364430601	1.0699068928191504
MSH2-A-K555	0.0035954193376494955	0.9964110364430601	1.0686147347360355
TCEA1-A-K199	-0.0035954193376494955	0.9964110364430601	1.0673256940427471
XRCC5-A-K648	0.0035954193376494955	0.9964110364430601	1.0660397594716113
COPS5-A-K326	0.0035954193376494955	0.9964110364430601	1.0647569198091906
YWHAE-A-K78	0.0035954193376494955	0.9964110364430601	1.0634771638959584
TOP1-A-K148	-0.0035954193376494955	0.9964110364430601	1.0622004806259753
XRCC6-A-K463	-0.0035954193376494955	0.9964110364430601	1.0609268589465677
RUVBL1-A-K171	0.0035954193376494955	0.9964110364430601	1.059656287858009
EP300-A-K14	-0.0035954193376494955	0.9964110364430601	1.0583887564132026
VCP-A-K60	0.0035954193376494955	0.9964110364430601	1.0571242537173684
KAT5-A-K104	0.0035954193376494955	0.9964110364430601	1.0558627689277296
EP300-A-K1542-K1546	-0.0035954193376494955	0.9964110364430601	1.054604291253203
XRCC5-A-K338	-0.0035954193376494955	0.9964110364430601	1.0533488099540922
SOD1-A-K10	0.0035954193376494955	0.9964110364430601	1.0520963143417805
PARP1-A-K119	0.0035954193376494955	0.9964110364430601	1.0508467937784292
ATRX-A-K448	-0.0035954193376494955	0.9964110364430601	1.0496002376766755
EP300-A-K1583	-0.0035954193376494955	0.9964110364430601	1.0483566354993334
SUMO1-A-K45	-0.0035954193376494955	0.9964110364430601	1.0471159767590974
XRCC5-A-K702	-0.0035954193376494955	0.9964110364430601	1.0458782510182476
TOP2B-A-K1209	-0.0035954193376494955	0.9964110364430601	1.0446434478883557
VCP-A-K109	-0.0035954193376494955	0.9964110364430601	1.0434115570299969
EP300-A-K1558-K1560	0.0035954193376494955	0.9964110364430601	1.0421825681524586
TOP2B-A-K270	-0.0035954193376494955	0.9964110364430601	1.0409564710134558
TCEA1-A-K186	-0.0035716541412566926	0.9964347166284101	1.0397579651774713
YWHAE-A-K28	0.0035716541412566926	0.9964347166284101	1.0385375919789064
XRCC6-A-K282	-0.0035716541412566926	0.9964347166284101	1.037320080147747
PARP1-A-K600	-0.0035716541412566926	0.9964347166284101	1.0361054196323516
ATRX-A-K967	0.0035716541412566926	0.9964347166284101	1.034893600428103
PARP1-A-K15	-0.0035716541412566926	0.9964347166284101	1.0336846125771357
YWHAG-A-K10	0.0035716541412566926	0.9964347166284101	1.032478446168061
USP7-A-K272	0.0035716541412566926	0.9964347166284101	1.0312750913356972
XRCC1-A-K260	-0.0035716541412566926	0.9964347166284101	1.0300745382608012
MDC1-A-K1740	-0.0035716541412566926	0.9964347166284101	1.0288767771698002
XRCC5-A-K347	-0.0035716541412566926	0.9964347166284101	1.0276817983345274
SOD1-A-K24	-0.0035716541412566926	0.9964347166284101	1.0264895920719583
RUVBL1-A-K445	-0.0035716541412566926	0.9964347166284101	1.0253001487439493
EP300-A-K1590	0.0035716541412566926	0.9964347166284101	1.0241134587569771
SUMO2-A-K11	-0.0035716541412566926	0.9964347166284101	1.0229295125618822
XRCC5-A-K543	-0.0035716541412566926	0.9964347166284101	1.021748300653612
TOP2B-A-K1422	0.0035716541412566926	0.9964347166284101	1.0205698135709667
ATRX-A-K623	0.0035716541412566926	0.9964347166284101	1.0193940418963459
YWHAE-A-K118	-0.0035716541412566926	0.9964347166284101	1.0182209762554986
EP300-A-K1554-K1555	0.0035716541412566926	0.9964347166284101	1.0170506073172738
POLB-A-K72	-0.0035716541412566926	0.9964347166284101	1.0158829257933732
MDC1-A-K1025	-0.0035716541412566926	0.9964347166284101	1.0147179224381058
RFC2-A-K176	-0.0035716541412566926	0.9964347166284101	1.0135555880481422
RFC2-A-K192	0.0035716541412566926	0.9964347166284101	1.0123959134622749
SOD1-A-K92	-0.0035716541412566926	0.9964347166284101	1.011238889561175
PCLAF-A-K93	0.0035716541412566926	0.9964347166284101	1.0100845072671554
YWHAG-A-K142	0.0035716541412566926	0.9964347166284101	1.0089327575439317
PRKDC-A-K3825	-0.0035716541412566926	0.9964347166284101	1.0077836313963875
MCM3-A-K435	-3.4705934729867326E-4	0.99965300087083	1.0098883558285516
KAT5-A-K52	3.4705934729867326E-4	0.99965300087083	1.0087407554242012
PRKDC-A-K3355	3.4705934729867326E-4	0.99965300087083	1.0075957602421077
TOP2B-A-K37	-3.4705934729867326E-4	0.99965300087083	1.0064533614209716
XRCC6-A-K468	3.4705934729867326E-4	0.99965300087083	1.0053135501396342
USP7-A-K914	3.4705934729867326E-4	0.99965300087083	1.0041763176168517
VCP-A-K658	3.4705934729867326E-4	0.99965300087083	1.0030416551110701
NBN-A-K233	-3.4705934729867326E-4	0.99965300087083	1.0019095539201996
PRKDC-A-K3455	-3.4705934729867326E-4	0.99965300087083	1.0007800053813944
PRKDC-A-K681	-3.4705934729867326E-4	0.99965300087083	0.9996530008708299

Data type: org.panda.causalpath.data.ProteinData
Row ID	Change amount	P-value	Q-value
MSH6-G	-7.805495459837043	4.0748947255535945E-4	0.06356835771863607
POLE3-G	-7.309530764298723	6.691309585525413E-4	0.05219221476709822
MSH2-G	-7.309530764298723	6.691309585525413E-4	0.02609610738354911
SUMO2-G	-7.309530764298723	6.691309585525413E-4	0.03479480984473215
PARP1-G	-5.962341581667578	0.0025738779647669473	0.057360708929091966
RFC3-G	-5.962341581667578	0.0025738779647669473	0.06692082708394063
ACTL6A-G	-5.962341581667578	0.0025738779647669473	0.08030499250072876
FEN1-G	-5.821592875279688	0.0029628818826883375	0.05777619671242258
MCM7-G	-5.587431389312737	0.0037446340291452775	0.06490698983851814
AURKB-G	-5.542337147873667	0.003917360679960653	0.06111082660738618
MCM3-G	-5.477383379963062	0.004180253535065163	0.059283595588196854
MCM5-G	-5.331473443413227	0.004836937804938506	0.06288019146420058
MCM6-G	-5.165638314030798	0.005709417274464943	0.06361922105832364
RUVBL1-G	-5.165638314030798	0.005709417274464943	0.06851300729357931
PLK1-G	-5.109848226410199	0.00603699911109799	0.0627847907554191
MCM2-G	-5.109848226410199	0.00603699911109799	0.0588607413332054
UNG-G	-5.109848226410199	0.00603699911109799	0.05539834478419332
RUVBL2-G	-5.059555613712145	0.006348380019196161	0.055019293499700056
DHFR-G	-4.798279087777967	0.008243921914652395	0.06768693782556703
POLR2J-G	-4.770358840980743	0.008477337597950208	0.06612323326401162
MCM4-G	-4.6279692793199745	0.009774588420469504	0.07261122826634489
PCNA-G	-4.347678015465498	0.012936816820891626	0.09173379200268607
SMARCC1-G	-4.122436097783281	0.01620498937933311	0.10991210187721587
POLR2B-G	-4.105866982601316	0.016475728474577324	0.10709223508475262
CDK1-G	-3.985934094926982	0.018575085323554456	0.1159085324189798
FANCD2-G	-3.950707451624991	0.019241084822562836	0.11544650893537702
RFC2-G	-3.9134137918363536	0.019972203605740032	0.11539495416649796
DDX11-G	-3.8057837531538374	0.022241758284858172	0.12391836758706697
FANCI-G	-3.7581090957327605	0.023327809350905795	0.12548752616349323
CDK2-G	-3.6166008373519785	0.0268738700692792	0.13974412436025185
MDC1-G	-3.5317148767237683	0.029254704614287804	0.14721722322028702
MLH1-G	-3.5133298332791405	0.029797528257825015	0.14526295025689695
MGMT-G	-3.4624731917338343	0.03135212623440982	0.14821005128993733
XRCC6-G	-3.4599769042642454	0.031430487920228706	0.1442104739869317
TOP2B-G	-3.4165326305206585	0.03282605791009592	0.14631042954214182
POLD1-G	-3.376303905814428	0.03417353018391747	0.14808529746364238
KPNA2-G	-3.350518004461281	0.03506618495515518	0.14784661764876236
MCM8-G	-3.3021744466781437	0.03680305405307297	0.15108622190208906
SUMO1-G	-3.3021744466781437	0.03680305405307297	0.14721221621229189
XPA-G	-3.134957229297279	0.043501614384130555	0.16965629609810917
XRCC5-G	-3.0691701231624506	0.04645969468806426	0.17677347247165914
PTEN-G	2.635543644034218	0.0716799904150402	0.2662399643987207
TTK-G	-2.6218472989620167	0.0726684983184217	0.2636345520389252
PIAS1-G	-2.610250033326986	0.07351615997480727	0.26064820354704393
TOP1-G	-2.5431702671878957	0.07861676813978587	0.27253812955125767
POLR2C-G	-2.5350976762020863	0.07925397765911442	0.2687743590178663
POLR2D-G	-2.5265250198517317	0.0799363153183492	0.26532053595026545
POLB-G	-2.4703861001029974	0.08455220708265244	0.27479467301862043
YY1-G	-2.402409464326718	0.09049963473817035	0.2823588603830915
TIMELESS-G	-2.402409464326718	0.09049963473817035	0.2881212861051954
SMARCA4-G	-2.3899506075932435	0.09163420979989406	0.2802928770349701
CHEK1-G	-2.375600120364416	0.0929586860674785	0.2788760582024355
POLR2E-G	-2.2617726330594388	0.10416567348539645	0.30660085025890277
SOD1-G	-2.183061405714998	0.11269599383655825	0.31964681888187435
TCEA1-G	-2.183061405714998	0.11269599383655825	0.32556620441672385
SMUG1-G	2.1571342281033594	0.1156560905439531	0.32218482365815504
BABAM2-G	-2.135796220635142	0.11815047906543953	0.3233592058633082
MAPK8-G	2.129086825571063	0.11894586259391447	0.3199233545629424
KAT5-G	-2.094847325891291	0.12308903472814497	0.3254557528405189
UBE2I-G	-2.0420235088931498	0.12976586265314727	0.3373912428981829
POLR2L-G	-1.999623021147663	0.1353863113940317	0.34623384553227776
POLG2-G	-1.9627049747906993	0.14047791730175335	0.3534605661140891
PRKDC-G	-1.9497898373908917	0.1423039754188303	0.35237174865615123
RRM2B-G	1.9212417754079103	0.1464250221977946	0.35691099160712436
TERF2-G	-1.9208268667073682	0.1464857878187022	0.35156589076488526
POLR2G-G	-1.9066174384033996	0.14858212572773358	0.35119411535646117
WEE1-G	-1.8773841831177107	0.1529897760358293	0.35621500091924435
HLTF-G	-1.8679352548233061	0.15444221665659363	0.35430861468277364
ABL1-G	1.8241320398455931	0.16135763536568754	0.36480856691372837
RRM2-G	-1.7884866205064203	0.16721303505644503	0.37264619241150604
RAD9A-G	-1.7769021206376074	0.16916137793903147	0.3716785205420973
POLR2A-G	-1.7352773573249356	0.17635128118301988	0.38209444256320974
CHEK2-G	-1.6554373701743716	0.19100849601433006	0.40818253942788346
POLR2F-G	-1.6434460684428416	0.19331272426080282	0.4075241214146654
CCNA2-G	-1.5104049611818429	0.2208205361050847	0.45930671509857623
ORC1-G	-1.4871384449853888	0.22601849540450134	0.46393270109345014
ATR-G	-1.4071786682349414	0.2448330649475167	0.4960254302832806
RRM1-G	-1.3121647991817633	0.26923658192777944	0.5384731638555589
POLR2H-G	-1.2749582230816316	0.27944264223000664	0.5518107871883675
PCLAF-G	-1.2163108781176724	0.29632131845111176	0.5778265709796679
TYMS-G	-1.2080878068153098	0.2987680357595749	0.5754051059073294
RECQL4-G	-1.1818670050964422	0.30670558283898686	0.5834886697912433
BARD1-G	1.1769782221522125	0.308208671003487	0.5723875318636187
MEN1-G	-1.1769782221522125	0.308208671003487	0.5792837671872767
EP300-G	-1.1412602247754542	0.3194162318176254	0.5862227313358772
GMNN-G	-1.1247798873701074	0.32472393533195437	0.5890341152533126
YWHAG-G	1.1235643330132326	0.325118894925124	0.5829718115898775
USP7-G	-1.0722612072640256	0.34223378031818286	0.6066871560185969
UBA7-G	1.0505580080235637	0.3497425355098468	0.6130318599947877
CDC25C-G	-1.0493059051300448	0.3501807234214735	0.6069799205972207
TP53BP1-G	1.0289244427110937	0.35739114857884835	0.6126705404208829
XRCC1-G	-1.0127768242972814	0.3632090103620068	0.615876148005142
RBBP8-G	-0.9533004185282915	0.38546672023873685	0.6465893371746554
MRE11-G	-0.9217025857989872	0.3978411055100451	0.6602469410592238
PMS2-G	-0.8398533226153866	0.4317738502437586	0.7090181119792247
SIRT6-G	-0.8198658150278479	0.440490757780591	0.7157974813934603
TERT-G	0.8154053656816375	0.44245993293132496	0.7115850467761514
ERCC2-G	0.7495928668102882	0.4725589079967927	0.752236629056119
UBE2B-G	-0.720704370369773	0.4864095228131602	0.7664634904934645
YWHAE-G	-0.7102464278177056	0.4915230575810283	0.7667759698264043
EXO1-G	0.7102464278177056	0.4915230575810283	0.7591841285409943
AURKA-G	-0.6962495835139463	0.49845120226258965	0.7623371328721958
POLR2K-G	-0.6822582892974148	0.5054741955024807	0.758211293253721
WRN-G	-0.6822582892974148	0.5054741955024807	0.7655725679455048
CCNH-G	-0.6705495411636111	0.5114274501119656	0.7598350687377774
MPG-G	-0.6632882836415349	0.5151545719505357	0.7510664787316221
ELL-G	0.6632882836415349	0.5151545719505357	0.758152011549845
APEX1-G	-0.661303810020079	0.5161778976551445	0.7387500186624086
ATM-G	-0.661303810020079	0.5161778976551445	0.7455902966129865
TOPBP1-G	-0.6532365041070646	0.5203589047170951	0.7379635375987895
NFRKB-G	-0.6500182548881692	0.522036246960725	0.733672563296154
POLR2I-G	-0.641441421847469	0.5265329207368589	0.7333851395977676
ERCC1-G	-0.6194890344452316	0.5382193789094534	0.7430285230962366
POLA1-G	-0.6090197944100005	0.5438837257455773	0.7442619404939479
VCP-G	0.5992934875720997	0.5491995153401227	0.7450010816787751
RCHY1-G	-0.5831919186188138	0.5581140657309683	0.7505671918450953
PIAS4-G	-0.5429726618942488	0.581018511091985	0.7746913481226467
TERF1-G	0.532176209331048	0.5873254348238625	0.7764641341739198
XPC-G	-0.5065913353421764	0.6025459594136083	0.7898921820884277
CDK4-G	-0.4999257626684667	0.6065756886016952	0.7885483951822038
EYA3-G	-0.4968171532617261	0.6084642293401165	0.784466279149241
MTOR-G	0.4694173916710274	0.625366505903462	0.7996489747618039
CLK2-G	-0.4565104318734464	0.6334904008673656	0.8034512401244637
SOX4-G	0.4565104318734464	0.6334904008673656	0.796971794639589
BLM-G	0.446846937596156	0.6396418058947966	0.7919374739649863
ERCC5-G	-0.446846937596156	0.6396418058947966	0.7982729737567061
NBN-G	-0.4076532129956095	0.665209524845982	0.8171077628029384
DDB2-G	0.4076532129956095	0.665209524845982	0.8107241084060405
APBB1-G	0.3728319302151528	0.6887809863885358	0.8329444486559037
NEIL1-G	0.3728319302151528	0.6887809863885358	0.826537183666243
PARG-G	-0.36718075629574115	0.6926844266566466	0.8248761111331059
GTF2H4-G	0.36035927432954284	0.6974257138986998	0.8242303891530088
GTF2H2-G	-0.36035927432954284	0.6974257138986998	0.8180331681819336
TDG-G	0.3474778789601008	0.7064676415555994	0.8224548662886082
HRAS-G	0.3252692355636861	0.7223328497675908	0.8346957375092161
GTF2H3-G	0.3184923788502074	0.7272446203746481	0.8281033633463146
MNAT1-G	0.3184923788502074	0.7272446203746481	0.8341923586650376
TOP2A-G	-0.31144354625900716	0.7323889554347165	0.8279179496218535
TP53-G	-0.29824311017864313	0.7421209006706381	0.8328838885224427
ATRX-G	0.2963223178761085	0.7435477306675499	0.8285246141724127
COPS5-G	0.2738032772153451	0.7604816646173248	0.8413839693638487
PIAS3-G	0.19335010732493588	0.8241933674852843	0.9054518685049602
GTF2H1-G	0.17315812202584824	0.8410046229756958	0.917459588700759
ERCC4-G	0.16720603033883658	0.84602528650326	0.916527393711865
CDA-G	-0.1463487183323882	0.8638564080880828	0.9293903424947649
TFPT-G	-0.12496670122235523	0.8825262891419923	0.9429732952476082
CDK7-G	-0.11203927182468744	0.8940091474404365	0.9487444013653611
POLK-G	0.10702370714422364	0.8985043717650839	0.9470721756442776
POLE2-G	-0.05591476608160664	0.9456197313306263	0.9900448193797161
DTL-G	0.04861096239877792	0.9525516360269053	0.9906537014679816
ERCC3-G	-0.04419076028539653	0.9567714260734322	0.9884525991222214
CDK6-G	0.04268935702208846	0.9582090047373769	0.9834250311778343
BRCA2-G	0.028155188030787676	0.972237475474009	0.991300955385264
GTF2H5-G	0.008715377379153188	0.9913224914287723	1.004196809499276
BRCA1-G	0.008111537276652647	0.9919212724694161	0.998320764549864
KDM4B-G	-4.838713660509336E-4	0.9995162456808192	0.9995162456808193

Data type: org.panda.causalpath.data.RNAData
Row ID	Change amount	P-value	Q-value
TYMS-R	-4.260007880143673	0.01412219112483044	0.642559696179785
PLK2-R	4.260007880143673	0.01412219112483044	0.514047756943828
MSH2-R	-4.260007880143673	0.01412219112483044	0.36717696924559146
PCNA-R	-4.260007880143673	0.01412219112483044	1.28511939235957
DBF4-R	-4.260007880143673	0.01412219112483044	0.42837313078652334
MCM7-R	-4.260007880143673	0.01412219112483044	2.57023878471914
RUVBL1-R	-4.260007880143673	0.01412219112483044	0.8567462615730467
FEN1-R	-4.115060410044058	0.0163249541884507	0.3713927077872534
CDC45-R	-3.870578486877255	0.020846306621644477	0.42155864501547724
CDC25A-R	-3.8620004749525183	0.02102589564561331	0.3826713007501622
RRM1-R	-3.7822529159534652	0.022771331695780717	0.3767620335120082
FANCI-R	-3.6211811394954894	0.026751061090413458	0.40572442653793744
POLE3-R	-3.613293567738875	0.02696289633893634	0.32714980891242756
MCM3-R	-3.613293567738875	0.02696289633893634	0.35051765240617244
CHEK1-R	-3.613293567738875	0.02696289633893634	0.3774805487451088
RFC3-R	-3.4546530176176904	0.03159826649593172	0.3594302813912233
ACTL6A-R	-3.4089023776048766	0.033077487048270286	0.3541236848697172
MCM6-R	-3.29517949411228	0.03706139214845573	0.3065987895917701
RFC2-R	-3.29517949411228	0.03706139214845573	0.3550091247904707
XRCC6-R	-3.29517949411228	0.03706139214845573	0.33725866855094716
RBBP8-R	-3.29517949411228	0.03706139214845573	0.321198731953283
MCM4-R	-3.29517949411228	0.03706139214845573	0.37473185394549685
BLM-R	-3.294892616268999	0.03707202576590597	0.2698843475757955
EXO1-R	-3.294892616268999	0.03707202576590597	0.28112952872478697
CDC25C-R	-3.294892616268999	0.03707202576590597	0.29335255171282115
ABL1-R	3.2304630767755103	0.03953918487011492	0.27677429409080445
RAD51-R	-2.9399640438172083	0.05286762962233037	0.3563669848616343
CDK1-R	-2.9399640438172083	0.05286762962233037	0.34363959254514737
POLE2-R	-2.9399640438172083	0.05286762962233037	0.3317899514229009
MSH6-R	-2.936786575252353	0.05303588202034594	0.3217510175900987
DHFR-R	-2.892091523369405	0.05546009513755765	0.3256044295172739
PLK4-R	-2.780811757136772	0.06198816761083672	0.3418741365203722
CDA-R	2.780811757136772	0.06198816761083672	0.35255770328663383
YY1-R	-2.756121182506567	0.06353774231358776	0.34011379709038153
TTK-R	-2.7458831311981053	0.0641915863124303	0.33379624882463754
CHEK2-R	-2.7458831311981053	0.0641915863124303	0.3245241308017309
OGG1-R	-2.6827695981889352	0.0683735244869118	0.3363238231518364
CDK7-R	-2.5511617193725162	0.07799100968591585	0.37353588849570224
YWHAE-R	-2.505387490177809	0.08164395562425548	0.36241951033206093
KDM4B-R	2.505387490177809	0.08164395562425548	0.3810051262465256
XRCC5-R	-2.505387490177809	0.08164395562425548	0.3714799980903625
UNG-R	-2.505387490177809	0.08164395562425548	0.3537904743717738
PCLAF-R	-2.483964403886732	0.08341189082953297	0.3530456774645349
POLR2G-R	-2.420937623549175	0.08883828153179513	0.3674674372451526
BABAM2-R	2.330447281362452	0.0972522382462865	0.3933312746849809
SUMO1-R	-2.330447281362452	0.0972522382462865	0.38478059480052484
MCM2-R	-2.236351603244815	0.10684761662750776	0.4137503452384343
PARP1-R	-2.194487782539983	0.11141561591532292	0.4224508770122661
DDX11-R	-2.186011851283941	0.11236398047543221	0.41735192748017674
CCNA2-R	-2.145940740788959	0.11695795815256552	0.42572696767533846
POLA1-R	-2.1037940996634665	0.1219926966380321	0.4269744382331124
POLK-R	2.1037940996634665	0.1219926966380321	0.43534648604160475
TOP2B-R	-2.0646743400094905	0.1268595969368487	0.43563106872653706
KPNA2-R	-2.0261970202236297	0.13183593841459781	0.4443359405825334
BARD1-R	-1.9938326839089515	0.13617251779795755	0.4506072407132414
CDC7-R	-1.9836643329603716	0.1375642314736419	0.4392401776877689
WEE1-R	-1.9836643329603716	0.1375642314736419	0.4470837522893362
POLR2F-R	-1.9539814667302997	0.14170873827859484	0.4446722477017976
SOD1-R	-1.9303711699944273	0.14509433382469242	0.4475791314592207
ERCC1-R	1.906935763666398	0.14853483581067142	0.45055566862570334
ORC1-R	-1.8329505086417273	0.15994096371124375	0.4772009081220715
MCM10-R	-1.7936144364500548	0.1663577920277328	0.4883406153072156
HLTF-R	-1.7451446285484151	0.1746197321420416	0.504457003965898
SOX4-R	1.7451446285484151	0.1746197321420416	0.4965748632789308
ERCC2-R	1.7133442995968158	0.18026193352546693	0.5047334138713074
TP53BP1-R	1.7133442995968158	0.18026193352546693	0.49708593790356037
MCM5-R	-1.6930519110090856	0.18395724527505802	0.4923561564714789
FANCA-R	-1.6930519110090856	0.18395724527505802	0.49970475582179946
AURKB-R	-1.689588228136901	0.18459551958651177	0.4869041241267412
FANCC-R	-1.6296825888269457	0.19599177423385122	0.5095786130080131
POLR2J-R	-1.6296825888269457	0.19599177423385122	0.50240144944452
NEIL1-R	1.6084073172858886	0.20020622527877513	0.5060768472324594
CCNA1-R	1.5851723423822386	0.20491247496939127	0.510877677320948
GMNN-R	-1.5851723423822386	0.20491247496939127	0.503973924924719
PMS2-R	-1.5804757035202621	0.20587713842733388	0.49959518925033025
RNF111-R	1.5494982488050277	0.21235449622287605	0.5085331356916242
PLK3-R	1.5398583683677771	0.21441146672258324	0.5067907395261059
CDT1-R	-1.5052678605032732	0.22195783213196418	0.5113458917470567
GTF2H4-R	-1.5052678605032732	0.22195783213196418	0.5179016083079164
KAT5-R	-1.5008558718523344	0.22293927102491826	0.507186841581689
WRN-R	-1.4972360687302926	0.2237477296419454	0.502741812281902
DTL-R	-1.4972360687302926	0.2237477296419454	0.4966108145711471
COPS5-R	-1.4840491970918548	0.22671780217516355	0.4912219047128544
TCEA1-R	-1.4840491970918548	0.22671780217516355	0.49714024091421405
MDM2-R	1.4719040549098368	0.22948811096216623	0.4913745434719324
SUMO2-R	-1.4693654899975979	0.23007142150101134	0.48689533387423334
SMARCC1-R	-1.4466784873599663	0.23535071164652674	0.4923428680421594
EP300-R	1.3945408938799984	0.24794684415389018	0.5127991549546365
XRCC1-R	1.3816219262122145	0.251170841938174	0.5136302610421087
AURKA-R	-1.3659359377561435	0.2551417673904593	0.5159533518340399
MRE11-R	-1.3659359377561435	0.2551417673904593	0.5102835347809186
POLR2C-R	-1.3659359377561435	0.2551417673904593	0.5047369746202565
CDK4-R	-1.3267812370211463	0.26532992243813563	0.5192478052015128
TERF2-R	-1.2587645153731708	0.28400469326594296	0.5498814273872513
POLR2H-R	-1.2106720546001501	0.29799694190291287	0.5708994044876857
APBB1-R	1.202009978853843	0.3005894259224959	0.5639925311123118
POLR2K-R	-1.202009978853843	0.3005894259224959	0.5582375052846352
CDK2-R	-1.202009978853843	0.3005894259224959	0.5698674533113984
PIAS3-R	1.1785368722791494	0.30772865570443647	0.5657233872546206
FANCD2-R	-1.1602036740967343	0.3134223383696291	0.5704286558327251
RRM2-R	-1.147859963773022	0.3173151091132345	0.5717955431545414
BRCA1-R	1.1286945541483566	0.32345523422144845	0.5771456140029767
XPC-R	1.1286945541483566	0.32345523422144845	0.5715422585272196
POLR2A-R	1.0521067022160684	0.349201310480436	0.611102293340763
ATRX-R	1.0521067022160684	0.349201310480436	0.6052822714994225
PIAS4-R	1.0408277374232167	0.35316223534231356	0.6063728946443497
AEN-R	-1.0208769783355578	0.36027884484726996	0.6128107454411508
MNAT1-R	-0.9749874299239327	0.3771970949295328	0.6356469562701386
POLR2B-R	-0.957876870282751	0.3837066808301754	0.6406845496430451
TOP3A-R	-0.9290648092712686	0.39492286593205134	0.6534178327239395
MCM8-R	-0.9153559685416506	0.4003740801439641	0.6564692124883015
RCHY1-R	-0.9095081293652478	0.4027222625798945	0.6544236766923286
RECQL4-R	-0.8974175697996467	0.40762095437171086	0.6507632780320296
PLK1-R	-0.8974175697996467	0.40762095437171086	0.6565222450942599
GTF2H2-R	-0.8567677228857418	0.4245320723329723	0.6718681492573997
EYA3-R	0.8420588151560686	0.4308226255828102	0.6759458435868229
BRCA2-R	-0.8382963454944318	0.43244663587001575	0.6726947669089134
PTEN-R	0.8382963454944318	0.43244663587001575	0.6669939637995158
TDG-R	0.7745471505252314	0.4609124577102185	0.7049249353215107
UBE2B-R	-0.7328176612524491	0.48055304499568985	0.7288387849101295
CDC6-R	-0.7195879583661313	0.4869528594804697	0.7324414911193842
RUVBL2-R	-0.7195879583661313	0.4869528594804697	0.7264378723397171
TFPT-R	0.717373600289972	0.48803234221713415	0.7221291567765724
APEX1-R	-0.717373600289972	0.48803234221713415	0.7163055345445033
ATR-R	-0.7141703181619429	0.48959815402644935	0.7071973335937601
MLH1-R	-0.7141703181619429	0.48959815402644935	0.7128549122625102
NBN-R	-0.7018703317104915	0.4956573925721503	0.710312168882924
POLB-R	-0.6927028192961379	0.5002222300034496	0.7112534832861549
MTOR-R	0.6080031205741653	0.5444369592806565	0.768120361155655
UBA7-R	0.5758919827722023	0.5622031695449589	0.7870844373629424
TOPBP1-R	-0.5575965870415164	0.5725835662016167	0.7954977789976658
POLG2-R	-0.5222233336192907	0.5932001987808012	0.8178972437735289
RAD51D-R	0.5222233336192907	0.5932001987808012	0.8117476404368859
ERCC5-R	0.4989741872443486	0.6071531658328314	0.8246408670266815
CCNH-R	-0.48949207447837256	0.6129376418038581	0.8263307467281643
MEN1-R	0.48399255254437884	0.6163177918946015	0.8247782215060108
ERCC4-R	0.4590844677186296	0.6318618707146215	0.8394077406573804
GTF2H3-R	-0.4584432089170626	0.6322671876432265	0.8338596242830959
CDKN2D-R	-0.4449999818375784	0.6408242876712396	0.8390648946486734
SMUG1-R	0.3852739220564136	0.6802642712929258	0.8843435526808034
PIAS1-R	-0.3755373550933498	0.6869200596061983	0.886662771973958
TERT-R	-0.3711716932938068	0.6899254758117696	0.8842706802657891
DNTT-R	-0.36809451932625387	0.692051766330585	0.8807931571480173
MAPK8-R	-0.3563261665308509	0.7002441867664554	0.8850308471631589
MDC1-R	0.35116609656322606	0.7038668342837768	0.8834742333768785
POLR2D-R	-0.32975616332741475	0.7190990547769468	0.8964111504753719
TERF1-R	-0.32975616332741475	0.7190990547769468	0.8903131154381245
GTF2H1-R	-0.3290500762747254	0.7196069806079499	0.884922097774641
MPG-R	0.312519770463001	0.7316011647099016	0.8876760798480139
CDK6-R	0.312519770463001	0.7316011647099016	0.8936336374308865
POLR2E-R	0.28951950094544726	0.7486231939084795	0.9023140482870416
VCP-R	-0.2559108612422977	0.77421097792128	0.9270157761952169
GADD45A-R	-0.25074853968492233	0.7782180379097771	0.92572341764431
POLR2I-R	0.24308594896319652	0.784204109344795	0.9267866746802123
TOP2A-R	-0.23780638039391175	0.78835531736358	0.9256817274849779
PER1-R	-0.2359882343953324	0.789789966234651	0.9214216272737595
RAD9A-R	0.23168945111202513	0.7931924100835636	0.9194969339822202
PRKDC-R	0.21328174637425767	0.8079284742281103	0.9306517867690891
USP7-R	0.21148456816261682	0.8093817712042267	0.9264621532023224
GADD45G-R	0.21148456816261682	0.8093817712042267	0.9206717647448078
HRAS-R	-0.21148456816261682	0.8093817712042267	0.914953306578691
GTF2H5-R	-0.20932629366077837	0.8111305257105703	0.9112700967859493
CDC25B-R	-0.20932629366077837	0.8111305257105703	0.905679482695238
POLD1-R	-0.20494847141040834	0.8146892951201864	0.90410641287728
PARG-R	-0.2042187027663497	0.8152840468115878	0.8992830092103574
ATM-R	0.19270889728327284	0.8247220180186903	0.9042132968638652
XPA-R	0.17205401125375497	0.8419336980458167	0.9175564852954411
DDB2-R	0.15301257225755327	0.8581189332513355	0.9296288443556134
UBE2I-R	0.13751167771523887	0.8715241725266226	0.938564493490209
NFRKB-R	0.10955455579503917	0.8962332683098464	0.959496793131718
POLR2L-R	-0.0986357531146265	0.906072682076258	0.964358059285842
ELL-R	-0.09431300301823481	0.9099978855746924	0.9629047393871746
RRM2B-R	0.08920675776507177	0.9146564417011894	0.962239724795471
SMARCA4-R	-0.06062005198411239	0.9411807716167192	0.9788280024813879
SIRT6-R	0.06062005198411239	0.9411807716167192	0.9844534507715109
CLK2-R	0.04872126918871777	0.952446568908598	0.9849163383032092
YWHAG-R	-0.03084300118873399	0.9696277915372964	0.997018407117446
TIMELESS-R	0.02867963137266522	0.9717277256823984	0.9935643037876208
MGMT-R	-0.02345147951668016	0.9768213693639864	0.993192677230422
TP53-R	0.010554534065769653	0.9895009695855477	1.0004954248031648
TOP1-R	-0.010554534065769653	0.9895009695855477	0.9949678257711032
ERCC3-R	-0.008443759125133168	0.991591789284516	0.991591789284516