Overall graph size pval = 0.4095
Gene	Downstream crowded pval	Downstream suggests activation pval	Downstream suggests inhibition pval
CDK6	0.0325	1.0	0.0064
CDK2	0.0997	1.0	0.0115
FAM20C	0.0331	0.0117	1.0
CTNNB1	0.0333	0.0152	1.0
CDK5	0.1148	1.0	0.0255
CHEK1	0.0268	0.1428	0.1048
HIPK2	0.0951	1.0	0.04
PIN1	0.1002	1.0	0.0469
AURKA	0.0844	0.0489	1.0
ROCK1	0.0871	0.0518	1.0
SGK1	0.1107	0.0645	1.0
YWHAE	0.1168	0.0691	1.0
MAPK3	0.0828	0.4566	0.0733
AKT2	0.1412	0.0825	1.0
CDK1	0.3718	1.0	0.0978
RPS6KB1	0.1773	0.1039	1.0
RPS6KA1	0.181	0.1063	1.0
MAPK11	0.1809	0.1097	1.0
MTOR	0.2474	1.0	0.1136
AKT1	0.1195	0.2877	0.2249
CDK7	0.294	1.0	0.1344
CSNK2A2	0.2344	0.1404	1.0
MAPK1	0.4721	1.0	0.1455
CDK4	0.3726	1.0	0.1828
MAPK14	0.3786	0.2392	1.0
CSNK2A1	0.676	0.4757	1.0
ARAF	1.0	1.0	1.0
ACTB	1.0	1.0	1.0
RPS6KA4	1.0	1.0	1.0
RPS6KA3	1.0	1.0	1.0
TBK1	1.0	1.0	1.0
RPS6KA5	1.0	1.0	1.0
PPP2R1B	1.0	1.0	1.0
PPP2R1A	1.0	1.0	1.0
PRKACG	1.0	1.0	1.0
RPS6KA2	1.0	1.0	1.0
CHEK2	1.0	1.0	1.0
AKT3	1.0	1.0	1.0
TRBC1	1.0	1.0	1.0
TRIM24	1.0	1.0	1.0
KDR	1.0	1.0	1.0
PRKACA	1.0	1.0	1.0
BTRC	1.0	1.0	1.0
PRKACB	1.0	1.0	1.0
PRKCG	1.0	1.0	1.0
PRKCI	1.0	1.0	1.0
PRKCH	1.0	1.0	1.0
PRKCB	1.0	1.0	1.0
DAPK1	1.0	1.0	1.0
PRKCE	1.0	1.0	1.0
PRKCD	1.0	1.0	1.0
CSNK1D	1.0	1.0	1.0
PRKCA	1.0	1.0	1.0
CSNK1E	1.0	1.0	1.0
UHMK1	1.0	1.0	1.0
BCR	1.0	1.0	1.0
PRKD3	1.0	1.0	1.0
CSNK2B	1.0	1.0	1.0
BTK	1.0	1.0	1.0
PRKCQ	1.0	1.0	1.0
PRKD2	1.0	1.0	1.0
SIK1	1.0	1.0	1.0
ULK1	1.0	1.0	1.0
PRKD1	1.0	1.0	1.0
TP53	1.0	1.0	1.0
PRKDC	1.0	1.0	1.0
PDGFB	1.0	1.0	1.0
PIK3R1	1.0	1.0	1.0
NLK	1.0	1.0	1.0
PRKCZ	1.0	1.0	1.0
PLCG2	1.0	1.0	1.0
SFN	1.0	1.0	1.0
PLCG1	1.0	1.0	1.0
LYN	1.0	1.0	1.0
SRPK2	1.0	1.0	1.0
PLK3	1.0	1.0	1.0
YES1	1.0	1.0	1.0
FZD2	1.0	1.0	1.0
INSR	1.0	1.0	1.0
PLK1	1.0	1.0	1.0
FN1	1.0	1.0	1.0
PTK6	1.0	1.0	1.0
CDC7	1.0	1.0	1.0
BRAF	1.0	1.0	1.0
PTK2	1.0	1.0	1.0
WNK1	1.0	1.0	1.0
GRB2	1.0	1.0	1.0
ATM	1.0	1.0	1.0
CALM1	1.0	1.0	1.0
CALM2	1.0	1.0	1.0
CDK16	1.0	1.0	1.0
ATR	1.0	1.0	1.0
RET	1.0	1.0	1.0
CD3G	1.0	1.0	1.0
BRCA1	1.0	1.0	1.0
CD3E	1.0	1.0	1.0
CD3D	1.0	1.0	1.0
IKBKB	1.0	1.0	1.0
RPTOR	1.0	1.0	1.0
SMPD1	1.0	1.0	1.0
RAC1	1.0	1.0	1.0
IKBKG	1.0	1.0	1.0
JAK2	1.0	1.0	1.0
JAK3	1.0	1.0	1.0
HRAS	1.0	1.0	1.0
IKBKE	1.0	1.0	1.0
JAK1	1.0	1.0	1.0
SYK	1.0	1.0	1.0
TYK2	1.0	1.0	1.0
RHOC	1.0	1.0	1.0
VAV1	1.0	1.0	1.0
RHOA	1.0	1.0	1.0
VAV2	1.0	1.0	1.0
HCK	1.0	1.0	1.0
KIT	1.0	1.0	1.0
SGK3	1.0	1.0	1.0
GNAI3	1.0	1.0	1.0
CK1	1.0	1.0	1.0
CXCR4	1.0	1.0	1.0
CaMK2	1.0	1.0	1.0
EGFR	1.0	1.0	1.0
GNAI1	1.0	1.0	1.0
GNAI2	1.0	1.0	1.0
PPP2CA	1.0	1.0	1.0
PPP2CB	1.0	1.0	1.0
NRAS	1.0	1.0	1.0
PAK1	1.0	1.0	1.0
FLNA	1.0	1.0	1.0
PAK3	1.0	1.0	1.0
PAK2	1.0	1.0	1.0
PAK4	1.0	1.0	1.0
MAP3K1	1.0	1.0	1.0
CSNK1A1	1.0	1.0	1.0
RPA1	1.0	1.0	1.0
HIPK1	1.0	1.0	1.0
VEGFA	1.0	1.0	1.0
KITLG	1.0	1.0	1.0
STK17A	1.0	1.0	1.0
CAMK4	1.0	1.0	1.0
PKN1	1.0	1.0	1.0
PF4	1.0	1.0	1.0
CDK5R1	1.0	1.0	1.0
MRE11	1.0	1.0	1.0
EPO	1.0	1.0	1.0
TRAC	1.0	1.0	1.0
STK11	1.0	1.0	1.0
GRAP2	1.0	1.0	1.0
PIM1	1.0	1.0	1.0
EP300	1.0	1.0	1.0
MAP3K8	1.0	1.0	1.0
NEK3	1.0	1.0	1.0
PIM2	1.0	1.0	1.0
MAP3K7	1.0	1.0	1.0
MAP3K5	1.0	1.0	1.0
PDGFRB	1.0	1.0	1.0
MAP2K4	1.0	1.0	1.0
MAP2K1	1.0	1.0	1.0
CDKL5	1.0	1.0	1.0
MAP2K2	1.0	1.0	1.0
WNT5A	1.0	1.0	1.0
DYRK1A	1.0	1.0	1.0
DYRK1B	1.0	1.0	1.0
VRK1	1.0	1.0	1.0
TNNI3K	1.0	1.0	1.0
MAPKAPK2	1.0	1.0	1.0
MAPKAPK5	1.0	1.0	1.0
RAF1	1.0	1.0	1.0
BLK	1.0	1.0	1.0
GNAZ	1.0	1.0	1.0
SHC1	1.0	1.0	1.0
PXN	1.0	1.0	1.0
STK39	1.0	1.0	1.0
STK4	1.0	1.0	1.0
STK3	1.0	1.0	1.0
CCNB2	1.0	1.0	1.0
CCNB1	1.0	1.0	1.0
GRK5	1.0	1.0	1.0
STK38	1.0	1.0	1.0
ABL1	1.0	1.0	1.0
ABL2	1.0	1.0	1.0
MAP2K7	1.0	1.0	1.0
MARK3	1.0	1.0	1.0
MARK2	1.0	1.0	1.0
MAP2K6	1.0	1.0	1.0
NEK9	1.0	1.0	1.0
BDNF	1.0	1.0	1.0
NEK6	1.0	1.0	1.0
IL2	1.0	1.0	1.0
CLK2	1.0	1.0	1.0
GNAO1	1.0	1.0	1.0
GH2	1.0	1.0	1.0
CLK1	1.0	1.0	1.0
CDK9	1.0	1.0	1.0
GH1	1.0	1.0	1.0
CXCL10	1.0	1.0	1.0
CXCL11	1.0	1.0	1.0
GNAQ	1.0	1.0	1.0
CDK3	1.0	1.0	1.0
GNB1	1.0	1.0	1.0
LAT	1.0	1.0	1.0
DYRK4	1.0	1.0	1.0
GSK3B	1.0	1.0	1.0
GSK3A	1.0	1.0	1.0
CXCL9	1.0	1.0	1.0
DYRK2	1.0	1.0	1.0
YWHAB	1.0	1.0	1.0
ITGB3	1.0	1.0	1.0
PTEN	1.0	1.0	1.0
ARRB1	1.0	1.0	1.0
ARRB2	1.0	1.0	1.0
PKD1	1.0	1.0	1.0
YWHAQ	1.0	1.0	1.0
MLST8	1.0	1.0	1.0
PRKG2	1.0	1.0	1.0
TOPBP1	1.0	1.0	1.0
PRKG1	1.0	1.0	1.0
YWHAG	1.0	1.0	1.0
YWHAH	1.0	1.0	1.0
HSP90AA1	1.0	1.0	1.0
KSR1	1.0	1.0	1.0
AMP	1.0	1.0	1.0
CHUK	1.0	1.0	1.0
PDPK1	1.0	1.0	1.0
PKC	1.0	1.0	1.0
PPP2R5A	1.0	1.0	1.0
NRG1	1.0	1.0	1.0
PPP2R5D	1.0	1.0	1.0
TRAF2	1.0	1.0	1.0
PPP2R5C	1.0	1.0	1.0
YWHAZ	1.0	1.0	1.0
LATS1	1.0	1.0	1.0
FGR	1.0	1.0	1.0
ZAP70	1.0	1.0	1.0
PIK3CA	1.0	1.0	1.0
LCK	1.0	1.0	1.0
TRAF6	1.0	1.0	1.0
LCP2	1.0	1.0	1.0
SOS1	1.0	1.0	1.0
MET	1.0	1.0	1.0
CAMK2B	1.0	1.0	1.0
PRKAA1	1.0	1.0	1.0
CAMK2D	1.0	1.0	1.0
PRKAA2	1.0	1.0	1.0
ROCK2	1.0	1.0	1.0
SRC	1.0	1.0	1.0
CAMK2A	1.0	1.0	1.0
IL2RG	1.0	1.0	1.0
AURKB	1.0	1.0	1.0
CDC42	1.0	1.0	1.0
MAPK9	1.0	1.0	1.0
MAPK8	1.0	1.0	1.0
GNG2	1.0	1.0	1.0
MAPK7	1.0	1.0	1.0
ERBB3	1.0	1.0	1.0
ERBB2	1.0	1.0	1.0
PTK2B	1.0	1.0	1.0
FYN	1.0	1.0	1.0
CSK	1.0	1.0	1.0
BUB1	1.0	1.0	1.0
CAMK2G	1.0	1.0	1.0
EGF	1.0	1.0	1.0
PTPN11	1.0	1.0	1.0
EPOR	1.0	1.0	1.0
MAPK12	1.0	1.0	1.0
MAPK13	1.0	1.0	1.0
MAPK10	1.0	1.0	1.0
WEE1	1.0	1.0	1.0
IL2RA	1.0	1.0	1.0
RPS6KB2	1.0	1.0	1.0
KRAS	1.0	1.0	1.0
CD247	1.0	1.0	1.0
BCAR1	1.0	1.0	1.0
PTPN2	1.0	1.0	1.0