Overall graph size pval = 7.0E-4
Gene	Downstream crowded pval	Downstream suggests activation pval	Downstream suggests inhibition pval
MDC1	0.0015	1.0	1.0E-4
LIN54	1.0E-4	2.0E-4	0.0116
LIN52	1.0E-4	1.0E-4	0.0125
LIN37	1.0E-4	1.0E-4	0.0102
MAX	0.0219	0.9745	1.0E-4
FOXM1	1.0E-4	0.1165	1.0E-4
NKX3-1	0.0016	1.0	1.0E-4
E2F1	1.0E-4	0.1389	1.0E-4
E2F3	1.0E-4	0.7259	1.0E-4
E2F4	1.0E-4	1.0E-4	0.785
E2F5	1.0E-4	1.0E-4	1.0
AURKB	1.0E-4	0.822	1.0E-4
AURKA	4.0E-4	1.0	1.0E-4
MYC	0.0027	0.9998	1.0E-4
CDK2	1.0E-4	0.9936	1.0E-4
CDK1	1.0E-4	0.995	1.0E-4
TFDP1	0.001	0.5585	1.0E-4
RBBP4	1.0E-4	4.0E-4	0.0315
MYCN	1.0E-4	0.8553	1.0E-4
ESR1	5.0E-4	1.0E-4	0.6029
RBL2	1.0E-4	1.0E-4	1.0
RBL1	8.0E-4	1.0E-4	1.0
LIN9	1.0E-4	2.0E-4	0.0116
E2F2	9.0E-4	0.574	2.0E-4
TP53	3.0E-4	2.0E-4	0.3331
E2F6	0.0039	3.0E-4	1.0
MYBL2	0.0029	1.0	3.0E-4
TFDP2	4.0E-4	0.0801	0.0014
PTGDR	0.0049	0.6152	4.0E-4
PLK1	0.0037	0.8336	6.0E-4
GATA3	0.0298	7.0E-4	1.0
MNAT1	0.0091	1.0	9.0E-4
CCNH	0.0091	1.0	9.0E-4
IRF1	9.0E-4	0.1717	0.0012
RELA	0.0139	0.5944	0.0012
TOPBP1	0.006	1.0	0.0012
NELFB	0.0118	1.0	0.0014
MSC	0.0178	0.0015	1.0
ASF1B	0.0115	1.0	0.0016
FAM20C	0.1661	0.0016	1.0
CCND3	0.0158	1.0	0.0017
BRCA1	0.0028	0.313	0.0018
YBX1	0.0125	0.0018	0.7498
RPS6KB2	0.0227	0.0018	1.0
TERT	0.0183	0.0019	1.0
POLE3	0.0106	1.0	0.002
PLK4	0.0112	1.0	0.002
MCM6	0.0181	1.0	0.002
MCM7	0.0122	1.0	0.0022
CCNB1	0.0207	1.0	0.0024
MCM5	0.0137	1.0	0.0024
NELFCD	0.0265	1.0	0.0029
HIST2H3C	0.0215	0.0033	1.0
VHL	0.0415	0.0033	1.0
H3F3B	0.0215	0.0033	1.0
HIST1H3E	0.0215	0.0033	1.0
HIST1H2AC	0.0215	0.0033	1.0
NFKB1	0.0251	0.6224	0.0034
CDC6	0.0035	0.3334	0.0052
CDK5R1	0.0128	1.0	0.0037
ERCC2	0.0461	1.0	0.0038
HIST3H2BB	0.0272	0.0039	1.0
H2BFS	0.0272	0.0039	1.0
HIST1H4C	0.0272	0.0039	1.0
HIST1H2BH	0.0272	0.0039	1.0
HIST1H2BG	0.0272	0.0039	1.0
HIST1H2BB	0.0272	0.0039	1.0
HIST1H2BA	0.0272	0.0039	1.0
HIST1H2BD	0.0272	0.0039	1.0
HIST1H2BN	0.0272	0.0039	1.0
HIST1H2BM	0.0272	0.0039	1.0
HIST1H2BO	0.0272	0.0039	1.0
HIST1H2BJ	0.0272	0.0039	1.0
HIST1H2BL	0.0272	0.0039	1.0
HIST1H2BK	0.0272	0.0039	1.0
RAD51D	0.0336	1.0	0.0045
MAP3K8	0.0161	1.0	0.0049
CCNA2	0.019	1.0	0.005
PPP1R13B	0.0344	1.0	0.0054
TP53BP2	0.0344	1.0	0.0054
CDK4	0.045	0.9404	0.0063
HIST2H2BE	0.0445	0.0065	1.0
NELFA	0.049	1.0	0.007
NELFE	0.049	1.0	0.007
CCNT2	0.049	1.0	0.007
ELOA2	0.049	1.0	0.007
ELOA3	0.049	1.0	0.007
CCNK	0.049	1.0	0.007
SUPT4H1	0.049	1.0	0.007
ELOA3D	0.049	1.0	0.007
TCEA1	0.049	1.0	0.007
ELOA3B	0.049	1.0	0.007
SUPT5H	0.049	1.0	0.007
ERCC3	0.049	1.0	0.007
ELOA	0.049	1.0	0.007
ELOB	0.049	1.0	0.007
ELOC	0.049	1.0	0.007
CTDP1	0.049	1.0	0.007
GTF2H3	0.049	1.0	0.007
GTF2H4	0.049	1.0	0.007
GTF2H5	0.049	1.0	0.007
NCOA3	0.0363	0.0071	0.7373
ATM	0.0546	0.895	0.0078
GTF2H1	0.058	1.0	0.0084
RB1	0.0089	0.0158	0.1956
SUPT16H	0.0576	1.0	0.0091
STAT5A	0.0095	0.2717	0.0098
CDKN2A	0.0098	0.0796	0.0713
GTF2H2	0.0688	1.0	0.0105
CCNT1	0.0124	0.3972	0.011
GTF2F1	0.0124	0.3972	0.011
POLR2B	0.0124	0.3972	0.011
POLR2C	0.0124	0.3972	0.011
POLR2D	0.0124	0.3972	0.011
POLR2E	0.0124	0.3972	0.011
POLR2G	0.0124	0.3972	0.011
POLR2H	0.0124	0.3972	0.011
POLR2I	0.0124	0.3972	0.011
POLR2J	0.0124	0.3972	0.011
POLR2K	0.0124	0.3972	0.011
POLR2L	0.0124	0.3972	0.011
OTX2	0.065	1.0	0.0112
FANCD2	0.0698	1.0	0.0115
CHEK1	0.1258	1.0	0.0116
PTTG1	0.1114	1.0	0.0118
CDK9	0.0123	0.3248	0.0194
CDC7	0.0474	1.0	0.0127
GTF2F2	0.0149	0.4106	0.0129
STAT5B	0.0133	0.2166	0.0212
PRKCH	0.068	1.0	0.0164
POLR2A	0.0186	0.4177	0.0165
ETS1	0.0175	0.0562	0.1354
SSRP1	0.1015	1.0	0.0175
WT1	0.1161	0.8873	0.0176
POLR2F	0.0219	0.4449	0.0178
JUN	0.0444	0.4943	0.0179
MAP3K5	0.0782	1.0	0.019
SATB1	0.027	0.019	0.4536
ZBTB16	0.0211	0.29	0.041
KLF5	0.0256	0.4689	0.0211
HIF3A	0.094	1.0	0.0241
ELL	0.0358	0.4977	0.0249
FGFR1	0.0721	1.0	0.0259
EP300	0.0268	0.2631	0.0322
ATR	0.0431	0.5764	0.0274
NPM1	0.1531	0.0279	1.0
E2F7	0.099	0.0283	1.0
FOXD3	0.0993	1.0	0.0285
HIST2H2AA3	0.0987	0.0287	1.0
HIST2H2AC	0.0987	0.0287	1.0
H2AFB1	0.0987	0.0287	1.0
HIST1H2AD	0.0987	0.0287	1.0
HIST1H2AB	0.0987	0.0287	1.0
HIST1H2AJ	0.0987	0.0287	1.0
H2AFJ	0.0987	0.0287	1.0
H2AFZ	0.0987	0.0287	1.0
H2AFV	0.0987	0.0287	1.0
CDK12	0.0288	0.4696	0.0293
NEK9	0.0638	1.0	0.0298
MDM2	0.1108	0.0311	1.0
H2AFX	0.1173	0.0324	1.0
KAT5	0.0577	0.0336	0.5514
TCF4	0.0345	0.0647	0.2458
STK17A	0.035	0.0864	0.2111
PLK3	0.0352	0.4254	0.0374
IRF2	0.1379	1.0	0.0354
HDAC1	0.0358	0.0544	0.2611
AIP	0.1179	1.0	0.0367
CDK5	0.098	0.8435	0.0368
CSNK1D	0.2006	0.0377	1.0
CDC25A	0.0382	0.0657	0.3303
TRERF1	0.1377	0.039	1.0
CDH1	0.118	0.0392	1.0
SIRT1	0.0618	0.0393	0.4713
CDKN1A	0.2486	1.0	0.0394
EGR1	0.0503	0.3988	0.0424
HSF1	0.214	0.0435	1.0
CDKN1C	0.1122	1.0	0.0455
RHOA	0.1456	1.0	0.0464
KLF8	0.052	0.3621	0.0665
FANCI	0.174	1.0	0.0537
TCF3	0.0538	0.0727	0.3791
STAT4	0.0855	0.054	0.5127
PRKCD	0.0548	0.3942	0.0648
IRF7	0.1735	1.0	0.055
ATF2	0.0964	0.0552	0.523
GATA2	0.2579	0.0554	1.0
ZBTB17	0.2672	0.0569	1.0
MAPK8	0.097	0.0569	0.5322
HIF1A	0.1771	0.7328	0.0581
ATF4	0.3521	1.0	0.0586
STAT1	0.1512	0.0597	0.6824
PAX5	0.1091	0.6228	0.0604
NOTCH1	0.0623	0.179	0.1776
NPAS2	0.2868	0.0628	1.0
PIK3CA	0.2333	0.0633	1.0
KAT2A	0.2897	1.0	0.0639
IRF3	0.066	0.3975	0.0856
SP1	0.0665	0.3292	0.0677
PAK4	0.3499	0.0681	1.0
CDK7	0.1829	0.8665	0.0693
NEK6	0.1566	1.0	0.0714
ARNTL	0.3186	0.0719	1.0
PIK3R1	0.3035	0.0781	1.0
NR1I2	0.0784	0.1086	0.339
RBPJ	0.079	0.3311	0.1074
RAD51	0.2384	1.0	0.079
GATA1	0.1053	0.4948	0.0812
SMAD4	0.2377	0.827	0.0823
RPS6KB1	0.2864	0.0841	0.8352
TWIST1	0.1129	0.5119	0.0859
SPP1	0.2576	0.0867	1.0
TBP	0.0878	0.4295	0.1025
CCND1	0.1421	0.6454	0.0887
CDK6	0.0892	0.5048	0.1249
BCL6	0.0903	0.3336	0.1322
MECP2	0.1187	0.5136	0.0915
CDH2	0.0929	0.2554	0.2298
NR1H2	0.0941	0.2474	0.2465
FOXA1	0.2071	0.0949	0.7037
HIC1	0.0956	0.1059	0.4399
FOS	0.4051	0.9144	0.0967
MAPK10	0.1353	0.0976	0.6099
CaMK2	0.2649	0.1001	1.0
SP2	0.1002	0.2523	0.2437
NR3C1	0.4603	0.1011	0.9623
YWHAH	0.207	1.0	0.1018
NFYC	0.1029	0.3702	0.1267
DNMT1	0.2007	0.7002	0.103
SPDEF	0.3052	0.1042	1.0
MAPK9	0.3057	0.1054	0.8269
CLOCK	0.4164	0.1058	1.0
NCOA2	0.1075	0.1543	0.3218
PRKACA	0.4396	0.1085	0.8697
VDR	0.212	0.1086	0.7179
FOXO1	0.2534	0.7359	0.1119
NFYB	0.1194	0.3906	0.14
TFAP2A	0.1198	0.1601	0.3518
ABL2	0.3188	0.1215	1.0
POU2F1	0.1216	0.2549	0.2527
CREB5	0.3467	0.1238	1.0
ROCK2	0.1244	0.212	0.3491
HMGA1	0.3453	1.0	0.1265
ERBB2	0.1315	0.4853	0.1576
SUPT3H	0.1319	0.2844	0.2866
NR1H3	0.1334	0.2897	0.2858
SREBF1	0.1337	0.3741	0.1665
SOX6	0.135	0.2862	0.2807
DYRK1A	0.2348	0.1352	0.6832
PGR	0.1371	0.1391	0.4997
MAPK1	0.1378	0.189	0.3678
PARP1	0.1476	0.5136	0.1379
HDAC7	0.3884	1.0	0.138
NOTCH3	0.3852	1.0	0.1382
FOSB	0.1385	0.2887	0.2981
NR4A1	0.1389	0.139	0.4918
PIM1	0.1615	0.5769	0.1421
CAMK1	0.3213	0.1426	1.0
CEBPB	0.4757	0.1444	0.9398
PPP2R3B	0.1451	0.3273	0.2702
TAF1	0.2926	0.1465	1.0
PPARG	0.147	0.3636	0.1906
ATF6	0.1605	0.1546	0.5276
BTK	0.1546	0.2301	0.3727
AKT1	0.4662	0.1552	0.8551
IL10	0.6301	0.1565	1.0
ARNT	0.3138	0.7276	0.1617
KLF6	0.1675	0.1629	0.5217
PRKAA1	0.1637	0.2925	0.2866
STK39	0.2735	1.0	0.1664
YWHAG	0.3256	1.0	0.1676
PRKG1	0.1692	0.4102	0.2297
REL	0.4469	1.0	0.1705
YWHAE	0.3159	0.1725	0.7366
PCNA	0.1728	0.3342	0.313
NEK4	0.2656	1.0	0.1741
STAT6	0.1747	0.2052	0.4084
CREBBP	0.1752	0.291	0.2829
ONECUT1	0.1791	0.3353	0.331
IKBKB	0.5901	0.1795	1.0
MED1	0.1797	0.2913	0.2978
YWHAB	0.5453	0.1807	0.7384
SOX2	0.5866	0.1818	1.0
TUBA4A	0.3114	0.1851	1.0
FOXA2	0.4781	0.1853	0.9007
RUNX1	0.6678	0.1888	1.0
PPP2R5A	0.354	1.0	0.1915
NEK3	0.4409	0.1927	1.0
MAMLD1	0.5034	1.0	0.1947
MAML3	0.5034	1.0	0.1947
HDAC9	0.5006	1.0	0.1955
FOSL1	0.199	0.3233	0.3255
NANOG	0.3763	0.1994	0.8006
CAMK2A	0.6693	0.1997	1.0
MRE11	0.3026	1.0	0.2008
ING4	0.2253	0.5813	0.201
RUNX2	0.2014	0.3264	0.33
FOXO3	0.2044	0.3286	0.3257
NFYA	0.2055	0.4867	0.2045
BUB1	0.371	1.0	0.2049
CDK16	0.3105	1.0	0.2052
MAPK12	0.2085	0.2727	0.4387
CK1	0.2113	0.2894	0.4581
TWIST2	0.2132	0.3402	0.3389
PRKCQ	0.279	0.2134	0.6584
MAML2	0.2539	0.5976	0.2157
NFATC3	0.249	0.2163	0.5851
FOXA3	0.219	0.3762	0.3637
MAP2K3	0.4723	0.2193	1.0
FOSL2	0.2637	0.2194	0.6027
MTA1	0.2532	0.5955	0.2199
PRMT1	0.4074	0.221	1.0
CARM1	0.2214	0.2343	0.4536
CCND2	0.2226	0.331	0.4238
PRKCG	0.2242	0.3167	0.4094
PRKCA	0.5329	0.9513	0.2312
PTK2	0.4765	0.2313	1.0
CDK11B	0.4148	1.0	0.2314
SREBF2	0.2486	0.521	0.2331
ZFHX3	0.4341	1.0	0.238
CEBPD	0.5783	0.2385	1.0
SFN	0.2392	0.3157	0.4626
FOXP2	0.4383	1.0	0.2427
CXCR4	0.4753	0.2428	1.0
MAZ	0.439	1.0	0.243
TSC22D3	0.4398	0.2433	1.0
CREB3L3	0.4352	1.0	0.2441
PER1	0.4412	0.2449	1.0
DUSP1	0.485	1.0	0.2453
SUPT7L	0.4403	1.0	0.2455
TAF12	0.4403	1.0	0.2455
TAF10	0.4403	1.0	0.2455
IL23R	0.5693	1.0	0.2456
NOTCH2	0.4409	1.0	0.2457
SKP2	0.3949	1.0	0.2459
SERPINB5	0.4385	1.0	0.2462
GLI2	0.2909	0.2466	0.612
PURA	0.4435	1.0	0.247
PTCH1	0.4388	0.2474	1.0
CAMK2G	0.5542	0.248	1.0
CITED2	0.4416	0.2481	1.0
ETV6	0.4417	0.2486	1.0
RXRB	0.4438	1.0	0.249
POU4F1	0.4438	0.249	1.0
MMP13	0.4451	1.0	0.25
PAX3	0.4473	0.2501	1.0
ATF5	0.4433	0.2502	1.0
FOXQ1	0.449	1.0	0.2517
PML	0.585	1.0	0.2532
MAML1	0.3182	0.6439	0.2548
BRAF	0.2552	0.3379	0.4696
PPP2R5C	0.3733	0.2564	1.0
IL2RA	0.5562	1.0	0.2572
GAB2	0.4311	1.0	0.2574
TCF7L2	0.6055	1.0	0.2596
HEY1	0.6062	0.2602	1.0
HSP90AA1	0.5329	0.2655	1.0
DAPK2	0.4648	1.0	0.2658
JUND	0.2663	0.3819	0.3805
IL23A	0.601	1.0	0.2665
SIK1	0.5738	0.2667	1.0
MARK2	0.5919	0.2668	1.0
HELZ2	0.2724	0.2671	0.4952
CDK3	0.3891	1.0	0.2687
CSNK2B	0.5938	0.2735	1.0
DYRK3	0.4091	1.0	0.2824
CAMK4	0.6118	0.2835	1.0
ACTL6A	0.4948	1.0	0.2838
TAL1	0.4967	0.2838	1.0
EHMT2	0.4963	0.2848	1.0
TFE3	0.5064	1.0	0.2854
SMPD1	0.5289	0.2862	1.0
HDGF	0.5052	1.0	0.2866
MLX	0.5029	0.2873	1.0
YWHAQ	0.2891	0.3342	0.5216
NOTCH4	0.5039	1.0	0.2911
STK11	0.5725	0.2915	1.0
RXRG	0.5074	1.0	0.2916
SALL4	0.4997	0.2917	1.0
PIM2	0.6214	0.2918	1.0
HBP1	0.5059	1.0	0.2919
TBL1X	0.2927	0.395	0.392
TBL1XR1	0.2927	0.395	0.392
EGR2	0.5061	1.0	0.2929
TRIM28	0.5066	0.293	1.0
CHD9	0.2935	0.3966	0.3938
TGS1	0.2935	0.3966	0.3938
SMARCD3	0.2935	0.3966	0.3938
SP4	0.4975	0.2938	1.0
PRKACB	0.6231	0.2946	1.0
ILF3	0.5045	1.0	0.297
RARA	0.6474	1.0	0.2978
CDX2	0.3809	0.2987	0.6757
ESRRA	0.3025	0.4311	0.4327
HOXB7	0.306	0.433	0.4359
KAT2B	0.3965	0.306	0.6844
KLF4	0.5562	0.3067	0.8645
PRKACG	0.6409	0.3079	1.0
RUNX3	0.5559	0.3088	0.8651
SP3	0.5035	0.3094	0.778
EPAS1	0.3109	0.4237	0.415
KITLG	0.4958	1.0	0.3123
ASCL1	0.5513	1.0	0.3161
BTRC	0.6138	0.3168	1.0
ATG7	0.4729	1.0	0.3175
RUVBL1	0.5455	1.0	0.3207
THRAP3	0.322	0.441	0.4525
IL8	0.5458	0.323	1.0
KLK3	0.5487	0.3241	1.0
RUVBL2	0.5503	1.0	0.3252
ELF3	0.5569	0.3314	1.0
ULK1	0.5	1.0	0.3347
CDKL5	0.4716	1.0	0.3349
KLF10	0.5651	0.3356	1.0
CCNE1	0.5192	1.0	0.3374
NCOA1	0.3894	0.3463	0.5789
CDKN1B	0.5309	1.0	0.3472
PPARA	0.3845	0.3481	0.5747
PRKCZ	0.5382	0.352	0.83
NCOA6	0.3531	0.4408	0.4395
PAX8	0.5996	1.0	0.3564
AR	0.4144	0.5995	0.3567
EDNRA	0.6423	0.3573	1.0
MSX2	0.6073	1.0	0.3599
ESR2	0.6244	0.3607	1.0
MEF2C	0.6051	1.0	0.362
MLXIPL	0.6042	0.3635	1.0
RAC1	0.7072	0.364	1.0
RBMX	0.6012	0.3643	1.0
PRKCB	0.6252	1.0	0.3657
TAF9	0.6103	1.0	0.3658
IRF8	0.6132	1.0	0.366
ZFP36	0.608	0.3663	1.0
JAK3	0.658	0.367	1.0
SMARCA4	0.3675	0.4882	0.4774
CBFB	0.8155	0.3678	1.0
PPP3R1	0.5201	0.3718	1.0
SMAD2	0.6275	0.3731	1.0
RXRA	0.3769	0.4459	0.4453
MLST8	0.7157	0.3782	1.0
IL6ST	0.6113	1.0	0.3785
PPP3CA	0.5422	0.3842	1.0
AHR	0.3862	0.4987	0.4913
LMO2	0.6412	0.3899	1.0
BTF3	0.6432	0.3902	1.0
CREM	0.3907	0.5023	0.4887
ELK1	0.3916	0.4914	0.4979
INS	0.6268	1.0	0.3938
HEY2	0.6458	0.3979	1.0
MED19	0.6525	0.3988	1.0
MED16	0.6525	0.3988	1.0
MED15	0.6525	0.3988	1.0
MED18	0.6525	0.3988	1.0
MED17	0.6525	0.3988	1.0
MED11	0.6525	0.3988	1.0
MED14	0.6525	0.3988	1.0
MED13	0.6525	0.3988	1.0
MED10	0.6525	0.3988	1.0
MED27	0.6525	0.3988	1.0
MED26	0.6525	0.3988	1.0
MED29	0.6525	0.3988	1.0
MED28	0.6525	0.3988	1.0
MED22	0.6525	0.3988	1.0
MED25	0.6525	0.3988	1.0
MED24	0.6525	0.3988	1.0
MED21	0.6525	0.3988	1.0
MED20	0.6525	0.3988	1.0
STAT3	0.6322	0.8111	0.3988
MED30	0.6525	0.3988	1.0
MED31	0.6525	0.3988	1.0
CCNC	0.6525	0.3988	1.0
MED13L	0.6525	0.3988	1.0
MED8	0.6525	0.3988	1.0
MED9	0.6525	0.3988	1.0
MED4	0.6525	0.3988	1.0
MED6	0.6525	0.3988	1.0
MED7	0.6525	0.3988	1.0
FAM120B	0.6525	0.3988	1.0
SNW1	0.6567	1.0	0.401
CCNB2	0.5656	1.0	0.4016
EGF	0.6677	1.0	0.4051
ABL1	0.4236	0.6526	0.4053
APC	0.6449	1.0	0.4056
SNAI1	0.656	0.4072	1.0
TRAF6	0.7382	0.4114	1.0
CHUK	0.4141	0.4607	0.5693
CDK19	0.6897	0.4203	1.0
CDK8	0.6876	0.4209	1.0
ERBB4	0.4245	0.5085	0.5323
AGO2	0.4252	0.5166	0.5196
SGK1	0.6713	1.0	0.4274
HDAC4	0.4281	0.5246	0.5205
MED23	0.6903	0.4285	1.0
ZEB1	0.6957	1.0	0.4294
NBN	0.5945	1.0	0.4309
GLI1	0.4312	0.5193	0.5184
MYB	0.6728	0.8504	0.4324
PRKCI	0.5939	1.0	0.4325
NR0B1	0.6906	1.0	0.4328
WWTR1	0.6925	1.0	0.4337
MOV10	0.4345	0.5219	0.5221
AGO3	0.4345	0.5219	0.5221
AGO4	0.4345	0.5219	0.5221
AGO1	0.4345	0.5219	0.5221
TNRC6C	0.4345	0.5219	0.5221
TNRC6B	0.4345	0.5219	0.5221
NFE2L2	0.697	1.0	0.4347
ATF3	0.6922	0.4405	1.0
TNRC6A	0.4523	0.53	0.5395
YY1	0.7504	0.4539	0.9239
CALM1	0.6839	0.4592	1.0
FLI1	0.461	0.5449	0.5451
MED12	0.7247	0.4611	1.0
PAK1	0.5443	0.7701	0.4613
NFATC2	0.606	0.4616	0.7873
BCL2	0.7166	0.4683	1.0
RPTOR	0.7831	0.4685	1.0
TFAP2C	0.7247	0.4725	1.0
MAPK13	0.6336	1.0	0.4749
PPP2R1B	0.6402	0.476	1.0
PPP2CB	0.6402	0.476	1.0
ETV4	0.7391	1.0	0.4801
SMAD7	0.7628	0.4808	1.0
HOXA10	0.7534	0.4918	1.0
CREB1	0.6207	0.4948	0.7518
TRRAP	0.7509	1.0	0.4951
NFIC	0.7544	1.0	0.497
PRKD1	0.8435	0.4976	1.0
PPP2CA	0.5058	0.6674	0.5132
MAPK3	0.5165	0.5094	0.6157
IL2RB	0.5097	0.5489	0.6156
SNAI2	0.5098	0.5811	0.5738
PDPK1	0.8611	0.5109	1.0
PPARGC1A	0.8653	0.5112	1.0
UHMK1	0.672	1.0	0.5126
IL12RB1	0.8608	1.0	0.5161
IL12B	0.8608	1.0	0.5161
KDR	0.7156	1.0	0.5208
HES1	0.5218	0.5835	0.5915
RPS6KA5	0.6896	1.0	0.5224
GSK3A	0.6056	0.5232	0.7374
SIN3A	0.7833	0.524	1.0
IL2RG	0.5262	0.5556	0.6288
XBP1	0.6753	0.5345	0.7853
WEE1	0.7032	1.0	0.5399
CALM2	0.7613	0.5406	1.0
EZH2	0.7107	0.541	0.8385
NCOR1	0.5431	0.6033	0.6007
CTNNB1	0.8429	0.9506	0.5446
MITF	0.5461	0.5961	0.6025
ERG	0.804	1.0	0.5489
PRKCE	0.7474	1.0	0.5498
TP73	0.6893	0.551	0.7803
TYK2	0.8849	1.0	0.5515
CEBPA	0.7216	0.5526	0.8441
SOX9	0.7985	0.5584	1.0
EDN1	0.8517	0.5649	1.0
NFATC1	0.5676	0.6131	0.6106
LEF1	0.7452	0.5708	0.8547
CIITA	0.8281	0.5782	1.0
NR1H4	0.826	1.0	0.5792
JAK1	0.8537	0.5848	1.0
TP63	0.8342	0.5857	0.9167
CD3D	0.8278	1.0	0.5864
YWHAZ	0.7017	0.5892	0.7959
HIPK2	0.6141	0.5896	0.7079
SRF	0.8438	1.0	0.592
PPP2R1A	0.7646	0.5952	1.0
MTOR	0.7535	0.5957	0.8266
RPS6KA1	0.6162	0.6938	0.6077
ETS2	0.8625	1.0	0.6143
PIN1	0.8251	1.0	0.6257
CLK2	0.7994	1.0	0.6332
REST	0.8783	0.6387	1.0
FYN	0.9436	0.6391	1.0
EGFR	0.8427	1.0	0.6396
MAPKAPK5	0.8004	1.0	0.6431
IL2	0.6529	0.6473	0.6997
NFKBIA	0.889	0.6522	1.0
MAPK11	0.9379	0.6524	1.0
LCK	0.9336	0.6731	1.0
FOXO4	0.9088	1.0	0.6803
MAPK7	0.8375	1.0	0.6849
HDAC3	0.9172	1.0	0.6884
HNF1A	0.9238	1.0	0.7126
MAPK14	0.8124	0.7236	0.8091
IL4	0.9356	0.7255	1.0
JUNB	0.7362	0.7285	0.7267
SMAD3	0.7715	0.7315	0.739
SRC	0.8006	0.8066	0.7512
JAK2	0.9704	1.0	0.7544
USF2	0.9508	0.7712	1.0
HNF4A	0.9508	0.7756	1.0
IL13	0.8109	0.7806	0.778
GSK3B	0.9898	0.8068	0.9969
MAPKAPK2	0.9294	1.0	0.8133
POU5F1	0.9673	0.815	1.0
LYN	0.9298	1.0	0.8173
RPS6KA3	0.9397	1.0	0.8207
USF1	0.9743	0.8374	1.0
CSNK2A1	0.9618	0.9785	0.8389
AKT2	0.9503	1.0	0.853
SPI1	0.9354	0.8836	0.8848
CSNK2A2	0.9745	1.0	0.901
ATF1	1.0	1.0	1.0
ARAF	1.0	1.0	1.0
TBK1	1.0	1.0	1.0
AKT3	1.0	1.0	1.0
TRBC1	1.0	1.0	1.0
MEF2A	1.0	1.0	1.0
PRKAB1	1.0	1.0	1.0
SND1	1.0	1.0	1.0
BCR	1.0	1.0	1.0
DDIT3	1.0	1.0	1.0
SF1	1.0	1.0	1.0
ABCB1	1.0	1.0	1.0
PDGFB	1.0	1.0	1.0
GATA6	1.0	1.0	1.0
GATA4	1.0	1.0	1.0
ZBTB7A	1.0	1.0	1.0
ABCA3	1.0	1.0	1.0
FN1	1.0	1.0	1.0
NR2F1	1.0	1.0	1.0
NR2F2	1.0	1.0	1.0
PBX1	1.0	1.0	1.0
MLLT10	1.0	1.0	1.0
HLA-DRB1	1.0	1.0	1.0
CTCF	1.0	1.0	1.0
IKBKG	1.0	1.0	1.0
IKBKE	1.0	1.0	1.0
F2	1.0	1.0	1.0
PPARD	1.0	1.0	1.0
PTGS2	1.0	1.0	1.0
NRAS	1.0	1.0	1.0
FLNA	1.0	1.0	1.0
MEF2D	1.0	1.0	1.0
IL12RB2	1.0	1.0	1.0
APEX1	1.0	1.0	1.0
PKN1	1.0	1.0	1.0
RORA	1.0	1.0	1.0
PITX2	1.0	1.0	1.0
MAP3K7	1.0	1.0	1.0
PITX1	1.0	1.0	1.0
TNNI3K	1.0	1.0	1.0
FOXP3	1.0	1.0	1.0
PIAS1	1.0	1.0	1.0
MAF	1.0	1.0	1.0
BLK	1.0	1.0	1.0
DLX5	1.0	1.0	1.0
SHC1	1.0	1.0	1.0
TNFRSF11B	1.0	1.0	1.0
NRF1	1.0	1.0	1.0
BCL2L11	1.0	1.0	1.0
STK38	1.0	1.0	1.0
BDNF	1.0	1.0	1.0
NFKB2	1.0	1.0	1.0
CXCL10	1.0	1.0	1.0
CXCL11	1.0	1.0	1.0
HLA-DRA	1.0	1.0	1.0
ITGB1	1.0	1.0	1.0
ITGB3	1.0	1.0	1.0
PTEN	1.0	1.0	1.0
ARRB1	1.0	1.0	1.0
ARRB2	1.0	1.0	1.0
FOXL2	1.0	1.0	1.0
NRG1	1.0	1.0	1.0
MET	1.0	1.0	1.0
PRKAA2	1.0	1.0	1.0
ROCK1	1.0	1.0	1.0
CDC42	1.0	1.0	1.0
CD247	1.0	1.0	1.0
PTPN2	1.0	1.0	1.0
ACTB	1.0	1.0	1.0
TRIM24	1.0	1.0	1.0
IL12A	1.0	1.0	1.0
EPHB3	1.0	1.0	1.0
CSNK1E	1.0	1.0	1.0
TGFA	1.0	1.0	1.0
YES1	1.0	1.0	1.0
FOXF2	1.0	1.0	1.0
PTK6	1.0	1.0	1.0
WNK1	1.0	1.0	1.0
GRB2	1.0	1.0	1.0
CD3G	1.0	1.0	1.0
CD3E	1.0	1.0	1.0
SYK	1.0	1.0	1.0
IL18	1.0	1.0	1.0
NR5A1	1.0	1.0	1.0
NR5A2	1.0	1.0	1.0
KIT	1.0	1.0	1.0
GNAI3	1.0	1.0	1.0
GNAI1	1.0	1.0	1.0
GNAI2	1.0	1.0	1.0
HSF2	1.0	1.0	1.0
MSX1	1.0	1.0	1.0
PAK2	1.0	1.0	1.0
MAP3K1	1.0	1.0	1.0
IL37	1.0	1.0	1.0
PPP1CA	1.0	1.0	1.0
VEGFA	1.0	1.0	1.0
IL18R1	1.0	1.0	1.0
TRAC	1.0	1.0	1.0
IHH	1.0	1.0	1.0
PRDM1	1.0	1.0	1.0
NR3C2	1.0	1.0	1.0
PDGFRB	1.0	1.0	1.0
RAF1	1.0	1.0	1.0
GNAZ	1.0	1.0	1.0
TCF7	1.0	1.0	1.0
GRK5	1.0	1.0	1.0
IRAK1	1.0	1.0	1.0
GRK6	1.0	1.0	1.0
TFAP2B	1.0	1.0	1.0
GH2	1.0	1.0	1.0
GNAO1	1.0	1.0	1.0
CLK1	1.0	1.0	1.0
GH1	1.0	1.0	1.0
IL6	1.0	1.0	1.0
GNAQ	1.0	1.0	1.0
GNB1	1.0	1.0	1.0
TAB2	1.0	1.0	1.0
DYRK4	1.0	1.0	1.0
DYRK2	1.0	1.0	1.0
POU1F1	1.0	1.0	1.0
MMP7	1.0	1.0	1.0
ELF1	1.0	1.0	1.0
IRF4	1.0	1.0	1.0
IRF9	1.0	1.0	1.0
CBL	1.0	1.0	1.0
GNG2	1.0	1.0	1.0
TBX21	1.0	1.0	1.0
PTK2B	1.0	1.0	1.0
EPOR	1.0	1.0	1.0
CD4	1.0	1.0	1.0
KRAS	1.0	1.0	1.0
VIM	1.0	1.0	1.0
GABPB1	1.0	1.0	1.0
HOXA9	1.0	1.0	1.0
SOX17	1.0	1.0	1.0
DAPK1	1.0	1.0	1.0
PRKD3	1.0	1.0	1.0
PRKD2	1.0	1.0	1.0
PRKDC	1.0	1.0	1.0
CTBP1	1.0	1.0	1.0
PLCG2	1.0	1.0	1.0
PLCG1	1.0	1.0	1.0
NKX2-5	1.0	1.0	1.0
FZD2	1.0	1.0	1.0
ZNF382	1.0	1.0	1.0
NR1D1	1.0	1.0	1.0
RET	1.0	1.0	1.0
ING1	1.0	1.0	1.0
GLI3	1.0	1.0	1.0
TIMP3	1.0	1.0	1.0
TEAD1	1.0	1.0	1.0
PAX6	1.0	1.0	1.0
ZEB2	1.0	1.0	1.0
MTF1	1.0	1.0	1.0
HBEGF	1.0	1.0	1.0
CSNK1A1	1.0	1.0	1.0
HIPK1	1.0	1.0	1.0
PF4	1.0	1.0	1.0
EPO	1.0	1.0	1.0
TNF	1.0	1.0	1.0
MEN1	1.0	1.0	1.0
MAP2K4	1.0	1.0	1.0
MAP2K1	1.0	1.0	1.0
MAP2K2	1.0	1.0	1.0
DYRK1B	1.0	1.0	1.0
VRK1	1.0	1.0	1.0
MAP2K7	1.0	1.0	1.0
ZNF300	1.0	1.0	1.0
LHX2	1.0	1.0	1.0
BCL3	1.0	1.0	1.0
NF1	1.0	1.0	1.0
PRKG2	1.0	1.0	1.0
AMP	1.0	1.0	1.0
PKC	1.0	1.0	1.0
TRAF2	1.0	1.0	1.0
NGF	1.0	1.0	1.0
SOS1	1.0	1.0	1.0
HDAC5	1.0	1.0	1.0
HDAC2	1.0	1.0	1.0
CEBPE	1.0	1.0	1.0
CSK	1.0	1.0	1.0
PTPN11	1.0	1.0	1.0
KLF2	1.0	1.0	1.0
RPS6KA4	1.0	1.0	1.0
RPS6KA2	1.0	1.0	1.0
CHEK2	1.0	1.0	1.0
B2M	1.0	1.0	1.0
TLN1	1.0	1.0	1.0
NLK	1.0	1.0	1.0
SRPK2	1.0	1.0	1.0
INSR	1.0	1.0	1.0
SRPK1	1.0	1.0	1.0
XPO1	1.0	1.0	1.0
ANKRD1	1.0	1.0	1.0
HRAS	1.0	1.0	1.0
GABPA	1.0	1.0	1.0
VAV3	1.0	1.0	1.0
PROX1	1.0	1.0	1.0
HCK	1.0	1.0	1.0
SGK3	1.0	1.0	1.0
CD40LG	1.0	1.0	1.0
AXL	1.0	1.0	1.0
NEUROG3	1.0	1.0	1.0
IL18RAP	1.0	1.0	1.0
WNT5A	1.0	1.0	1.0
PXN	1.0	1.0	1.0
STK4	1.0	1.0	1.0
STK3	1.0	1.0	1.0
RIPK1	1.0	1.0	1.0
MARK3	1.0	1.0	1.0
HSPA8	1.0	1.0	1.0
TGFB1	1.0	1.0	1.0
FER	1.0	1.0	1.0
CXCL9	1.0	1.0	1.0
PKD1	1.0	1.0	1.0
FGA	1.0	1.0	1.0
FGG	1.0	1.0	1.0
PPP2R5D	1.0	1.0	1.0
LATS1	1.0	1.0	1.0
FGR	1.0	1.0	1.0
ZAP70	1.0	1.0	1.0
DCT	1.0	1.0	1.0
IFNG	1.0	1.0	1.0
CAMK2B	1.0	1.0	1.0
CAMK2D	1.0	1.0	1.0
ERBB3	1.0	1.0	1.0
PDX1	1.0	1.0	1.0