

Data type: org.panda.causalpath.data.SiteModProteinData
Row ID	Change amount	P-value	Q-value
MSH6-P-S830	15.640077430579634	1.612874870306812E-7	1.1806244050645864E-4
PMS2-A-K210	-11.428946445530048	1.0876060749851336E-5	0.003980638234445589
MCM3-P-S160	-3.49958517776718	0.030209912566839265	7.37121866630878
MCM2-P-S139	2.6801036146107355	0.06855605037778331	12.545757219134346
XRCC6-P-T455	2.6351284414346825	0.07170975831282185	10.498308616997118
MCM3-P-T674	2.2518284561239934	0.10520668278498856	11.001613114087375
MCM3-P-S672	2.2518284561239934	0.10520668278498856	12.835215299768604
MCM3-P-S711	2.223976620848835	0.10817806918705743	8.798482960547338
TP53BP1-P-S1678	2.223976620848835	0.10817806918705743	7.918634664492603
MSH6-P-S43	-2.223976620848835	0.10817806918705743	9.898293330615754
TP53BP1-P-S1094-S1101	2.141624695782478	0.11746384489347415	7.816684951093008
MCM6-P-S762	-2.022791947399263	0.13228561454126614	8.069422487017235
TOP2A-P-S4	-1.762777499771586	0.17156767225958341	9.660579699539621
FANCD2-P-S1412	1.7561918299897943	0.17270128900992837	9.029810253947684
SIRT6-P-S303	1.7561918299897943	0.17270128900992837	8.427822903684504
XRCC1-P-S447	1.528682150793971	0.2168212167875018	9.919570668028207
MDC1-P-S329-T331	-1.278845875308819	0.2783583754113455	11.985784164770877
MDC1-P-T1891	1.267822018290261	0.28144393447500893	11.445386668650364
TP53BP1-P-S523-S525	-1.267822018290261	0.28144393447500893	10.842997896616135
TP53BP1-P-S1028	1.2557145138832746	0.28487223032568143	9.92983202849518
UNG-P-S23	1.2557145138832746	0.28487223032568143	9.478476027199946
MCM3-P-S668	1.2557145138832746	0.28487223032568143	10.42632362991994
ORC1-P-S199	1.1991361836283172	0.30145450080822767	9.594117156157507
VCP-P-S746	1.0547377690970023	0.34828374609360774	10.622654255855036
TP53BP1-P-S580	-1.040321790840645	0.3533409617775804	10.345823360847554
TOP2A-P-S1213	-1.040321790840645	0.3533409617775804	9.947907077738032
ORC1-P-T230	1.040321790840645	0.3533409617775804	9.579466074858844
TP53BP1-P-S1758-S1759	-1.040321790840645	0.3533409617775804	9.23734228647103
CHEK2-P-S163	-1.040321790840645	0.3533409617775804	8.918813242109959
TP53BP1-P-S1426-S1430	-0.9923972428269343	0.37068699829566215	9.044762758414157
MLH1-P-S477	-0.9917697346915683	0.37091968040008866	8.758490517834352
MCM3-P-S672-T674	0.991760308654572	0.37092317671919695	8.48486766745163
MCM2-P-S108	-0.991760308654572	0.37092317671919695	8.22775046540764
ATRX-P-S1527	0.911264113598122	0.4020157091664573	8.655161738524905
MDC1-P-S299	0.8889358445532511	0.41109298690966933	8.597716183367941
MSH6-P-S41	-0.8889358445532511	0.41109298690966933	8.358890733829943
WEE1-P-S165-T173	0.8746906799090215	0.4169909834208708	8.249659455785876
CDK1-P-Y15	0.8746906799090215	0.4169909834208708	8.032563154317828
TOP2B-P-S1581-S1596	-0.8746906799090215	0.4169909834208708	7.826599996514806
XRCC1-P-S241	0.8746906799090215	0.4169909834208708	7.630934996601935
TP53BP1-P-S1068	-0.8746906799090215	0.4169909834208708	7.098544182885521
TERF2-P-S365	0.8746906799090215	0.4169909834208708	6.937213633274487
TP53BP1-P-S1094	0.8746906799090215	0.4169909834208708	7.444814630831156
CLK2-P-S50	0.8746906799090215	0.4169909834208708	7.267557139620891
UNG-P-T60	0.8746906799090215	0.4169909834208708	6.783053330312831
VCP-P-S197	0.8746906799090215	0.4169909834208708	6.635595649219074
PARG-P-S68	-0.8684008220097492	0.4196220633369681	6.535390433248099
SIRT6-P-T294	0.8684008220097492	0.4196220633369681	6.399236465888763
RRM2-P-S20	0.8014716171107445	0.44866821023288184	6.56850259780939
ATRX-P-S316	0.8014716171107445	0.44866821023288184	6.315867882509029
EP300-P-S973	-0.8014716171107445	0.44866821023288184	6.702553671234072
MDC1-P-S453-T455	0.8014716171107445	0.44866821023288184	6.4397084292248925
MTOR-P-S2481	0.7962688739049588	0.45100859865606835	6.229024419174379
SMARCA4-P-S1663	0.7935223433932438	0.4522490101676085	6.1304865822720265
TP53BP1-P-T593	-0.7784543985630243	0.4591150721165643	6.110404232533184
ATRX-P-S1352	0.7741654509252551	0.4610884213914475	6.0270843653310635
SMARCC1-P-S573	0.7643677553615553	0.4656282288815919	5.9796467287951796
RUVBL2-P-T360	-0.7577760882527969	0.468707633216935	5.915413577841318
PRKDC-P-S3205	-0.7577760882527969	0.468707633216935	5.815152330759261
TP53BP1-P-S1216-S1219	-0.7422762452951107	0.47602912231170313	5.807555292202778
CDK1-A-K33	0.6749751867289645	0.5091690546005578	6.110028655206694
XRCC6-P-S2	-0.6316871876132555	0.5316939763296332	6.277419204407927
PRKDC-P-S2612	0.6158621705621753	0.5401749715264192	6.276318716783157
PARG-P-S291	0.6158621705621753	0.5401749715264192	6.17825123683342
MCM2-P-S27	0.5785473988760653	0.5607122665548697	6.314482755664072
PARG-P-S302	0.5348874010019914	0.585735239632882	6.399376050914472
TOP2A-P-S1332-S1337-T1343	-0.5348874010019914	0.585735239632882	6.305267579577495
YWHAG-P-S71	0.5348874010019914	0.585735239632882	6.038847822693938
XRCC6-P-S520	-0.5348874010019914	0.585735239632882	5.79402966771986
TOP2B-P-S1342-S1344	-0.5348874010019914	0.585735239632882	6.496336294110146
MDC1-P-S498	0.5348874010019914	0.585735239632882	6.213886890018401
MCM2-P-T39	0.5348874010019914	0.585735239632882	6.125117077303852
ACTL6A-P-S233	0.5348874010019914	0.585735239632882	5.954974936267634
ATRX-P-S1082	-0.5348874010019914	0.585735239632882	5.87339993714068
MCM4-P-S120	0.5348874010019914	0.585735239632882	5.716775938816928
ATRX-P-S25-S26	-0.5264073284231311	0.5907234372233512	5.68959942167754
PMS2-P-S445	-0.5264073284231311	0.5907234372233512	5.6157085200973125
XRCC5-P-S145	0.5206846143921939	0.5941136699397686	5.3690272394556855
RAD9A-P-S387	0.5206846143921939	0.5941136699397686	5.239653089107356
BRCA2-P-S93	0.5206846143921939	0.5941136699397686	4.998749498803569
ATR-P-S435	-0.5206846143921939	0.5941136699397686	5.575528287127058
ATRX-P-S1996	0.5206846143921939	0.5941136699397686	5.50495197969507
DTL-P-S679	0.5206846143921939	0.5941136699397686	5.436140079948882
NBN-P-S604	0.5206846143921939	0.5941136699397686	5.303551297511104
ELL-P-T180	-0.5206846143921939	0.5941136699397686	5.177276266617983
MCM3-P-S711-T713	0.5206846143921939	0.5941136699397686	5.116367134069536
VCP-P-S775	0.5206846143921939	0.5941136699397686	5.056874492975704
TP53BP1-P-S1635	0.5065606876190741	0.6025644263583123	5.012240455616871
YY1-P-S247	0.5065606876190741	0.6025644263583123	4.955923147126794
MCM3-P-T722	0.4674128367171502	0.626621344707343	5.09652027028639
MAPK8-P-T183-Y185	-0.44505224632183477	0.6407907961955605	5.154492997968684
TOP2B-P-S1340	0.42265828266073613	0.6553025230906872	5.213928770678076
ATRX-P-S1322-S1324-S1326	0.4195768825217776	0.6573248866318476	5.173782978650672
TP53BP1-P-S1101	-0.4195768825217776	0.6573248866318476	5.118742734196941
TP53BP1-P-S395-S398	0.4153431919269202	0.6601136961348463	5.086349742849552
KAT5-P-S90	0.41128764277029245	0.6627962556276513	5.053821449160841
PARP1-P-S257	0.40001739405643655	0.6703083865523312	5.006793254656188
ATRX-P-S1348	0.40001739405643655	0.6703083865523312	5.058409679961922
MRE11-P-S619	-0.3796154521955787	0.6841244371859705	5.058374626465964
CCNH-P-T315	0.3765031506606408	0.6862569555205837	5.023400914410673
TCEA1-P-S100	0.36249038771201264	0.6959410032318363	5.04384964718519
POLA1-P-S215	0.36249038771201264	0.6959410032318363	4.9459108190845065
TP53-P-S6	-0.36249038771201264	0.6959410032318363	4.898353984285617
KAT5-P-S86-S90	-0.36249038771201264	0.6959410032318363	4.805932210997209
ATRX-P-S634	-0.36249038771201264	0.6959410032318363	4.994400140840237
FANCD2-P-S1435	0.36249038771201264	0.6959410032318363	4.851702993959087
PRKDC-P-S511	-0.36249038771201264	0.6959410032318363	4.761016956688824
POLR2A-P-S1910-S1917	-0.35753724670429915	0.699396648237436	4.740355060275955
USP7-P-S18	0.30452980185108003	0.7374700499345045	4.8633160049734885
TP53BP1-P-S124	0.30452980185108003	0.7374700499345045	4.777239615504931
TP53BP1-P-S500	0.30452980185108003	0.7374700499345045	4.694157187409194
ACTL6A-P-S86	0.30452980185108003	0.7374700499345045	4.461389062413696
PARG-P-S197-T199-S201	0.30452980185108003	0.7374700499345045	4.424820299607027
MSH6-P-S65	0.30452980185108003	0.7374700499345045	4.952551161028048
MRE11-P-S688-S689	0.30452980185108003	0.7374700499345045	4.907527968655066
ATRX-P-S849	0.30452980185108003	0.7374700499345045	4.819893540643369
TOP2B-P-S1500	0.30452980185108003	0.7374700499345045	4.735334004842608
PARP1-P-S782	0.30452980185108003	0.7374700499345045	4.653690315103942
SIRT6-P-S330	0.30452980185108003	0.7374700499345045	4.613915184205617
NBN-P-T497	-0.30452980185108003	0.7374700499345045	4.574814208068282
RAD9A-P-S375-S380-S387	0.30452980185108003	0.7374700499345045	4.536370391193759
SMARCA4-P-S1484	0.30452980185108003	0.7374700499345045	4.498567304600477
ATRX-P-S925	-0.2934922806120613	0.745654978841934	4.437556459449559
WEE1-P-T190	0.2934922806120613	0.745654978841934	4.401769713808837
TP53BP1-P-S1094-S1101-S1104	-0.28970070635424505	0.7484875516265206	4.383143102324905
XRCC1-P-S446-S447	-0.28348323201782866	0.7531557509363884	4.375476267344732
POLR2A-P-S1944-S1966	-0.2717321448168116	0.7620583550350949	4.39233634555661
TP53BP1-P-S63	0.2717321448168116	0.7620583550350949	4.358021217856949
PRKDC-P-S893	0.2717321448168116	0.7620583550350949	4.324238107641004
MDC1-P-T1664	-0.2717321448168116	0.7620583550350949	4.290974737582227
TFPT-P-S249	0.2614650728468181	0.7699227661651219	4.302163853686025
PIAS3-P-S431	-0.2614650728468181	0.7699227661651219	4.205846752484099
TP53BP1-P-S999	-0.2614650728468181	0.7699227661651219	4.113747918488097
PTEN-P-S385	0.2614650728468181	0.7699227661651219	4.269571703279312
SMARCC1-P-S357	-0.2614650728468181	0.7699227661651219	4.2374696603975135
ATRX-P-S875-S876	-0.2614650728468181	0.7699227661651219	4.1746923320953275
TOP2B-P-S1524	0.2614650728468181	0.7699227661651219	4.143996064947568
SUMO1-P-S9	0.2614650728468181	0.7699227661651219	4.083938150962821
XPC-P-S61	-0.23202561647755462	0.7929258110802789	4.175695638206936
WEE1-P-S150	0.22969084029088627	0.7947792782553302	4.1555602263064415
RBBP8-P-S347	-0.22631173641711103	0.7974694626397295	4.140054231576468
MSH6-P-S252	0.21467563362090944	0.8068030975379948	4.159013150688819
PRKDC-P-S3995	0.2131900213738526	0.8080025848665834	4.079019945671304
TTK-P-S436	0.2131900213738526	0.8080025848665834	4.136069175680692
POLR2A-P-S27	0.2131900213738526	0.8080025848665834	4.107346473071798
DTL-P-S676-S679	0.20620234510832877	0.8136684178004198	4.051736611087805
SMARCA4-P-S1602-S1618	0.20620234510832877	0.8136684178004198	4.079488231711694
TOP2B-P-S1461-S1466	-0.19956858086091037	0.8190840453976755	4.0511454137236385
PIAS1-P-S483-S485	0.19786003999252108	0.8204846801440185	4.030837489029675
TOP2B-P-S1400	-0.18637703296618435	0.8299606134715534	4.05020779374118
XPC-P-S884	0.18143096094277264	0.8340758271245202	4.043334473212906
TFPT-P-S252	0.17616943689974401	0.8384759025431123	4.0115317690297925
DDB2-P-S26	0.17616943689974401	0.8384759025431123	3.98548286143869
MCM4-P-T19	-0.17616943689974401	0.8384759025431123	3.959770068784247
MRE11-P-S689	0.17616943689974401	0.8384759025431123	3.9343869273176812
TP53BP1-P-S507	-0.17616943689974401	0.8384759025431123	3.909327137971709
TOP2B-P-S1466	-0.17616943689974401	0.8384759025431123	3.884584561149103
ATRX-P-S84	-0.17616943689974401	0.8384759025431123	3.788668892972582
TP53BP1-P-T922	-0.17616943689974401	0.8384759025431123	3.719784004009444
MCM8-P-S670	-0.17616943689974401	0.8384759025431123	4.037923425404989
TOP2B-P-S1336	0.17616943689974401	0.8384759025431123	3.860153211707914
TP53BP1-P-S349-S366	-0.17616943689974401	0.8384759025431123	3.836027254134739
MSH6-P-S252-S254	0.17616943689974401	0.8384759025431123	3.8122009978978775
RECQL4-P-S251	-0.17616943689974401	0.8384759025431123	3.7654255255310325
TOP2B-P-T1292	-0.17616943689974401	0.8384759025431123	3.7424656137899897
TOP2B-P-S1461	0.17591017940378217	0.8386933118873133	3.698334363262129
MDC1-P-S329	-0.16812220377452117	0.8452505355671539	3.704930491228483
CDK1-P-T14	0.16661387769473682	0.8465264109700842	3.688436504941081
CHEK2-P-S303	-0.16661387769473682	0.8465264109700842	3.6666114368645064
MCM3-P-S711-T713-T722	-0.16398915297886887	0.8487512282527837	3.6546229357708095
KAT5-P-S199	0.15862363044722888	0.8533174612500426	3.6527975534212347
NBN-P-S347	0.15862363044722888	0.8533174612500426	3.6315603583432043
MDC1-P-S1033	0.15862363044722888	0.8533174612500426	3.610568679971278
DDB2-P-S24-S26	-0.15577716860061164	0.8557498570651426	3.5794794021239107
ATRX-P-S92-S108-S112	-0.15577716860061164	0.8557498570651426	3.5591414509754795
SMARCC1-P-S328	0.15577716860061164	0.8557498570651426	3.5390333071846576
ATRX-P-S1110	-0.15577716860061164	0.8557498570651426	3.6000511228257723
XRCC6-A-K461	0.1508541623891721	0.8599731059375805	3.536518615428702
SUMO1-P-T76	0.14958513736248114	0.8610651260851936	3.501664846079787
MAPK8-P-S377	0.14958513736248114	0.8610651260851936	3.4442605043407744
PRKDC-P-S2624	-0.14958513736248114	0.8610651260851936	3.3887079155610844
MCM4-P-T110	0.14958513736248114	0.8610651260851936	3.3705864828575494
ATRX-P-S812	0.14958513736248114	0.8610651260851936	3.521227219521574
TFPT-P-S167	0.14958513736248114	0.8610651260851936	3.482318631460562
NFRKB-P-S228	-0.14958513736248114	0.8610651260851936	3.463185012606383
TOP2A-P-S1351	0.14958513736248114	0.8610651260851936	3.425541697251966
WRN-P-S1133	0.14958513736248114	0.8610651260851936	3.4070252556451983
MDC1-P-S1086	-0.14958513736248114	0.8610651260851936	3.3526578313529876
TOP2B-P-S1441	-0.13898946005223517	0.8702372006645522	3.3704424914627102
XRCC6-P-S477	0.13849705388063893	0.8706658163507563	3.3543546187829136
POLR2A-P-S1917	0.13849705388063893	0.8706658163507563	3.3367925527159876
TP53BP1-P-S724-S727	-0.13849705388063893	0.8706658163507563	3.186636887843768
NFRKB-P-S494	-0.13849705388063893	0.8706658163507563	3.319413424837258
SMARCC1-P-S328-S330	0.13849705388063893	0.8706658163507563	3.3022143915479463
MDC1-P-S495	0.13849705388063893	0.8706658163507563	3.2851926678801733
ATRX-P-S875	0.13849705388063893	0.8706658163507563	3.2683455259936083
ABL1-P-T781	-0.13849705388063893	0.8706658163507563	3.2516702937181305
MSH6-P-S274-S275-S285	0.13849705388063893	0.8706658163507563	3.235164353140881
ATRX-P-T591-S598	0.13849705388063893	0.8706658163507563	3.218825139236129
ATRX-P-S677	0.13849705388063893	0.8706658163507563	3.20265013853645
PRKDC-A-K832	0.1360456839742571	0.8728027584791748	3.162829798053247
SOD1-A-K123	-0.1360456839742571	0.8728027584791748	3.147249355698305
MRE11-A-K673	0.1360456839742571	0.8728027584791748	3.1165444839353946
XRCC1-A-K260	-0.1360456839742571	0.8728027584791748	3.0715943231094034
APEX1-A-K35	0.1360456839742571	0.8728027584791748	3.1785652696853526
SUMO2-A-K11	0.1360456839742571	0.8728027584791748	3.131821662778215
RRM1-A-K496	-0.1360456839742571	0.8728027584791748	3.1014156272172615
PRKDC-A-K2752	0.1360456839742571	0.8728027584791748	3.0864329430278064
NFRKB-P-S351	0.1283023473888292	0.8795873979842878	3.0806601690167397
PCNA-A-K181	0.12811116298168496	0.8797555774556369	3.066576584273934
SMARCC1-A-K750	0.12811116298168496	0.8797555774556369	3.0520430459598398
MGMT-A-K3	-0.12811116298168496	0.8797555774556369	3.037646616497765
CDK1-A-K6	0.12811116298168496	0.8797555774556369	3.023385364777118
XRCC5-A-K665	0.12811116298168496	0.8797555774556369	3.0092573957828326
RUVBL2-A-K427	-0.12811116298168496	0.8797555774556369	2.995260849755936
PARP1-A-K621	0.12811116298168496	0.8797555774556369	2.967654758974775
FEN1-A-K375	0.12811116298168496	0.8797555774556369	2.9271867395342097
XRCC1-A-K298	0.12811116298168496	0.8797555774556369	2.9008156878266944
XRCC6-A-K94	-0.12811116298168496	0.8797555774556369	2.981393901377436
MDC1-A-K1025	0.12811116298168496	0.8797555774556369	2.95404166375012
ATM-A-K2440	-0.12811116298168496	0.8797555774556369	2.9405528890298
XRCC1-A-K169	0.12811116298168496	0.8797555774556369	2.9139415506675395
MTOR-A-K230	-0.12811116298168496	0.8797555774556369	2.887807545728817
SUMO2-A-K45	0.1120910150070179	0.8939628897588855	2.921343014747787
ATRX-A-K866	0.1120910150070179	0.8939628897588855	2.9083592680155745
PRKDC-A-K2908	0.1120910150070179	0.8939628897588855	2.8954904216969215
ATRX-P-S703-S706	0.11015191259246027	0.8956980571468749	2.8883302988172357
ATRX-P-S2379	0.11015191259246027	0.8956980571468749	2.875662183471546
APBB1-P-T709	-0.11010440050682378	0.8957406146406601	2.8632407419954724
EP300-P-S2326	0.11010440050682378	0.8957406146406601	2.850791869204188
TOP1-A-K101	0.10906866559107135	0.8966688450880634	2.8413921844349024
XPC-P-S397-S398	0.10816560409075812	0.8974789579363996	2.8195476275083453
ATR-P-T1989	-0.10816560409075812	0.8974789579363996	2.831700850040709
NBN-P-S432	0.10784703414896202	0.8977649133017663	2.808392805713218
SMARCC1-P-T375	-0.10530729463123821	0.9000479001985668	2.803553459341919
SMARCA4-P-S1382	-0.10530729463123821	0.9000479001985668	2.779894780360131
SMARCA4-P-S1659	0.10530729463123821	0.9000479001985668	2.791673995531148
MDC1-P-S168	-0.10055795917112047	0.9043326965202868	2.781392999381722
MDC1-P-S998	0.10055795917112047	0.9043326965202868	2.7467698500118254
ATRX-P-S729-S731	-0.10055795917112047	0.9043326965202868	2.7241626907524688
ABL1-P-S917	0.10055795917112047	0.9043326965202868	2.7129980895608603
MDC1-P-T1239	0.10055795917112047	0.9043326965202868	2.7697553717692465
MDC1-P-S882	0.10055795917112047	0.9043326965202868	2.7582147243868747
YWHAG-P-S215	-0.10055795917112047	0.9043326965202868	2.735419561375413
TP53BP1-P-T302	0.09442869087077586	0.9098926159628185	2.718536305652176
XRCC5-A-K265	-0.09318424037148312	0.9110256371312138	2.7108567739026364
SMARCC1-A-K354	-0.09318424037148312	0.9110256371312138	2.6998816452633543
XRCC6-A-K516	0.09318424037148312	0.9110256371312138	2.6781958489158573
YY1-A-K339	0.09318424037148312	0.9110256371312138	2.6463125650001924
TOP1-A-K134	-0.09318424037148312	0.9110256371312138	2.6358528315416936
VCP-A-K696	-0.09318424037148312	0.9110256371312138	2.6049639311720645
PARP1-A-K662	-0.09318424037148312	0.9110256371312138	2.5948278847472706
XRCC5-A-K532	0.09318424037148312	0.9110256371312138	2.688995025726002
PRKDC-A-K3264	-0.09318424037148312	0.9110256371312138	2.667483065520194
YWHAE-A-K142	0.09318424037148312	0.9110256371312138	2.6568556429484005
TOP2B-A-K1209	-0.09318424037148312	0.9110256371312138	2.6254754581891673
PARP1-A-K105	0.09318424037148312	0.9110256371312138	2.6151794760001903
YWHAG-A-K142	-0.09318424037148312	0.9110256371312138	2.5847704123257693
MRE11-P-S676	0.08845167200593088	0.9153473465682106	2.587004855937954
EP300-P-T887	-0.08493825432678484	0.9185690003117771	2.5861250316470032
TOP2B-P-S1581	-0.08162418147655189	0.9216182548317353	2.58476843883843
ABL1-P-S569	0.08138115585222908	0.9218422589017651	2.575528753878214
TOP2A-P-S1247	0.08111905783185841	0.9220839035988323	2.5664084313092976
PLK1-P-T210	-0.07867546783690565	0.924339853786279	2.553270841402099
NBN-P-S343	-0.07867546783690565	0.924339853786279	2.5629423218619554
PARG-P-S286-S291	-0.07676378977228743	0.9261085840918244	2.548539411861712
USP7-P-S963	0.07618576371257255	0.9266440537303487	2.5404623495528664
TP53BP1-P-S500-S507	-0.07618576371257255	0.9266440537303487	2.530983012427669
ERCC4-P-S521	0.07590872618021421	0.926900804475523	2.52227282110068
PRKDC-A-K3260	-0.06942279339871843	0.9329321591253212	2.5292827425175375
TP53BP1-P-S1426	-0.06854755698791995	0.9337490527551692	2.5128834802087643
ATRX-P-T591	-0.06854755698791995	0.9337490527551692	2.522156112977062
TP53BP1-P-S598	-0.06672567000544159	0.9354517886244558	2.5082443563117276
XRCC6-A-K565	-0.06554807299292606	0.9365540227225072	2.4397065645298053
EP300-A-K1203	0.06554807299292606	0.9365540227225072	2.4310551228116144
YWHAE-A-K106	0.06554807299292606	0.9365540227225072	2.413935016312941
TOP1-A-K106	-0.06554807299292606	0.9365540227225072	2.3970543518632
TP53BP1-A-K1667	0.06554807299292606	0.9365540227225072	2.3887022461075795
YWHAG-A-K10	0.06554807299292606	0.9365540227225072	2.3804081410863724
YWHAE-A-K69	0.06554807299292606	0.9365540227225072	2.3721714347158316
PARP1-A-K433	0.06554807299292606	0.9365540227225072	2.3477998103865594
YWHAG-A-K77	-0.06554807299292606	0.9365540227225072	2.331828383105018
PARP1-A-K654	0.06554807299292606	0.9365540227225072	2.300528673264682
PARP1-A-K418	0.06554807299292606	0.9365540227225072	2.2928345974343656
SOD1-A-K31	-0.06554807299292606	0.9365540227225072	2.5020348344265524
SUMO2-A-K42	0.06554807299292606	0.9365540227225072	2.4929365259377283
PRKDC-A-K3631	-0.06554807299292606	0.9365540227225072	2.4839041472205627
PARP1-A-K134	0.06554807299292606	0.9365540227225072	2.474936984234207
ACTL6A-A-K379	-0.06554807299292606	0.9365540227225072	2.466034333211782
MCM4-A-K858	0.06554807299292606	0.9365540227225072	2.4571955004762556
PRKDC-A-K3241	-0.06554807299292606	0.9365540227225072	2.448419802260269
RAD9A-A-K2	0.06554807299292606	0.9365540227225072	2.4224648220242946
SUMO2-A-K21	0.06554807299292606	0.9365540227225072	2.4054650688872816
YWHAE-A-K153	0.06554807299292606	0.9365540227225072	2.3639915332168115
XRCC6-A-K338	-0.06554807299292606	0.9365540227225072	2.3558678509720803
TOP2B-A-K3	0.06554807299292606	0.9365540227225072	2.3397868417504277
MTOR-A-K1218	0.06554807299292606	0.9365540227225072	2.3239238801114417
EP300-A-K1558-K1560	-0.06554807299292606	0.9365540227225072	2.316072785921876
PARP1-A-K518	0.06554807299292606	0.9365540227225072	2.308274561053452
TOP1-A-K673	0.06554807299292606	0.9365540227225072	2.285191815442918
TOP2B-A-K1422	0.06459615391778555	0.9374459708254897	2.27976893901747
TOP2A-P-S1377	-0.06365155925189571	0.9383318956431471	2.274367376194648
PRKDC-P-S4026	-0.060745943110973095	0.9410622927666752	2.2734574201491955
TP53BP1-P-S862	0.060745943110973095	0.9410622927666752	2.2659789417934415
TOP2B-P-S1400-S1413	-0.06003875447488693	0.9417280367014959	2.26014728808359
SIRT6-P-S10	0.05788667437068343	0.943756893220681	2.2502607356271613
RBBP8-P-S539	-0.05788667437068343	0.943756893220681	2.2576145288808447
PARG-P-S137	0.05788667437068343	0.943756893220681	2.2429546942777225
MSH6-P-S137	0.05788667437068343	0.943756893220681	2.2356959412218074
POLR2H-A-K20	0.05694227742678437	0.944648595340526	2.2162909352220033
KAT5-A-K76	0.05694227742678437	0.944648595340526	2.1813336649503627
XRCC5-A-K648	0.05694227742678437	0.944648595340526	2.140813534951285
SOD1-A-K137	-0.05694227742678437	0.944648595340526	2.1342060857693363
NFRKB-A-K1249	-0.05694227742678437	0.944648595340526	2.1276392978131233
XRCC6-A-K287	0.05694227742678437	0.944648595340526	2.101771342824514
SMARCA4-A-K455	0.05694227742678437	0.944648595340526	2.0954023387553486
PARP1-A-K600	0.05694227742678437	0.944648595340526	2.076524840208003
TOP2B-A-K37	-0.05694227742678437	0.944648595340526	2.0703076999678593
ATRX-A-K967	0.05694227742678437	0.944648595340526	2.0579844398490033
TOP2B-A-K28	0.05694227742678437	0.944648595340526	2.051877661095742
PRKDC-A-K309	-0.05694227742678437	0.944648595340526	2.045807017128003
NFRKB-A-K1095	0.05694227742678437	0.944648595340526	2.0397721881689233
TOP1-A-K172	0.05694227742678437	0.944648595340526	2.027808714924531
RUVBL1-A-K171	0.05694227742678437	0.944648595340526	2.0218794496762134
MRE11-A-K416	0.05694227742678437	0.944648595340526	2.015984757403105
USP7-A-K914	-0.05694227742678437	0.944648595340526	1.9870194591645547
TOP2A-A-K1422	0.05694227742678437	0.944648595340526	1.9813259936655159
PARP1-A-K84	0.05694227742678437	0.944648595340526	1.9644396925831393
ACTL6A-A-K62	0.05694227742678437	0.944648595340526	1.9588747076183146
KAT5-A-K104	0.05694227742678437	0.944648595340526	1.9533411632465114
PARP1-A-K633	0.05694227742678437	0.944648595340526	1.9478387937725776
XRCC5-A-K565	0.05694227742678437	0.944648595340526	2.230589586416984
EP300-A-K1542-K1546	0.05694227742678437	0.944648595340526	2.223417272634293
XRCC5-A-K347	-0.05694227742678437	0.944648595340526	2.2092101335120287
SMARCC1-A-K854	-0.05694227742678437	0.944648595340526	2.2021744324498886
PRKDC-A-K3455	-0.05694227742678437	0.944648595340526	2.195183402505603
WRN-A-K493	-0.05694227742678437	0.944648595340526	2.1882366195862817
PCNA-A-K80	0.05694227742678437	0.944648595340526	2.174474125123475
YY1-A-K351	-0.05694227742678437	0.944648595340526	2.167657591815878
ATRX-A-K448	-0.05694227742678437	0.944648595340526	2.1608836618414533
PRKDC-A-K1051	-0.05694227742678437	0.944648595340526	2.154151937038209
EP300-A-K1583	0.05694227742678437	0.944648595340526	2.147462024190264
PRKDC-A-K520	-0.05694227742678437	0.944648595340526	2.121112796899586
EP300-A-K1707	0.05694227742678437	0.944648595340526	2.1146262134228286
EP300-A-K1704	-0.05694227742678437	0.944648595340526	2.1081791822843448
MEN1-A-K507	-0.05694227742678437	0.944648595340526	2.0890718180944563
TOP2B-A-K1429	-0.05694227742678437	0.944648595340526	2.082779433100196
VCP-A-K502	0.05694227742678437	0.944648595340526	2.0641276769828805
ELL-A-K355	-0.05694227742678437	0.944648595340526	2.033772858203721
EP300-A-K1542	0.05694227742678437	0.944648595340526	2.0101243365967005
PRKDC-A-K1612	0.05694227742678437	0.944648595340526	2.0042978892442465
TIMELESS-A-K1142	0.05694227742678437	0.944648595340526	1.9985051207782227
TOP2B-A-K1481	-0.05694227742678437	0.944648595340526	1.9927457400267004
TOP2B-A-K221	-0.05694227742678437	0.944648595340526	1.975665062255043
NBN-A-K334	-0.05694227742678437	0.944648595340526	1.970036386864003
PCLAF-A-K93	-0.05694227742678437	0.944648595340526	1.9423673364866996
NBN-A-K544	0.05694227742678437	0.944648595340526	1.9369265316225912
ATRX-A-K1274	0.05193357046888861	0.9493919324090693	1.9412147891716165
MDC1-P-T1384	0.04613981493745595	0.9549084423927517	1.9416471661985952
TP53BP1-P-S639-S640	-0.04613981493745595	0.9549084423927517	1.9362686421925048
ATRX-P-S703	-0.04613981493745595	0.9549084423927517	1.9309198337886582
POLR2C-P-S124	0.04613981493745595	0.9549084423927517	1.9203103841524567
TP53BP1-P-S103	0.04613981493745595	0.9549084423927517	1.915049259812313
MDC1-P-T1157	-0.04613981493745595	0.9549084423927517	1.9046130240640171
MRE11-P-S649	-0.04613981493745595	0.9549084423927517	1.899437445194278
ATRX-P-S92-S112	0.04613981493745595	0.9549084423927517	1.894289918242532
SMARCA4-P-S695-S699	-0.04613981493745595	0.9549084423927517	1.8891702157607952
TP53BP1-P-S119	0.04613981493745595	0.9549084423927517	1.884078112753354
SMARCC1-P-T398	0.04613981493745595	0.9549084423927517	1.873975817242612
TP53BP1-P-S366	-0.04613981493745595	0.9549084423927517	1.8689651867152253
ABL1-P-S180	-0.04613981493745595	0.9549084423927517	1.8590238825305698
XPC-P-S397-S398-S399	-0.04613981493745595	0.9549084423927517	1.8491877773319954
SMARCC1-P-S328-S330-T335	-0.04613981493745595	0.9549084423927517	1.8394552100828796
MDC1-P-T1343	0.04613981493745595	0.9549084423927517	1.834627243652216
TOP2A-P-S1374-S1377	-0.04613981493745595	0.9549084423927517	1.8298245545327074
POLR2A-P-S1944	-0.04613981493745595	0.9549084423927517	1.8108626420505032
MDC1-P-S376	0.04613981493745595	0.9549084423927517	1.7831453567129956
TP53BP1-P-S398	0.04613981493745595	0.9549084423927517	1.7786080911742856
RBBP8-P-T315	0.04613981493745595	0.9549084423927517	1.7740938574403409
SOX4-P-S354	0.04613981493745595	0.9549084423927517	1.7696024805860615
ABL1-P-S809-T814	-0.04613981493745595	0.9549084423927517	1.7651337874532684
MDC1-P-S108	0.04613981493745595	0.9549084423927517	1.7518621048408378
PIAS1-P-S485	0.04613981493745595	0.9549084423927517	1.7474824495787358
XRCC1-P-S461	-0.04613981493745595	0.9549084423927517	1.7431246379837761
RAD9A-P-S336-T355	0.04613981493745595	0.9549084423927517	1.738788507043518
TP53BP1-P-S512	-0.04613981493745595	0.9549084423927517	1.7344738953635093
TP53BP1-P-S993	-0.04613981493745595	0.9549084423927517	1.7259085921765291
CDK7-P-S164	0.04613981493745595	0.9549084423927517	1.7132180878222898
TP53BP1-P-S525	-0.04613981493745595	0.9549084423927517	1.7090292905415507
ATRX-P-S54	0.04613981493745595	0.9549084423927517	1.684320433328902
MDC1-P-S793	0.04613981493745595	0.9549084423927517	1.6802715861333997
TP53BP1-P-S782	0.04613981493745595	0.9549084423927517	1.6762421578692908
KPNA2-P-S490	0.04613981493745595	0.9549084423927517	1.6682410019844731
ATRX-P-T674-S675-S677	0.04613981493745595	0.9549084423927517	1.6642689995987958
MDC1-P-S780	-0.04613981493745595	0.9549084423927517	1.6603158665831217
ATRX-P-S1253	-0.04613981493745595	0.9549084423927517	1.65638146879501
TOP2B-P-S1454	-0.04613981493745595	0.9549084423927517	1.6524656733605065
POLR2A-P-T1903	0.04613981493745595	0.9549084423927517	1.6485683486591847
TP53BP1-P-S784	-0.04613981493745595	0.9549084423927517	1.6446893643093983
MDC1-P-T1526	-0.04613981493745595	0.9549084423927517	1.6331611678305942
TOP2B-P-S1476	0.04613981493745595	0.9549084423927517	1.6143024938371693
TOP2B-P-S1473	0.04613981493745595	0.9549084423927517	1.6105829028375445
TP53BP1-P-S566	-0.04613981493745595	0.9549084423927517	1.606880413405734
TOP2A-P-S1525	0.04613981493745595	0.9549084423927517	1.5995262696372867
MSH6-P-S227	0.04613981493745595	0.9549084423927517	1.5958743831769275
ATRX-P-S675-S677	0.04613981493745595	0.9549084423927517	1.5922391340125155
MSH6-P-S219	0.04613981493745595	0.9549084423927517	1.574308513133996
TOP2B-P-S1466-S1476	-0.04613981493745595	0.9549084423927517	1.5707707411943692
MGMT-P-S14	0.04613981493745595	0.9549084423927517	1.567248833702902
USP7-P-S49-T54	0.04613981493745595	0.9549084423927517	1.563742684186788
RAD9A-P-S328	0.04613981493745595	0.9549084423927517	1.560252187123871
MAPK8-P-T183	-0.04613981493745595	0.9549084423927517	1.553317732958876
MEN1-P-S492	-0.04613981493745595	0.9549084423927517	1.5498735694711625
NFRKB-P-S347-S351	-0.04613981493745595	0.9549084423927517	1.5362483073219655
TP53BP1-P-T919	-0.04613981493745595	0.9549084423927517	1.5228605225087022
TP53BP1-P-S1288	-0.04613981493745595	0.9549084423927517	1.5162537523459745
MTOR-P-S2478	0.04613981493745595	0.9549084423927517	1.5129718178170872
ABL1-P-T852	0.04613981493745595	0.9549084423927517	1.5064503875678756
CLK2-P-S142	-0.04613981493745595	0.9549084423927517	1.4999849352607173
XRCC1-P-T257-S266	0.04613981493745595	0.9549084423927517	1.4777864267050618
MCM2-P-S40-S41	-0.04613981493745595	0.9549084423927517	1.4715641680663036
ATRX-P-S1073-S1076	-0.04613981493745595	0.9549084423927517	1.465394087697053
TP53BP1-P-T543-S552	-0.04613981493745595	0.9549084423927517	1.459275532007295
YY1-P-S118	0.04613981493745595	0.9549084423927517	1.4562353746489465
SMARCC1-P-S350	0.04613981493745595	0.9549084423927517	1.4501929042147184
VCP-P-S13	0.04613981493745595	0.9549084423927517	1.435303860023602
ATRX-P-S1244-S1245	-0.04613981493745595	0.9549084423927517	1.4064245067032077
MCM4-P-S32	0.04613981493745595	0.9549084423927517	1.947055654126725
TP53BP1-P-S78	0.04613981493745595	0.9549084423927517	1.9256004954035655
TP53BP1-P-S222	-0.04613981493745595	0.9549084423927517	1.9098168847855035
SMARCA4-P-S1659-S1663	0.04613981493745595	0.9549084423927517	1.8790133866438017
ERCC4-P-S521-S524	0.04613981493745595	0.9549084423927517	1.8639812795506514
KDM4B-P-T1065	0.04613981493745595	0.9549084423927517	1.8540927846989237
TOPBP1-P-S805	0.04613981493745595	0.9549084423927517	1.844308653908956
MDC1-P-T1466	-0.04613981493745595	0.9549084423927517	1.8250469447297502
TOP2B-P-T1317	0.04613981493745595	0.9549084423927517	1.820294218311183
TOP3A-P-S971	-0.04613981493745595	0.9549084423927517	1.8155661813805046
ELL-P-S442	0.04613981493745595	0.9549084423927517	1.8061834104172978
DTL-P-T516	0.04613981493745595	0.9549084423927517	1.8015282985347791
MDC1-P-T1485	-0.04613981493745595	0.9549084423927517	1.7968971203894455
TOP2B-P-S1526	0.04613981493745595	0.9549084423927517	1.7922896918756264
TFPT-P-S180	0.04613981493745595	0.9549084423927517	1.7877058307710851
KDM4B-P-S566	0.04613981493745595	0.9549084423927517	1.7606876066284491
MDC1-P-T1425	0.04613981493745595	0.9549084423927517	1.75626376842084
MGMT-P-S201	0.04613981493745595	0.9549084423927517	1.730180643147263
TP53BP1-P-S630	-0.04613981493745595	0.9549084423927517	1.721657585791858
KAT5-P-S199-S202	0.04613981493745595	0.9549084423927517	1.7174274688734503
TOP2B-P-S1552	-0.04613981493745595	0.9549084423927517	1.7048609264182788
TOP2B-P-S1550	0.04613981493745595	0.9549084423927517	1.700712846305339
TOP2A-P-S1332	-0.04613981493745595	0.9549084423927517	1.6965849025036268
XRCC1-P-T453	0.04613981493745595	0.9549084423927517	1.6924769487445381
PIAS4-P-T98	0.04613981493745595	0.9549084423927517	1.6883888401726914
TOP2B-P-S1342	-0.04613981493745595	0.9549084423927517	1.6722320091662541
CDK7-P-T170	0.04613981493745595	0.9549084423927517	1.6408285911537424
RRM2B-P-S20	0.04613981493745595	0.9549084423927517	1.6369859012447172
DTL-P-S485	-0.04613981493745595	0.9549084423927517	1.6293542653414785
TP53BP1-P-S294-S310	-0.04613981493745595	0.9549084423927517	1.625565069375568
MCM3-P-S704	0.04613981493745595	0.9549084423927517	1.6217934566856016
MDC1-P-S402-T404	0.04613981493745595	0.9549084423927517	1.618039305165496
TP53BP1-P-S208	0.04613981493745595	0.9549084423927517	1.6031949078703998
ATRX-P-S1073	0.04613981493745595	0.9549084423927517	1.5886204087079414
CLK2-P-S76	0.04613981493745595	0.9549084423927517	1.585018094855996
TIMELESS-P-S1149	0.04613981493745595	0.9549084423927517	1.581432081066729
CDK1-P-T14-Y15	0.04613981493745595	0.9549084423927517	1.577862256955969
POLA1-P-T412	-0.04613981493745595	0.9549084423927517	1.5567772379320586
PIAS1-P-S503	0.04613981493745595	0.9549084423927517	1.5464446456448988
SMARCA4-P-S1453	0.04613981493745595	0.9549084423927517	1.543030860555175
TOP2B-P-S1400-T1403-S1413	-0.04613981493745595	0.9549084423927517	1.539632114166287
PER1-P-S645	0.04613981493745595	0.9549084423927517	1.5328793417357331
PARG-P-S197-T199	0.04613981493745595	0.9549084423927517	1.529525119981388
MTOR-P-S1261	-0.04613981493745595	0.9549084423927517	1.526185545483612
SMARCA4-P-S1449	-0.04613981493745595	0.9549084423927517	1.5195499561554222
RAD9A-P-S375-S380	0.04613981493745595	0.9549084423927517	1.5097040601112188
KDM4B-P-S622	0.04613981493745595	0.9549084423927517	1.5032107093150415
EP300-P-S1726	-0.04613981493745595	0.9549084423927517	1.4967729760845703
NBN-P-S397	-0.04613981493745595	0.9549084423927517	1.4935747432296886
TP53BP1-P-S727	-0.04613981493745595	0.9549084423927517	1.490390148894444
ABL1-P-S16	-0.04613981493745595	0.9549084423927517	1.487219106024456
POLR2A-P-S1882	-0.04613981493745595	0.9549084423927517	1.4840615283046588
TP53BP1-P-S1114	0.04613981493745595	0.9549084423927517	1.4809173301514709
MCM2-P-S381	0.04613981493745595	0.9549084423927517	1.474668733821718
TP53BP1-P-T1372	-0.04613981493745595	0.9549084423927517	1.46847264670482
TOP2B-P-S1522-S1524	0.04613981493745595	0.9549084423927517	1.4623284096893185
TP53BP1-P-S1104	-0.04613981493745595	0.9549084423927517	1.453207858277535
TP53BP1-P-S1342	-0.04613981493745595	0.9549084423927517	1.4471904344337356
WEE1-P-S165	0.04613981493745595	0.9549084423927517	1.4442003715526741
MNAT1-P-S279	0.04613981493745595	0.9549084423927517	1.4412226388278233
ATRX-P-S213	0.04613981493745595	0.9549084423927517	1.4382571601471075
TP53BP1-P-S1460-S1462	0.04613981493745595	0.9549084423927517	1.4323626635891276
XRCC5-P-S318	-0.04613981493745595	0.9549084423927517	1.4294334965879227
NFRKB-P-S209-S210	-0.04613981493745595	0.9549084423927517	1.4265162853703965
SMARCA4-P-S1449-S1453	-0.04613981493745595	0.9549084423927517	1.4236109568869537
POLA1-P-T225	-0.04613981493745595	0.9549084423927517	1.4207174386818988
SMARCA4-P-S699	0.04613981493745595	0.9549084423927517	1.4178356588874124
DDB2-P-T148	-0.04613981493745595	0.9549084423927517	1.4149655462175996
TP53BP1-P-S659-S660-S662	-0.04613981493745595	0.9549084423927517	1.4121070299626146
MCM3-P-S668-S672-T674	-0.04613981493745595	0.9549084423927517	1.4092600399828514
POLR2A-P-S1910-S1920	0.04613981493745595	0.9549084423927517	1.4036003611074181
SUMO1-P-S2	-0.04613981493745595	0.9549084423927517	1.4007875347324534
EP300-P-T1906-T1909	-0.04613981493745595	0.9549084423927517	1.3979859596629884
SMARCA4-P-S695	0.04613981493745595	0.9549084423927517	1.3951955685259367
TOP2B-P-S1457-S1461-S1466	0.04512806531637601	0.9558750595523257	1.393825784048411
MTOR-P-S2448	0.04512806531637601	0.9558750595523257	1.3910547586328077
PTEN-P-T383-S385	0.04463264189886178	0.9563487397674927	1.3889826934718346
TCEA1-A-K265	-0.04320952277123986	0.9577107068425684	1.388206410710416
PARG-P-S133	-0.04032358603206673	0.9604785914057631	1.3894670531798787
RAD9A-P-S336-S341-T355	0.03841072838660269	0.9623176085508905	1.3893816360143036
TP53BP1-P-S1631	-0.038389889991554516	0.9623376619143186	1.386675528585199
TP53BP1-P-S349	-0.038389889991554516	0.9623376619143186	1.3812375853358454
ATRX-P-S729	-0.038389889991554516	0.9623376619143186	1.3758421260181273
POLR2A-P-S1861-S1868	0.038389889991554516	0.9623376619143186	1.3704886547106638
MCM4-P-T23	0.038389889991554516	0.9623376619143186	1.3678275116918082
TP53BP1-P-T1609	0.038389889991554516	0.9623376619143186	1.3625361093254955
TOP2B-P-S1424	-0.038389889991554516	0.9623376619143186	1.354675324079387
XPC-P-S515	-0.038389889991554516	0.9623376619143186	1.3520751795034187
PTEN-P-S294	-0.038389889991554516	0.9623376619143186	1.3494849971672054
XRCC1-P-S226	0.038389889991554516	0.9623376619143186	1.3469047199259678
MDC1-P-T1321	0.038389889991554516	0.9623376619143186	1.3443342910711473
PRKDC-P-T2603	-0.038389889991554516	0.9623376619143186	1.3366815341959795
XRCC1-P-S266	-0.038389889991554516	0.9623376619143186	1.3316279178096053
RRM2B-P-S329	0.038389889991554516	0.9623376619143186	1.3266123700965746
MSH6-P-S200	-0.038389889991554516	0.9623376619143186	1.3191594916128861
ABL1-P-T814	0.038389889991554516	0.9623376619143186	1.3142372547038828
TP53BP1-P-S809	-0.038389889991554516	0.9623376619143186	1.3093516143518238
TP53BP1-P-S1067	-0.038389889991554516	0.9623376619143186	1.306922390577516
MDC1-P-S1814	0.038389889991554516	0.9623376619143186	1.3045021639282985
XPC-P-S883-S884	-0.038389889991554516	0.9623376619143186	1.2996885028067917
SMARCC1-P-S310	0.038389889991554516	0.9623376619143186	1.2972949696524514
UBA7-P-S485	0.038389889991554516	0.9623376619143186	1.294910236252355
PARG-P-S261	-0.038389889991554516	0.9623376619143186	1.2901669753137017
ATRX-P-S1348-S1352	-0.038389889991554516	0.9623376619143186	1.2854583367176664
TCEA1-P-S81	-0.038389889991554516	0.9623376619143186	1.2784594710005104
WEE1-P-S270	0.038389889991554516	0.9623376619143186	1.276143421234205
PARG-P-S286	-0.038389889991554516	0.9623376619143186	1.2738357477780853
XPC-P-S903	0.038389889991554516	0.9623376619143186	1.2715364052730707
TOP2B-P-S1441-S1452	-0.038389889991554516	0.9623376619143186	1.383951215169511
RBBP8-P-S549	0.038389889991554516	0.9623376619143186	1.3785345763625854
WEE1-P-S139	0.038389889991554516	0.9623376619143186	1.3731601725561036
XRCC6-P-S324	0.038389889991554516	0.9623376619143186	1.3651766831807775
ATRX-P-S1012-S1013	0.038389889991554516	0.9623376619143186	1.359905730736064
ATRX-P-S889	0.038389889991554516	0.9623376619143186	1.3572854884803105
ATRX-P-T977-S978	-0.038389889991554516	0.9623376619143186	1.3417736543262497
TOPBP1-P-S888	0.038389889991554516	0.9623376619143186	1.33922275384274
MSH6-P-S14	0.038389889991554516	0.9623376619143186	1.3341499403812143
XRCC6-P-S27	-0.038389889991554516	0.9623376619143186	1.329115412304304
NBN-P-S673	0.038389889991554516	0.9623376619143186	1.324118737821957
PIAS1-P-S510	0.038389889991554516	0.9623376619143186	1.3216344625164749
TIMELESS-P-S1121	0.038389889991554516	0.9623376619143186	1.316693772936974
ABL1-P-Y393	0.038389889991554516	0.9623376619143186	1.31178988551449
SMARCC1-P-S816	-0.038389889991554516	0.9623376619143186	1.3020908845125345
TP53BP1-P-S1362	0.038389889991554516	0.9623376619143186	1.2925342541674885
MEN1-P-S548	-0.038389889991554516	0.9623376619143186	1.2878083519584664
MCM4-P-S131	-0.038389889991554516	0.9623376619143186	1.2831168825524246
WRN-P-S478	0.038389889991554516	0.9623376619143186	1.2807839427659657
YWHAE-P-S210	-0.038389889991554516	0.9623376619143186	1.269245348686993
TIMELESS-P-S1173	0.038389889991554516	0.9623376619143186	1.2669625333116568
TP53BP1-P-S1635-T1638	-0.038389889991554516	0.9623376619143186	1.2646879147599304
TFPT-P-T207	0.038389889991554516	0.9623376619143186	1.2624214489628696
POLR2A-P-S1910	0.037964296283574644	0.9627473139346592	1.2606995237927916
MCM4-P-S406	0.037964296283574644	0.9627473139346592	1.2517425111903562
MCM3-P-S672-T674-S681	-0.037964296283574644	0.9627473139346592	1.2495231095747703
MCM2-P-S41	0.037964296283574644	0.9627473139346592	1.2473115642480894
TIMELESS-P-S962	-0.037964296283574644	0.9627473139346592	1.242911876190777
XPC-P-S94	-0.037964296283574644	0.9627473139346592	1.2385431173992452
ATR-P-S435-S436	-0.037964296283574644	0.9627473139346592	1.2342049628724527
POLR2A-P-S1875-S1882	-0.037964296283574644	0.9627473139346592	1.2298970921468944
MDC1-P-T1302	-0.037964296283574644	0.9627473139346592	1.2256191892176878
MDC1-P-T1548	0.037964296283574644	0.9627473139346592	1.223491378125296
PIAS1-P-S488	0.037964296283574644	0.9627473139346592	1.2213709424613006
ATRX-P-S92	0.037964296283574644	0.9627473139346592	1.2192578439449318
SMARCA4-P-S1602-S1607-S1618	-0.037964296283574644	0.9627473139346592	1.2129621924271436
TP53BP1-P-S316	0.037964296283574644	0.9627473139346592	1.2046684338464453
TP53BP1-P-S552	0.037964296283574644	0.9627473139346592	1.20261268566582
TOP2B-P-S1236	-0.037964296283574644	0.9627473139346592	1.1985221663268206
TOP2B-P-S1375	-0.037964296283574644	0.9627473139346592	1.1924382974622174
TOP1-P-S394	-0.037964296283574644	0.9627473139346592	1.184421905546505
PARP1-P-T368	0.037964296283574644	0.9627473139346592	1.1804539929651097
ATRX-P-S784	0.037964296283574644	0.9627473139346592	1.178479989632392
PRKDC-P-S2695	0.037964296283574644	0.9627473139346592	1.1765125772957772
XRCC6-P-S6	-0.037964296283574644	0.9627473139346592	1.1745517230002842
MSH6-P-S261	0.037964296283574644	0.9627473139346592	1.172597394010267
TP53BP1-P-S1430	0.037964296283574644	0.9627473139346592	1.168708182089835
MDC1-P-T1198	0.037964296283574644	0.9627473139346592	1.1667732347684943
XRCC5-P-S695	-0.037964296283574644	0.9627473139346592	1.164844683967224
VCP-P-S718	-0.037964296283574644	0.9627473139346592	1.2584482746431616
TFPT-P-S249-S252	0.037964296283574644	0.9627473139346592	1.2562050513372023
NFRKB-P-S1291	-0.037964296283574644	0.9627473139346592	1.2539698110323318
RBBP8-P-S568	0.037964296283574644	0.9627473139346592	1.2451078335692058
XRCC6-P-S560	-0.037964296283574644	0.9627473139346592	1.2407236510566382
TOP2B-P-S1522	0.037964296283574644	0.9627473139346592	1.2363702347371412
MDC1-P-S485	0.037964296283574644	0.9627473139346592	1.23204726188841
TOP2A-P-S1374	-0.037964296283574644	0.9627473139346592	1.2277544142860113
DTL-P-S697	-0.037964296283574644	0.9627473139346592	1.21715204455988
PER1-P-S704	0.037964296283574644	0.9627473139346592	1.215053506552018
XRCC1-P-S461-S485-T488	-0.037964296283574644	0.9627473139346592	1.2108780649487465
MNAT1-P-T51	0.037964296283574644	0.9627473139346592	1.2088010871357984
VCP-P-S770	-0.037964296283574644	0.9627473139346592	1.206731222260566
EP300-P-T1906	-0.037964296283574644	0.9627473139346592	1.2005639417379395
SMARCC1-P-S830	0.037964296283574644	0.9627473139346592	1.196487323939169
MSH6-P-S274-S275	0.037964296283574644	0.9627473139346592	1.1944593793223228
ATRX-P-S1061	0.037964296283574644	0.9627473139346592	1.190424043581369
TTK-P-S281	0.037964296283574644	0.9627473139346592	1.1884165831368811
TOP2B-P-S1550-S1552	0.037964296283574644	0.9627473139346592	1.186415881818469
SMARCC1-P-S822	0.037964296283574644	0.9627473139346592	1.1824346204700849
YWHAE-P-S233	0.037964296283574644	0.9627473139346592	1.1706495578075922
APBB1-P-S517	-0.037964296283574644	0.9627473139346592	1.1629224980200834
MCM4-P-S326	-0.037964296283574644	0.9627473139346592	1.1610066454698031
MDC1-P-S453	0.03627948078336584	0.9643707327285141	1.161051605850777
VCP-P-S3	0.031848542818516255	0.9686532804653494	1.1604815078570143
TOP2B-P-T1403	-0.031848542818516255	0.9686532804653494	1.1585852962428689
TP53BP1-P-S1618	0.031848542818516255	0.9686532804653494	1.1566952712897811
CDK7-P-S321	0.031848542818516255	0.9686532804653494	1.1548114027697651
TOP2B-P-S1522-S1524-S1526	-0.031848542818516255	0.9686532804653494	1.1491964364678051
TCEA1-P-S135	0.031848542818516255	0.9686532804653494	1.14548336235967
TOP2B-P-S1413	-0.031848542818516255	0.9686532804653494	1.1436358085494125
SMARCC1-P-S822-S825	-0.031848542818516255	0.9686532804653494	1.1417942049929724
MDC1-P-T1567	0.031848542818516255	0.9686532804653494	1.1381287340299129
XRCC1-P-S485	-0.031848542818516255	0.9686532804653494	1.1344867220810173
MDC1-P-S1775	-0.031848542818516255	0.9686532804653494	1.1326744429722617
MSH6-P-S252-S254-S256	0.031848542818516255	0.9686532804653494	1.1308679446581114
MCM6-P-S13	0.031848542818516255	0.9686532804653494	1.1290671995233055
PARG-P-S261-S264	0.031848542818516255	0.9686532804653494	1.1254828592073585
EP300-P-S2326-S2328	-0.031848542818516255	0.9686532804653494	1.1201488172205936
TOP2A-P-S1351-S1354	0.031848542818516255	0.9686532804653494	1.1131149156995852
XRCC1-P-S461-S485	0.031848542818516255	0.9686532804653494	1.1113702214743508
APBB1-P-S205	-0.031848542818516255	0.9686532804653494	1.1010158405289376
TP53BP1-P-S1462	-0.031848542818516255	0.9686532804653494	1.099308839225792
EP300-P-S2309	-0.031848542818516255	0.9686532804653494	1.0976071227564022
ATRX-P-S819	0.031848542818516255	0.9686532804653494	1.1642926129731295
KAT5-P-T158	-0.031848542818516255	0.9686532804653494	1.1623839365584192
ATRX-P-S849-S850	-0.031848542818516255	0.9686532804653494	1.1529336606514402
TP53BP1-P-S265	-0.031848542818516255	0.9686532804653494	1.1510620150984348
RBBP8-P-S593	-0.031848542818516255	0.9686532804653494	1.1473368953084722
MDC1-P-T1444	-0.031848542818516255	0.9686532804653494	1.1399585229913758
TP53BP1-P-S640	-0.031848542818516255	0.9686532804653494	1.13630480977666
PIAS1-P-T480	0.031848542818516255	0.9686532804653494	1.1272721801281969
SMARCA4-P-T1455	-0.031848542818516255	0.9686532804653494	1.1236992096682026
PARG-P-S197	0.031848542818516255	0.9686532804653494	1.1219212045896136
MSH6-P-S309	-0.031848542818516255	0.9686532804653494	1.1183820209789208
RUVBL2-P-S220	0.031848542818516255	0.9686532804653494	1.1166207894498201
SIRT6-P-S326	-0.031848542818516255	0.9686532804653494	1.1148650963846474
POLR2A-P-S1875	-0.031848542818516255	0.9686532804653494	1.1096309879509167
NFRKB-P-T1035	0.031848542818516255	0.9686532804653494	1.1078971895322434
MPG-P-T67	0.031848542818516255	0.9686532804653494	1.106168800781023
POLR2A-P-S1861	-0.031848542818516255	0.9686532804653494	1.1044457964184358
DTL-P-S485-S490	-0.031848542818516255	0.9686532804653494	1.1027281513229172
TOP2B-P-S1336-S1340	-0.031848542818516255	0.9686532804653494	1.0959106666161296
TP53BP1-P-S127	0.030324508634354656	0.9701306666849718	1.0941997658141747
ATRX-P-S978	-0.030324508634354656	0.9701306666849718	1.092516381559076
RAD9A-P-S375	0.030324508634354656	0.9701306666849718	1.0891651043150299
ATRX-P-S598	0.030324508634354656	0.9701306666849718	1.0874971638796316
NFRKB-P-S298	0.030324508634354656	0.9701306666849718	1.0958883456996904
TP53BP1-P-T591	-0.030324508634354656	0.9701306666849718	1.0908381689913969
MDC1-P-S495-S498	0.029453181338551217	0.9709763363893953	1.0867808535734516
TOP2A-P-S1332-S1337	-0.028963258173624478	0.9714521567373762	1.0856534026439073
TERF2-A-K297	-0.027391812111904612	0.9729799415045101	1.0840507110826505
CDA-A-K11	0.027391812111904612	0.9729799415045101	1.0774906462652063
YWHAE-A-K78	0.027391812111904612	0.9729799415045101	1.0630168913153752
UBA7-A-K429	-0.027391812111904612	0.9729799415045101	1.0614326634594655
TOP2B-A-K1322	-0.027391812111904612	0.9729799415045101	1.0598531505674127
TOP2B-A-K1318	0.027391812111904612	0.9729799415045101	1.0582783316215474
XRCC6-A-K468	0.027391812111904612	0.9729799415045101	1.0567081857289338
EP300-A-K14	0.027391812111904612	0.9729799415045101	1.053581830149854
YWHAE-A-K50	0.027391812111904612	0.9729799415045101	1.0504739191464623
PRKDC-A-K2829	0.027391812111904612	0.9729799415045101	1.0489268294275427
YWHAG-A-K69	0.027391812111904612	0.9729799415045101	1.042783773325478
SUMO2-A-K33	0.027391812111904612	0.9729799415045101	1.0857032274105205
SOD1-A-K10	0.027391812111904612	0.9729799415045101	1.082403217600762
PRKDC-A-K2359	0.027391812111904612	0.9729799415045101	1.0807607240990917
NBN-A-K233	0.027391812111904612	0.9729799415045101	1.0791232078504567
EP300-A-K1340	0.027391812111904612	0.9729799415045101	1.0758630168901835
EP300-A-K636	-0.027391812111904612	0.9729799415045101	1.0742402974076943
RUVBL1-A-K2	0.027391812111904612	0.9729799415045101	1.07262246563449
SUMO1-A-K16	0.027391812111904612	0.9729799415045101	1.071009499520754
TP53BP1-A-K1360	-0.027391812111904612	0.9729799415045101	1.069401377149101
YWHAE-A-K118	-0.027391812111904612	0.9729799415045101	1.0677980767335853
EP300-A-K1554-K1555	0.027391812111904612	0.9729799415045101	1.0661995766187147
XRCC6-A-K392	-0.027391812111904612	0.9729799415045101	1.0646058552784774
XRCC5-A-K702	0.027391812111904612	0.9729799415045101	1.0551426921204465
NFRKB-A-K1191	0.027391812111904612	0.9729799415045101	1.052025579292912
TOP2B-A-K1485	0.027391812111904612	0.9729799415045101	1.047384289972502
SOD1-A-K92	-0.027391812111904612	0.9729799415045101	1.0458462807361255
VCP-A-K109	0.027391812111904612	0.9729799415045101	1.0443127817907645
MDC1-P-S299-T301	0.026561693821486043	0.973787965281421	1.0421239628450294
ATRX-P-S962	-0.026561693821486043	0.973787965281421	1.0390857005626823
TP53BP1-P-T1638	0.026561693821486043	0.973787965281421	1.0375732031819507
ELL-P-S319	0.026561693821486043	0.973787965281421	1.0360651025959304
NBN-P-S488	0.026561693821486043	0.973787965281421	1.0330620153420291
SMARCC1-P-S330	0.026561693821486043	0.973787965281421	1.0315669907178004
POLR2A-P-S1966	-0.026561693821486043	0.973787965281421	1.0300762869739886
PRKDC-P-T2603-S2612	0.026561693821486043	0.973787965281421	1.0406026139941607
MDC1-P-S402	-0.026561693821486043	0.973787965281421	1.0345613796603774
POLR2A-P-S1845	0.026561693821486043	0.973787965281421	1.0285898854054836
EP300-A-K1180	-0.022231013236573668	0.9780142747092841	1.0315654885982652
XRCC6-A-K591	0.022231013236573668	0.9780142747092841	1.0300812217081958
TP53BP1-P-S771	-0.02144855441286142	0.9787798300769645	1.02940637301198
TOP2A-A-K1433	-0.0192903436456286	0.9808945244021864	1.0301503470048787
XRCC1-A-K431	-0.015764691490310265	0.9843589208360609	1.0323076361776455
APEX1-A-K24	-0.015764691490310265	0.9843589208360609	1.0308308012188792
EP300-A-K1546	-0.01543902290446237	0.9846795478200108	1.0296934700060685
PARP1-A-K108	-0.01543902290446237	0.9846795478200108	1.0282245777521368
UNG-P-S14	0.014973774223424713	0.985137775267471	1.0272376801934313
EP300-P-S12	-0.014644904769695344	0.9854618102691579	1.026113862186378
TOP2A-P-T1343	-0.014644904769695344	0.9854618102691579	1.0246563140866813
TP53BP1-P-S1634	-0.013003920067908493	0.9870802655910311	1.0248833395923898
TP53BP1-P-S1101-S1104	0.013003920067908493	0.9870802655910311	1.0219840939358342
MAPK8-P-Y185	0.013003920067908493	0.9870802655910311	1.0234316634739868
NBN-P-S509	-0.011000243890322628	0.9890600375531676	1.022587496453275
CDK1-P-S39	-0.011000243890322628	0.9890600375531676	1.0211452009716766
TOP2B-P-S1457	-0.010697230238162232	0.989359781658337	1.0200160002449334
MSH6-P-S219-S227	-0.010697230238162232	0.989359781658337	1.0185813785849545
XRCC5-P-S341	-0.010697230238162232	0.989359781658337	1.0171507867610992
ATRX-P-S731	0.010300148067062519	0.9897527167970427	1.0161276138785909
CDK1-P-T161	0.010300148067062519	0.9897527167970427	1.0147044659599933
TP53BP1-P-S999-S1002	0.010300148067062519	0.9897527167970427	1.0132852988747347
MTOR-P-S2478-S2481	-0.010300148067062519	0.9897527167970427	1.0118700959433453
TCEA1-P-S57	-0.009826880286953837	0.9902212457292564	1.0109371713721278
ATRX-P-S594	0.00796865548132187	0.9920630100872748	1.0071985067737659
MDC1-P-S372-S376	-0.00796865548132187	0.9920630100872748	1.01140685708062
TOP2A-P-S1106	-0.00796865548132187	0.9920630100872748	1.0100001716048472
POLR2A-P-S1857	-0.00796865548132187	0.9920630100872748	1.0085973935887294
TP53BP1-P-S124-S127	0.007788803768540231	0.9922414503647401	1.005984406740983
VCP-P-S7	0.006373438452236506	0.9936468288263393	1.0046263517967962
TOP2B-P-S1613	0.006373438452236506	0.9936468288263393	1.0032406602770763
CDK1-P-Y19	-0.006373438452236506	0.9936468288263393	1.0018587860893668
MSH6-P-S79	-0.006373438452236506	0.9936468288263393	1.006015876488078
KAT5-P-S190	-0.006109573995658951	0.9939090515009579	0.9993700902454685
TOP2B-P-S1452	-0.006109573995658951	0.9939090515009579	0.9966320899982207
RCHY1-P-S257	0.006109573995658951	0.9939090515009579	0.9952687082061574
WEE1-P-S127	0.006109573995658951	0.9939090515009579	1.0007447396130689
TP53BP1-P-S294	-0.006109573995658951	0.9939090515009579	0.997999212206723
ABL1-P-Y185	-5.62090593055229E-4	0.999438067350268	0.9994380673502681

Data type: org.panda.causalpath.data.ProteinData
Row ID	Change amount	P-value	Q-value
MLH1-G	-58.03647534782268	6.238483163269236E-26	9.54487923980193E-24
MRE11-G	-33.59548019190615	2.5684335591051576E-15	1.9648516727154455E-13
PMS2-G	-29.47787767979514	1.5773220896357525E-13	8.044342657142338E-12
RRM1-G	21.382670117935394	5.171593243861353E-10	1.9781344157769674E-8
NBN-G	-15.793972844427389	1.3828171156653545E-7	4.231420373935985E-6
MCM7-G	10.23719904723885	3.58130198669931E-5	9.132320066083241E-4
MCM5-G	9.245236335246613	9.657058799129937E-5	0.002110757137524115
TOP3A-G	8.978327028891956	1.261136556167356E-4	0.002411923663670068
MCM3-G	8.645802977179748	1.7586340412571573E-4	0.0029896778701371672
MCM4-G	8.625999452586305	1.7938083316608865E-4	0.002744526747441156
MCM6-G	8.134138176441413	2.933517443085794E-4	0.003740234739934388
RFC2-G	8.134138176441413	2.933517443085794E-4	0.004080256079928423
MCM2-G	7.976500830527498	3.434390739223191E-4	0.004042013716162678
RRM2-G	7.340596181384583	6.486636844297229E-4	0.007088967408410543
RFC3-G	7.074790307336119	8.461699708767938E-4	0.008630933702943296
ATM-G	-6.967974901565986	9.415577235349157E-4	0.00900364573130263
FANCI-G	6.527562110771779	0.0014625670836149695	0.013163103752534724
PARP1-G	6.12944256265457	0.002177794606462285	0.01851125415492942
FEN1-G	6.096028745144912	0.002251792428223386	0.018132854816746213
CDK1-G	5.185799301122522	0.005595462368059472	0.042805287115654955
SMUG1-G	-4.4846804510528795	0.011280491614086062	0.08218643890262703
TYMS-G	4.4846804510528795	0.011280491614086062	0.07845069167978035
FANCD2-G	4.4846804510528795	0.011280491614086062	0.07503979204152902
PCNA-G	4.39353475542953	0.012356973054732722	0.0787757032239211
VCP-G	-4.314685117570386	0.013370759040428178	0.08182904532742045
DHFR-G	4.141148207499181	0.01590457925917791	0.0935923317943931
POLA1-G	3.8137545603393823	0.022065178195921797	0.12503600977689017
HLTF-G	3.7946680288712487	0.022490370731356634	0.12289381149634161
POLD1-G	3.787036990200378	0.022662652127092234	0.11956502673948662
CCNA2-G	3.4808642132999155	0.030780798359570004	0.15698207163380704
KPNA2-G	3.43629366256829	0.03218374837895214	0.1588423710316025
MCM8-G	3.285778863727458	0.03741143533306235	0.17887342518620436
POLE3-G	3.193868914652373	0.041012888227907315	0.19015066360211574
PRKDC-G	-3.116589131491658	0.04430803986994224	0.19938617941474007
ATRX-G	-2.862449096201816	0.057128675173172244	0.2497339228998672
SUMO2-G	-2.4773648677325655	0.08396419107690846	0.35684781207686095
TIMELESS-G	2.465765027068256	0.08494383317631182	0.3512542290804246
POLK-G	2.3686663455697494	0.09360548043377748	0.37688522385178824
POLR2H-G	2.2747100063866608	0.10282672320504112	0.4033971448813152
PARG-G	-2.2723880663759157	0.10306575809276511	0.39422652470482655
CDK2-G	2.1567306893110296	0.11570277168124819	0.43176887968856037
CHEK1-G	1.9666272863662988	0.13992799832241387	0.5097377081745077
USP7-G	-1.709946655493123	0.18087544107098388	0.6435800577641985
TDG-G	1.4731884114683138	0.2291935555993064	0.7969685001521337
TOP2A-G	1.4279702843482782	0.23979514458845497	0.8153034916007469
RCHY1-G	1.3208607018715621	0.26690547703105183	0.8877508257771941
RECQL4-G	1.234373334821167	0.2910170755049027	0.9086859704540838
DTL-G	1.234373334821167	0.2910170755049027	0.9276169281718772
DDB2-G	1.234373334821167	0.2910170755049027	0.9473534585585129
GTF2H1-G	-1.1874916303334089	0.30498532132583167	0.9332550832570449
YY1-G	1.180331238574934	0.30717697288494533	0.903809170219166
YWHAE-G	1.180331238574934	0.30717697288494533	0.9215309186548359
KDM4B-G	1.107517425232903	0.3303781322423351	0.9537330987373069
ACTL6A-G	-1.1048244582486149	0.33126902868374236	0.9385955812706034
POLR2A-G	1.0819739829142478	0.3389258310798371	0.9428300391857286
RAD51-G	1.0717827226411318	0.34239757310253927	0.935479083655152
TCEA1-G	1.0686828057729474	0.34346062394836885	0.9219206221772006
SUMO1-G	-0.9899692992328925	0.37158809888661354	0.9802237780974461
EP300-G	0.9026419188575168	0.40549695331523694	1.051542946732733
RRM2B-G	-0.8730754641917314	0.4176650580526798	1.0650458980343334
MSH2-G	-0.8548353140861084	0.4253532350007253	1.0668695894280487
CLK2-G	-0.8459394433262292	0.42915400291172257	1.059041329766025
POLB-G	-0.7710965924636424	0.462505609958305	1.1232279098987408
CHEK2-G	0.7505725327015188	0.47209618484708255	1.1112417889477482
WEE1-G	0.7505725327015188	0.47209618484708255	1.1286049419000568
ERCC1-G	0.7252918170145487	0.48418325542542634	1.1224248193953066
UBA7-G	-0.6837667194404735	0.5047122977686663	1.1356026699794992
BLM-G	-0.6837667194404735	0.5047122977686663	1.1191446602696513
TP53BP1-G	-0.6837667194404735	0.5047122977686663	1.1525519635612826
MPG-G	0.6499189733977538	0.5220880780702665	1.1411353706392966
GMNN-G	0.6359231168770446	0.5294465216459736	1.109661887833342
ERCC2-G	-0.6359231168770446	0.5294465216459736	1.1250738584976938
ABL1-G	-0.6359231168770446	0.5294465216459736	1.14091996918076
WRN-G	0.625102966653729	0.5352063172781841	1.1065752235616508
RBBP8-G	-0.6243205838792605	0.5356252173303336	1.0926754433538806
MSH6-G	-0.5784683243787805	0.5607566063485193	1.1288915890963613
MNAT1-G	0.5370051322168925	0.5844961223540119	1.1614013859761536
PTEN-G	-0.513540255510716	0.5983734297217012	1.1737324967617984
APEX1-G	-0.47984662287280266	0.6188783063038039	1.198587099550405
TP53-G	-0.46586566546370567	0.6275915856095434	1.1854507728180266
TFPT-G	-0.46586566546370567	0.6275915856095434	1.2002689074782518
CDK4-G	0.45177316725939914	0.6364985320578314	1.1876131146932707
BARD1-G	0.4375774447420378	0.645598526280465	1.190079211095315
PCLAF-G	0.42728239328291995	0.6522793269166207	1.1880802025981307
MAPK8-G	0.42728239328291995	0.6522793269166207	1.1741027884499173
RUVBL2-G	0.4022548211115323	0.668810296991022	1.1898601795305392
POLR2F-G	-0.4022548211115323	0.668810296991022	1.1761836257428318
APBB1-G	-0.4013983982702621	0.6693833267487039	1.1638141930971784
TERF2-G	0.39055845500904585	0.6766788742530814	1.163279413041814
UBE2I-G	-0.3851409117306674	0.6803547594830424	1.1438931670429173
HRAS-G	0.3851409117306674	0.6803547594830424	1.156603091121172
CDK7-G	0.3851409117306674	0.6803547594830424	1.131459545662016
CDA-G	0.36453278373295867	0.6945210666260506	1.1425991741267283
MTOR-G	-0.33183378990376433	0.7176065864025511	1.1680192310594715
DDX11-G	-0.33183378990376433	0.7176065864025511	1.1557242917851613
PIAS1-G	-0.33183378990376433	0.7176065864025511	1.13189492494423
MDC1-G	0.33183378990376433	0.7176065864025511	1.1436854970790657
POLR2B-G	0.3040301180444669	0.7378386438588572	1.1519317603102568
TTK-G	-0.299775888805521	0.7409842649435406	1.14515750036729
POLR2G-G	0.28012766795068783	0.755687258253328	1.156201505127592
PER1-G	-0.28012766795068783	0.755687258253328	1.1447539654728633
BABAM2-G	-0.27281208883291425	0.7612358189010839	1.141853728351626
CCNH-G	-0.27281208883291425	0.7612358189010839	1.1307677698239402
SOD1-G	0.26921698558141766	0.7639774655672648	1.1239283868441492
COPS5-G	0.26921698558141766	0.7639774655672648	1.113224306969443
ERCC3-G	0.25779380649864986	0.7727545526478282	1.1153910052369596
GTF2H5-G	-0.2465985611887601	0.7814543366728517	1.117406668326601
POLR2L-G	0.24343213274039927	0.78393267758947	1.1105712932517493
UNG-G	0.22895523973707657	0.7953641334160889	1.1164285542446017
YWHAG-G	-0.2041862316972096	0.815310520386051	1.13402281471878
PIAS3-G	0.20007748684155274	0.8186673146756962	1.1284333256340677
BRCA2-G	0.18722697284166717	0.8292554965470271	1.1328222408187067
MGMT-G	-0.14806472853253524	0.8623752928482231	1.1676408832369747
TOPBP1-G	0.1322067416526689	0.8761598376207905	1.1656735230954864
ELL-G	-0.1322067416526689	0.8761598376207905	1.1758987294384293
XRCC5-G	-0.1262565977579622	0.8813886554116858	1.1625212437757582
XPA-G	0.11040100548239246	0.895474972914815	1.171005733811681
XRCC6-G	-0.08396477846948079	0.9194636404414813	1.192185906674124
TOP2B-G	0.07544903147253092	0.9273269938208759	1.1922775634839833
POLR2C-G	0.07544903147253092	0.9273269938208759	1.1823419171216167
SMARCC1-G	0.07043522530870966	0.9319881068125481	1.1784643003497508
XRCC1-G	0.07043522530870966	0.9319881068125481	1.168804756904261
TERF1-G	0.06664767151405306	0.9355247552983434	1.1637015248833054
POLR2J-G	0.04760736203136048	0.9535080970708535	1.1765059584825854
AURKB-G	-0.035672606121656646	0.9649561625139849	1.1356791758818436
POLE2-G	0.035672606121656646	0.9649561625139849	1.1625062430286588
PLK1-G	0.035672606121656646	0.9649561625139849	1.1534241630049975
SIRT6-G	-0.035672606121656646	0.9649561625139849	1.1444828904235633
CDK6-G	0.035672606121656646	0.9649561625139849	1.1811063429171174
NEIL1-G	-0.035672606121656646	0.9649561625139849	1.1717324830526958
NFRKB-G	0.035672606121656646	0.9649561625139849	1.1270098691957227
AURKA-G	-0.02281524290150171	0.9774430566347956	1.132945361099422
RAD9A-G	-0.019917159545044392	0.9802798767742186	1.0868320372931555
GTF2H3-G	-0.019917159545044392	0.9802798767742186	1.0790131017730609
KAT5-G	0.019917159545044392	0.9802798767742186	1.1109838603441144
TOP1-G	0.019917159545044392	0.9802798767742186	1.1192747846750406
MEN1-G	-0.019917159545044392	0.9802798767742186	1.1276903845598154
RUVBL1-G	0.019917159545044392	0.9802798767742186	1.102814861370996
UBE2B-G	0.019917159545044392	0.9802798767742186	1.094765117857339
SOX4-G	-0.019386741168740618	0.980799973156926	1.0718742563786408
POLR2K-G	-0.008926027217463215	0.9911136914988475	1.0754637929030049
ORC1-G	0.00801176452046352	0.9920202441259484	1.0688668827554233
ATR-G	0.00801176452046352	0.9920202441259484	1.061392289169721
PIAS4-G	0.006986599825148669	0.9930377497235585	1.055102609081281
POLR2I-G	-0.005966504222744229	0.9940512600158814	1.0488954674650335
SMARCA4-G	-0.005966504222744229	0.9940512600158814	1.0207371998820796
ERCC4-G	0.005966504222744229	0.9940512600158814	1.0072175018703964
EYA3-G	0.005966504222744229	0.9940512600158814	1.013932285216199
POLG2-G	0.005966504222744229	0.9940512600158814	1.0346247808328561
POLR2E-G	0.005966504222744229	0.9940512600158814	1.0417112519344511
XPC-G	0.005966504222744229	0.9940512600158814	1.0276340728542557
GTF2H4-G	0.003601012168386329	0.9964054637003726	1.0029607628036645
POLR2D-G	-0.002336262745422125	0.9976664641923579	0.9976664641923579

Data type: org.panda.causalpath.data.RNAData
Row ID	Change amount	P-value	Q-value
MLH1-R	-89.67064534658576	1.1390257368124081E-39	2.073026840998583E-37
EXO1-R	25.261441069991868	1.0692900813926009E-11	9.730539740672669E-10
TYMS-R	24.74831751304051	1.786250106517757E-11	1.083658397954106E-9
DTL-R	22.480499266468055	1.7252149707999617E-10	7.849728117139826E-9
CDC45-R	21.463011555044606	4.772352523810805E-10	1.7371363186671328E-8
PCLAF-R	21.41034454829366	5.03043459837563E-10	1.5258984948406078E-8
ORC1-R	19.010562455511565	5.543928591229804E-9	1.441421433719749E-7
DHFR-R	18.286225079085018	1.1439139423017646E-8	2.6024042187365143E-7
CCNA2-R	16.320468132299453	8.167906320034426E-8	1.651732166940295E-6
RAD51-R	15.867121816043039	1.2852764545239152E-7	2.3392031472335254E-6
MCM5-R	15.580152147171836	1.7124815267323502E-7	2.8333785260480705E-6
CDT1-R	15.52522270292656	1.8091786324071304E-7	2.7439209258174813E-6
PLK4-R	14.851980965286302	3.5470443728237974E-7	4.965862121953316E-6
POLE2-R	14.789842387146487	3.77444466704442E-7	4.906778067157746E-6
RRM1-R	14.568323816767574	4.710395308813139E-7	5.715279641359942E-6
GTF2H3-R	14.568323816767574	4.710395308813139E-7	5.358074663774946E-6
AURKB-R	14.448927634740837	5.307749997747479E-7	5.366724997722451E-6
YWHAE-R	14.448927634740837	5.307749997747479E-7	5.6824147034708305E-6
FANCA-R	13.772022272443575	1.0444477590787063E-6	1.000471011328024E-5
BRCA1-R	13.666397628789333	1.160804070453442E-6	1.0563317041126322E-5
FANCI-R	13.510948644964525	1.3560308133910684E-6	1.175226704938926E-5
BARD1-R	13.457186189597056	1.4309296935388156E-6	1.1837691101093837E-5
MCM10-R	13.192443686800495	1.8646378858559702E-6	1.475496066199072E-5
FEN1-R	13.026306988771802	2.2016422720848022E-6	1.6695787229976416E-5
POLE3-R	12.927946992357459	2.4292038395128264E-6	1.7684603951653376E-5
RRM2-R	12.910224607266432	2.472638874787743E-6	1.73084721235142E-5
FANCD2-R	12.730941464767554	2.958164850703627E-6	1.994022232696519E-5
CDC6-R	12.690802663128716	3.0793172330664743E-6	2.0015562014932084E-5
BLM-R	12.614774822175066	3.3225605504028955E-6	2.0851931730114724E-5
PARP1-R	11.093312954743507	1.5213719253257398E-5	9.229656346976154E-5
CDC7-R	10.630345150665136	2.4171286182369418E-5	1.4190884145778173E-4
MCM4-R	9.828884175481308	5.387283610338932E-5	3.0640175533802675E-4
TOP3A-R	9.635795783512881	6.534721186128817E-5	3.603997745077105E-4
MCM6-R	9.452756819729641	7.847293107365489E-5	4.200609839825056E-4
DDB2-R	8.580838876901042	1.876674814404685E-4	9.758709034904361E-4
CDC25A-R	8.355640963901577	2.350667682641689E-4	0.0011883931062244095
DBF4-R	8.241456275971261	2.6350024084216577E-4	0.0012620274692966887
CHEK1-R	8.241456275971261	2.6350024084216577E-4	0.0012961363198182208
APBB1-R	-8.050409175666875	3.1897138044840393E-4	0.0014885331087592184
CDK1-R	7.957413543201683	3.5005735579673623E-4	0.00159276096887515
CHEK2-R	7.620127627619682	4.904792284216926E-4	0.0021772492578719035
TDG-R	7.540739829489985	5.310046235605072E-4	0.0023010200354288647
MDM2-R	7.524011263672628	5.399622848731228E-4	0.0022854217638815896
XRCC6-R	7.511960641438596	5.465085303353897E-4	0.002260558011841839
CDC25C-R	7.489690577609464	5.588158438653649E-4	0.0022600996351888093
RFC2-R	7.413240655025825	6.03212719356906E-4	0.0023866242374555842
BRCA2-R	7.350456806267082	6.422988871734658E-4	0.002487199946075974
DDX11-R	7.152820569119954	7.826534370229174E-4	0.0029675609487118952
SOD1-R	7.064529949398292	8.54896670627324E-4	0.003175330490901489
SUMO2-R	6.528253812652585	0.0014615557730154715	0.005320063013776316
PCNA-R	6.516105528579748	0.0014794194545793011	0.005279496877126133
UNG-R	6.508719498341398	0.0014903869446532057	0.00521635430628622
PLK1-R	6.453317913096653	0.0015752868235459983	0.005409475507271165
POLR2E-R	6.435066692591342	0.0016043017037930172	0.005407090927598688
TTK-R	6.266131200643315	0.0018995634152834267	0.006285828028756066
TERT-R	6.241263008449811	0.0019473943933846747	0.006329031778500193
GMNN-R	6.171104074500513	0.0020889283942913915	0.006669911715105847
POLR2L-R	6.026916897245917	0.0024129218082271004	0.007571582225816074
MCM2-R	5.95422316708138	0.0025948588235995052	0.008004479760934066
POLR2B-R	5.91380693636367	0.0027018813931266603	0.008195706892484203
TP53-R	5.908233153012915	0.0027169831424937517	0.008106408720227259
RECQL4-R	5.879040904206012	0.0027974670276624926	0.008211919339267315
MCM7-R	5.725800114427938	0.0032607432642298485	0.009419924985552896
RCHY1-R	5.720183687244869	0.003279108516610938	0.009324964844112354
CDK2-R	5.046728512316358	0.006430335837486546	0.01800494034496233
TIMELESS-R	5.01545467923855	0.00663461472973678	0.01829545273957718
KPNA2-R	4.870842681382494	0.007666901809535228	0.020826509393065844
TOP2A-R	4.760476029634265	0.008561532883936915	0.02291469095406645
POLR2D-R	4.699730687938339	0.009097726899388682	0.023996902836068697
AEN-R	4.698906568206157	0.009105227605960095	0.023673591775496248
RUVBL2-R	4.622153916976826	0.009831596795407004	0.02520212136287429
CDK6-R	-4.3355324821739165	0.013094899415708006	0.0331009957452619
APEX1-R	4.176810503056606	0.015347380007667418	0.038263330978020135
MCM3-R	4.141935636530573	0.015892060461216474	0.03908587843164051
FANCC-R	4.12603835167772	0.016146719906958783	0.03918270697421998
HRAS-R	3.715924737937173	0.024332929125097866	0.05827096185220804
BABAM2-R	-3.4012737318507678	0.033330788424199634	0.07878186354810822
ATR-R	-3.388813560753358	0.03374869393099262	0.07874695250564945
TOPBP1-R	3.3515973133736985	0.0350283581262974	0.07968951473732658
RBBP8-R	3.3515973133736985	0.0350283581262974	0.08069824277197629
ERCC2-R	2.9152190691953623	0.05419215790007599	0.1217650955285658
RFC3-R	2.784711993119109	0.061746869993747754	0.13704793096173282
MPG-R	2.752613511798934	0.0637610031249222	0.13981328396067275
ATM-R	-2.7000653553961187	0.06720112064036857	0.14560242805413187
POLR2H-R	2.659186485619649	0.07000514878126653	0.14989337739047656
CDK7-R	2.6137803612296726	0.07325708140917372	0.15503242809848394
RUVBL1-R	2.611320817029817	0.07343748219976864	0.15362783632595278
KAT5-R	2.577992990878985	0.07592623585429203	0.15702926051683128
PIAS1-R	2.5620148944380086	0.07714913636728593	0.1560126979871782
MSH2-R	2.5620148944380086	0.07714913636728593	0.1577656496499555
NBN-R	2.5056103386882964	0.08162576341748266	0.16325152683496533
MRE11-R	-2.4325748656691153	0.08781044115337769	0.1737119596729863
OGG1-R	-2.2567040699869327	0.10469498406028424	0.20488695805345947
POLD1-R	2.1913308054739877	0.11176790825638844	0.2164016947091776
RNF111-R	2.1777518276847294	0.11329595336601524	0.2170511948696292
NEIL1-R	2.1712464144060184	0.11403539293769113	0.21619209911103943
WEE1-R	2.1237911177678277	0.1195774359646157	0.22436178706762946
CLK2-R	2.0632928070960377	0.12703497876539357	0.2359221034214452
CCNH-R	1.9765219335907365	0.13855028736441635	0.2547086090941796
AURKA-R	1.9054541819675712	0.14875506540883263	0.2707342190440754
XPA-R	1.7487807538412654	0.17398594587879557	0.3135192292073346
POLK-R	1.6954252508542151	0.18352116989727288	0.3274593423657222
CDK4-R	1.6660078536028475	0.18900007755042922	0.3339613020793992
YWHAG-R	1.615933038572067	0.19870518431998319	0.3477340725599706
MNAT1-R	1.6078576207535242	0.20031630819989668	0.34721493421315425
DNTT-R	-1.5349822106319184	0.21545952402442947	0.3699399374759072
GTF2H4-R	1.4967426413296607	0.2238581601450574	0.38076808548037805
TERF2-R	1.3501559475913942	0.25919983590380385	0.4367997234675213
GADD45A-R	1.2740851612947377	0.27968671945431145	0.46699984349252005
PIAS3-R	1.2546550668342078	0.2851741973002264	0.47183367189673825
MTOR-R	1.2299183471920911	0.29231644516496824	0.479293630811029
KDM4B-R	1.2069857411679772	0.29909747924913904	0.48603340377985094
ERCC3-R	-1.197222324299369	0.30203199476167486	0.4864586110320781
TERF1-R	1.19086812701852	0.3039572759719377	0.48526512479730405
GTF2H5-R	1.1747838769555041	0.3088857297989669	0.48884524194271284
ELL-R	-1.169894850144692	0.31039957802029644	0.4870062344801203
MAPK8-R	1.1677778535454661	0.31105738891740803	0.48386704942707914
MCM8-R	1.1147369016524633	0.3280015642178637	0.5059007176919592
TCEA1-R	1.0910500097224611	0.3358636483974104	0.5136738151960394
POLG2-R	-1.0759925027595052	0.34095918438112344	0.5171214296447039
XRCC5-R	1.0393383035328219	0.3536886390689001	0.5319944819052878
POLR2F-R	1.0308466708868278	0.3567048210936365	0.5321334216314905
PIAS4-R	1.0263535088051903	0.3583111597375906	0.5301839924572479
USP7-R	-1.0131641787207613	0.3630683469902438	0.5328906383243901
TOP2B-R	0.991083833326507	0.37117418198671825	0.5404296089726618
XPC-R	0.960926756674675	0.382538201815691	0.5525551804004425
POLR2I-R	0.9372827795619393	0.39169070066214245	0.5613205316575585
POLR2G-R	0.9372827795619393	0.39169070066214245	0.5569352150039838
POLR2K-R	-0.9066347449745823	0.40388110254197984	0.5698167493227932
PLK2-R	0.8212742298656129	0.4398708007422608	0.6158191210391651
PER1-R	-0.7734444420072136	0.46142099013338356	0.6410581694982886
ATRX-R	-0.7554615346904848	0.46979373857872736	0.6477459122827908
PTEN-R	0.753180342385471	0.47086665173546316	0.6443438392169496
WRN-R	0.7453985148115013	0.4745451489820911	0.6445314710055268
GTF2H2-R	-0.7453985148115013	0.4745451489820911	0.6397571638128932
EYA3-R	0.7381942105777997	0.4779762611558462	0.6396447024291472
GTF2H1-R	0.7013607113959962	0.4959100540236708	0.6588002177540736
XRCC1-R	0.6479909174777688	0.5230956641089235	0.6898797888972759
POLR2C-R	0.610207022043463	0.5432383951099633	0.7112905605036929
RAD51D-R	0.5446542900407215	0.5800422750731504	0.7540549575950956
YY1-R	0.5173974445825795	0.5960698358223465	0.7693951072316814
ERCC4-R	-0.46997755887278636	0.6250162941954902	0.8010772221378818
CDC25B-R	-0.46997755887278636	0.6250162941954902	0.7954752835215331
POLR2A-R	0.46619758757190805	0.6273833086551329	0.7929427928835708
POLR2J-R	-0.4629283512345233	0.6294377293288287	0.790052874054116
CDA-R	0.46193615978859054	0.6300625619851651	0.7854204539815072
ACTL6A-R	0.46193615978859054	0.6300625619851651	0.7800774576959186
VCP-R	-0.40829342606893065	0.6647837853082283	0.8175043846357943
UBE2I-R	0.3970774570735131	0.6722819506234234	0.8211766108286112
TFPT-R	0.3808579913541647	0.6832749136758336	0.8290402285933447
MSH6-R	-0.3397885089639268	0.7119208717249338	0.8580768122777348
HLTF-R	0.33847049762869047	0.712859810133468	0.8535558252913894
TOP1-R	0.3164077163887257	0.728762261269944	0.8668936702688224
MDC1-R	0.300419709441151	0.7405073575209862	0.8751450588884383
ERCC5-R	0.26768037165515796	0.7651523063874189	0.8984369016936145
CDKN2D-R	0.2571069667131093	0.7732854935338339	0.9021664091228063
UBA7-R	-0.2304792750677094	0.7941528935966279	0.9206103607298488
TP53BP1-R	-0.20684696089894494	0.8131440833052839	0.9366596402630485
COPS5-R	0.19931291765337164	0.8192934818234191	0.9378076332821527
POLA1-R	0.19931291765337164	0.8192934818234191	0.9319463355741393
NFRKB-R	0.19931291765337164	0.8192934818234191	0.9261578490177782
PLK3-R	0.16163756589341474	0.8507494893014852	0.9557802904498167
SMARCC1-R	-0.1604214089065389	0.8517847636374379	0.9510725581718632
MGMT-R	0.15134118608193098	0.8595543806327021	0.9538957150923889
UBE2B-R	-0.15134118608193098	0.8595543806327021	0.9481145289403139
SOX4-R	-0.14499315681210587	0.8650282126410799	0.94840442590769
GADD45G-R	-0.11017772201751572	0.8956749399933182	0.9761247849028977
EP300-R	0.10750718130921545	0.8980700731087531	0.9729092458678158
CCNA1-R	0.10358316958138512	0.9016010338429399	0.970954959523166
SIRT6-R	0.09897181672715964	0.9057682351771296	0.9697048164837505
RAD9A-R	-0.08764618275154386	0.9160849460442486	0.9750143870178553
SUMO1-R	0.08185547097098252	0.9214051188605229	0.9749751839105534
MEN1-R	0.07007720080302947	0.9323218411327571	0.9808241334460219
SMUG1-R	0.0685034740172085	0.9337902160946081	0.9767230995932108
PMS2-R	0.05366175207429458	0.9477526276513203	0.9800623763212517
ABL1-R	0.05366175207429458	0.9477526276513203	0.9745253007488153
ERCC1-R	0.05366175207429458	0.9477526276513203	0.9856627327573732
SMARCA4-R	-0.048863951021270356	0.9523106817812804	0.9737109218213092
POLB-R	0.047738320995037095	0.9533832348146981	0.9693617247836595
PARG-R	-0.03803445634131129	0.9626797698970022	0.9733762117847466
PRKDC-R	0.007188672312259976	0.9928371043888101	0.9928371043888101
RRM2B-R	-0.007188672312259976	0.9928371043888101	0.9983223922583616