Overall graph size pval = 0.7384
Gene	Downstream crowded pval	Downstream suggests activation pval	Downstream suggests inhibition pval
SRF	0.0056	0.7982	9.0E-4
IL13	0.0717	1.0	0.0012
HNF4A	0.0322	1.0	0.0015
SMAD4	0.0199	0.845	0.0028
HELZ2	0.049	0.9109	0.0035
MED1	0.0603	0.9189	0.0044
NCOA2	0.0626	0.9211	0.0045
SP1	0.0321	0.7384	0.0049
SMAD3	0.1238	0.9751	0.0058
RXRA	0.0501	0.8516	0.0059
TBL1X	0.047	0.8407	0.006
TBL1XR1	0.047	0.8407	0.006
RELA	0.1469	0.9615	0.0065
NFKB1	0.2279	0.9876	0.0077
CHD9	0.0606	0.8545	0.0078
SMARCD3	0.0606	0.8545	0.0078
TGS1	0.0606	0.8545	0.0078
CARM1	0.0606	0.8545	0.0078
NCOA1	0.0955	0.9373	0.008
IL4	0.1256	1.0	0.0084
NCOA6	0.0349	0.6741	0.0102
ARNT	0.4204	1.0	0.0102
ZEB1	0.1576	1.0	0.0108
HIF1A	0.1887	0.9644	0.012
KAT5	0.2242	0.0172	1.0
PPARD	0.225	0.0192	1.0
FOSL1	0.0193	0.0979	0.1424
GATA6	0.0249	0.0201	0.5336
SNAI1	0.0213	0.2937	0.0465
XBP1	0.2284	0.9647	0.0218
MSX2	0.1312	0.0218	1.0
NANOG	0.0722	0.0226	0.7603
PARP1	0.0234	0.0625	0.2417
ACTL6A	0.2228	0.0248	1.0
RUVBL2	0.2228	0.0248	1.0
TWIST2	0.0273	0.3062	0.0481
FOXA2	0.0288	0.097	0.1818
CREBBP	0.1164	0.77	0.0315
SPDEF	0.2105	0.0327	1.0
FOXA3	0.1423	1.0	0.0343
NOTCH3	0.0564	0.0351	0.6087
NFIC	0.1016	0.0413	0.6859
CEBPD	0.0413	0.2386	0.1184
PPARGC1A	0.0456	0.3119	0.0745
HDGF	0.2091	1.0	0.0458
RUVBL1	0.3089	0.046	1.0
MITF	0.2126	1.0	0.0517
GLI2	0.0554	0.4221	0.0667
GABPB1	0.3862	0.0564	1.0
KLF8	0.1029	0.0564	0.6614
MLX	0.2143	1.0	0.0574
GABPA	0.3825	0.058	1.0
HDAC2	0.1204	0.6254	0.0618
FOS	0.3959	0.9626	0.0632
TRRAP	0.3988	0.066	1.0
FOXA1	0.1007	0.586	0.0667
VDR	0.0735	0.0924	0.3938
ERBB4	0.0788	0.3388	0.1339
ERG	0.0841	0.485	0.0814
NR3C1	0.0838	0.1085	0.3578
MLXIPL	0.2999	1.0	0.0868
CCNC	0.3049	1.0	0.0877
MED8	0.3049	1.0	0.0877
MED9	0.3049	1.0	0.0877
MED4	0.3049	1.0	0.0877
MED6	0.3049	1.0	0.0877
MED7	0.3049	1.0	0.0877
CDK19	0.3049	1.0	0.0877
MED13L	0.3049	1.0	0.0877
MED19	0.3049	1.0	0.0877
MED16	0.3049	1.0	0.0877
MED15	0.3049	1.0	0.0877
MED18	0.3049	1.0	0.0877
MED17	0.3049	1.0	0.0877
MED12	0.3049	1.0	0.0877
MED11	0.3049	1.0	0.0877
MED14	0.3049	1.0	0.0877
MED13	0.3049	1.0	0.0877
MED10	0.3049	1.0	0.0877
MED27	0.3049	1.0	0.0877
MED26	0.3049	1.0	0.0877
MED29	0.3049	1.0	0.0877
MED28	0.3049	1.0	0.0877
MED23	0.3049	1.0	0.0877
MED22	0.3049	1.0	0.0877
MED25	0.3049	1.0	0.0877
MED24	0.3049	1.0	0.0877
MED21	0.3049	1.0	0.0877
MED20	0.3049	1.0	0.0877
MED30	0.3049	1.0	0.0877
MED31	0.3049	1.0	0.0877
CDK8	0.3049	1.0	0.0877
THRAP3	0.3049	1.0	0.0877
FAM120B	0.3049	1.0	0.0877
TWIST1	0.1261	0.5487	0.0909
NRF1	0.4088	0.0909	0.9307
PPARA	0.1161	0.5102	0.0922
STAT4	0.0952	0.1159	0.374
KLF10	0.0962	0.2487	0.2553
EGR1	0.098	0.2267	0.2345
CDC6	0.4194	0.104	1.0
MYC	0.8158	0.106	0.9969
SP3	0.1156	0.4756	0.1119
ZNF382	0.3871	0.1157	1.0
SMARCA4	0.4235	0.1213	1.0
ELK1	0.4291	0.1238	1.0
FLI1	0.4174	0.1286	1.0
RAD51	0.1331	0.4692	0.1845
HMGA1	0.4267	1.0	0.1337
VHL	0.5499	1.0	0.1485
ATF4	0.572	1.0	0.1495
AGO2	0.213	0.1529	0.6822
TP73	0.3341	0.7969	0.1544
RUNX2	0.1726	0.5254	0.1577
MAX	0.854	0.1585	0.9974
EZH2	0.1619	0.3362	0.2654
EPAS1	0.5696	1.0	0.1648
JUNB	0.5777	1.0	0.1678
VEGFA	0.4232	1.0	0.17
TFE3	0.4243	1.0	0.1772
REST	0.4327	0.1819	1.0
PPARG	0.5936	0.9463	0.183
MOV10	0.2836	0.1953	0.7179
AGO3	0.2836	0.1953	0.7179
AGO4	0.2836	0.1953	0.7179
AGO1	0.2836	0.1953	0.7179
TNRC6C	0.2836	0.1953	0.7179
TNRC6A	0.2836	0.1953	0.7179
TNRC6B	0.2836	0.1953	0.7179
NR4A1	0.5315	1.0	0.2026
MTF1	0.3076	0.2047	0.696
JUND	0.3656	0.7819	0.2088
CDX2	0.2962	0.21	0.687
HDAC5	0.2112	0.2135	0.5673
EDN1	0.2126	0.5243	0.2399
CEBPB	0.4392	0.8348	0.2133
ETS1	0.314	0.6678	0.2169
SOX2	0.2217	0.3224	0.3996
RBPJ	0.3037	0.2225	0.6777
SOX9	0.534	1.0	0.2268
HIC1	0.3058	0.6792	0.2269
KLF4	0.2852	0.6095	0.2315
CTNNB1	0.7712	1.0	0.233
ETV4	0.5292	1.0	0.2334
TP53	0.8718	0.9941	0.2393
ZBTB17	0.432	0.2475	0.8213
PITX1	0.5358	0.2476	1.0
ABCB1	0.3957	0.2484	0.7514
IL8	0.6267	0.2498	1.0
KLF2	0.6135	1.0	0.2525
DNMT1	0.4292	0.2546	0.8083
LEF1	0.3412	0.2579	0.6451
CEBPA	0.3222	0.6217	0.264
WT1	0.5616	0.8729	0.2653
SIRT1	0.268	0.4316	0.3199
CDKN1A	0.4352	0.8026	0.2727
NR1I2	0.619	1.0	0.2773
HDAC4	0.2917	0.4431	0.3754
FOSL2	0.626	1.0	0.2933
E2F6	0.7609	1.0	0.2948
STAT6	0.7464	1.0	0.3322
GATA3	0.7628	0.3398	1.0
AR	0.5224	0.3405	0.7501
HSF1	0.3894	0.6668	0.3417
TP63	0.5879	0.8207	0.3437
HDAC1	0.9027	0.9946	0.346
NCOR1	0.6956	0.3494	1.0
POU5F1	0.3895	0.6472	0.3564
USF2	0.4423	0.685	0.3583
TFAP2A	0.7996	0.9763	0.3648
DDIT3	0.3698	0.4733	0.4544
CCND1	0.5493	0.3773	0.7954
HDAC7	0.7565	0.3848	1.0
JUN	0.6609	0.8545	0.3852
ING4	0.76	1.0	0.3876
ATF2	0.4842	0.6728	0.3937
NCOA3	0.5807	0.8216	0.396
GLI1	0.4745	0.7068	0.3995
STAT3	0.6065	0.7838	0.4117
RB1	0.785	0.9499	0.4184
TBP	0.4222	0.5362	0.5161
SOX17	0.4233	0.5779	0.4653
NPM1	0.4276	0.5206	0.5412
FOXF2	0.432	0.5392	0.5225
E2F2	0.6273	0.4404	0.825
USF1	0.4972	0.442	0.6294
MET	0.7989	0.4582	1.0
PAX3	0.807	0.4611	1.0
TNFRSF11B	0.8042	0.4618	1.0
PTGS2	0.7984	0.4673	1.0
NFATC2	0.8114	1.0	0.4728
EP300	0.7166	0.8551	0.4752
TAF9	0.8025	0.4753	1.0
CDC25A	0.8004	0.4825	1.0
DCT	0.7985	0.4831	1.0
KLK3	0.8021	0.4848	1.0
STAT5B	0.8546	1.0	0.5089
BCL6	0.9097	1.0	0.5092
RUNX3	0.8017	0.5104	0.9169
SOX6	0.8089	1.0	0.5128
PTTG1	0.577	0.514	0.6773
RUNX1	0.8778	0.5181	0.9649
FANCI	0.8567	0.5216	1.0
ESR1	0.5837	0.6587	0.5225
BTF3	0.5231	0.5904	0.594
REL	0.5247	0.5483	0.6241
MDC1	0.8567	0.5271	1.0
ATR	0.8581	0.5284	1.0
KAT2A	0.5299	0.5407	0.6402
STAT1	0.9631	1.0	0.5306
IRF8	0.8059	1.0	0.5314
ESRRA	0.5329	0.5724	0.6157
SP4	0.863	0.5337	1.0
CREB1	0.7722	0.542	0.8692
CIITA	0.7488	0.5443	0.8654
FOXO1	0.8629	0.9646	0.5512
PURA	0.7996	0.5537	1.0
TFAP2B	0.8046	1.0	0.5608
HNF1A	0.7999	1.0	0.5639
TFDP1	0.6405	0.5665	0.6859
SNAI2	0.745	0.8548	0.5686
E2F5	0.8105	0.5686	1.0
RBMX	0.81	0.5688	1.0
CD3D	0.808	1.0	0.5722
BCL2	0.6208	0.5731	0.7055
TP53BP2	0.8022	1.0	0.5793
PPP1R13B	0.8022	1.0	0.5793
MEF2A	0.8026	1.0	0.5795
CCNK	0.897	0.5814	1.0
CCNH	0.897	0.5814	1.0
SUPT4H1	0.897	0.5814	1.0
CDK12	0.897	0.5814	1.0
ELOA	0.897	0.5814	1.0
NELFB	0.897	0.5814	1.0
ELOB	0.897	0.5814	1.0
NELFA	0.897	0.5814	1.0
ELOC	0.897	0.5814	1.0
NELFE	0.897	0.5814	1.0
RAD51D	0.897	0.5814	1.0
CTDP1	0.897	0.5814	1.0
GTF2H1	0.897	0.5814	1.0
GTF2H2	0.897	0.5814	1.0
GTF2H3	0.897	0.5814	1.0
GTF2H4	0.897	0.5814	1.0
GTF2H5	0.897	0.5814	1.0
ELOA3D	0.897	0.5814	1.0
TCEA1	0.897	0.5814	1.0
ELOA3B	0.897	0.5814	1.0
CCNT2	0.897	0.5814	1.0
CCNT1	0.897	0.5814	1.0
SUPT16H	0.897	0.5814	1.0
GTF2F1	0.897	0.5814	1.0
GTF2F2	0.897	0.5814	1.0
ELOA2	0.897	0.5814	1.0
ELOA3	0.897	0.5814	1.0
SUPT5H	0.897	0.5814	1.0
CDK9	0.897	0.5814	1.0
CDK7	0.897	0.5814	1.0
MNAT1	0.897	0.5814	1.0
POLR2A	0.897	0.5814	1.0
POLR2B	0.897	0.5814	1.0
POLR2C	0.897	0.5814	1.0
POLR2D	0.897	0.5814	1.0
POLR2E	0.897	0.5814	1.0
POLR2F	0.897	0.5814	1.0
POLR2G	0.897	0.5814	1.0
POLR2H	0.897	0.5814	1.0
POLR2I	0.897	0.5814	1.0
POLR2J	0.897	0.5814	1.0
POLR2K	0.897	0.5814	1.0
POLR2L	0.897	0.5814	1.0
ERCC3	0.897	0.5814	1.0
SPP1	0.8041	1.0	0.5828
YBX1	0.8839	0.585	0.9528
MYB	0.7025	0.7435	0.5928
CBFB	0.8203	0.9171	0.5962
RBL1	0.9046	1.0	0.5964
AHR	0.6269	0.5997	0.6952
CHEK1	0.8979	0.6031	1.0
GATA2	0.6058	0.6142	0.6711
TFAP2C	0.6236	0.6064	0.6912
NFKBIA	0.7423	0.6076	0.8221
ELF3	0.8561	1.0	0.6126
MYBL2	0.8557	1.0	0.6142
ATM	0.7893	0.8618	0.6244
LMO2	0.6246	0.6466	0.6598
SATB1	0.856	1.0	0.6248
WWTR1	0.8518	1.0	0.6254
STAT5A	0.9368	1.0	0.6302
PTGDR	0.7027	0.7127	0.6322
SSRP1	0.9238	0.6367	1.0
GATA1	0.8826	0.6385	0.9429
NFKB2	0.8599	1.0	0.6438
ATF6	0.8559	1.0	0.6458
NFE2L2	0.7084	0.6478	0.7448
RBBP4	0.8979	1.0	0.6478
HDAC3	0.7525	0.7865	0.6745
TFDP2	0.8794	0.9131	0.676
NFYB	0.9291	0.6824	0.9603
NFYC	0.9291	0.6824	0.9603
ARNTL	0.7588	0.6834	0.7865
NPAS2	0.7588	0.6834	0.7865
HOXB7	0.7032	0.6847	0.7156
RBL2	0.772	0.7953	0.6852
TCF4	0.6971	0.6859	0.7079
TCF7L2	0.8955	1.0	0.6873
CREB5	0.6921	0.6971	0.6887
HEY1	0.7619	0.6919	0.784
NELFCD	0.766	0.6985	0.7819
ELL	0.9443	0.6988	1.0
KLF5	0.8959	1.0	0.7063
FOXM1	0.8067	0.7847	0.7174
BRCA1	0.9257	0.9446	0.7203
E2F3	0.93	0.7208	0.9546
SREBF1	0.7971	0.7653	0.7213
CLOCK	0.8126	0.7326	0.8108
NFYA	0.9558	0.7332	0.9709
HDAC9	0.9629	1.0	0.7436
FOXO3	0.9645	0.7527	0.978
SPI1	0.9559	0.9736	0.761
KAT2B	0.9481	1.0	0.7632
SMAD7	0.9625	0.7743	1.0
SREBF2	0.9665	0.776	0.9749
CDKN2A	0.9442	0.7768	1.0
MTA1	0.8185	0.7805	0.7783
IRF1	0.9628	0.976	0.7784
PAX5	0.9602	1.0	0.7946
PML	0.962	1.0	0.8004
ERCC2	0.9782	0.8018	1.0
FOXO4	0.9849	0.8045	1.0
NR1H4	0.9595	1.0	0.8127
RARA	0.9709	1.0	0.8194
MECP2	0.8928	0.8297	0.8358
ETS2	0.9716	1.0	0.8495
IL37	0.9775	1.0	0.8706
E2F4	0.9816	0.8734	1.0
YY1	0.9643	0.888	0.9218
E2F1	0.9987	0.9655	0.9848
MYCN	0.9997	1.0	0.9789
IL23R	1.0	1.0	1.0
IL12B	1.0	1.0	1.0
IL23A	1.0	1.0	1.0
HBP1	1.0	1.0	1.0
LIN54	1.0	1.0	1.0
JAK2	1.0	1.0	1.0
LIN52	1.0	1.0	1.0
IL10	1.0	1.0	1.0
TYK2	1.0	1.0	1.0
SERPINB5	1.0	1.0	1.0
LIN37	1.0	1.0	1.0
IL12RB1	1.0	1.0	1.0
FANCD2	1.0	1.0	1.0
PGR	1.0	1.0	1.0
ABL1	1.0	1.0	1.0
ZBTB16	1.0	1.0	1.0
IRF9	1.0	1.0	1.0
LIN9	1.0	1.0	1.0
HES1	1.0	1.0	1.0
KLF6	1.0	1.0	1.0