Overall graph size pval = 0.6262
Gene	Downstream crowded pval	Downstream suggests activation pval	Downstream suggests inhibition pval
MYC	0.0319	1.0E-4	1.0
MAX	0.0371	1.0E-4	0.9999
FOXM1	0.0075	1.0E-4	0.9053
TFDP1	1.0E-4	1.0E-4	0.1394
E2F1	6.0E-4	1.0E-4	0.7119
E2F4	1.0E-4	0.9613	1.0E-4
RBL2	6.0E-4	1.0	1.0E-4
TFDP2	2.0E-4	5.0E-4	0.1865
E2F6	0.0065	1.0	2.0E-4
E2F3	0.0119	3.0E-4	0.8933
MYCN	0.0217	6.0E-4	0.9178
YBX1	0.0495	0.9854	7.0E-4
PTGDR	0.0015	8.0E-4	0.3354
RBL1	0.0061	0.8292	8.0E-4
FOXA2	0.0011	0.0661	0.0154
RBBP4	0.0013	0.3355	0.0025
SF1	0.0035	0.5977	0.0021
GLI2	0.0188	0.7994	0.0023
STAT4	0.0178	0.6893	0.0027
E2F5	0.0029	0.2803	0.0077
NPM1	0.0307	0.8509	0.003
EZH2	0.0394	0.004	0.7785
NCOA1	0.0568	0.831	0.0041
JAK1	0.0875	1.0	0.0045
MDC1	0.0051	0.018	0.2793
RAD51D	0.0054	0.0178	0.2779
GTF2H2	0.0056	0.0099	0.4068
NKX2-5	0.0868	0.0062	1.0
LIN54	0.0065	0.161	0.0462
LIN52	0.0065	0.161	0.0462
LIN37	0.0065	0.161	0.0462
LIN9	0.0065	0.161	0.0462
NRF1	0.0219	0.0066	0.6792
SP1	0.0066	0.0162	0.2025
NELFB	0.0069	0.048	0.1438
HELZ2	0.0518	0.727	0.0075
GATA6	0.0858	1.0	0.0079
TRRAP	0.0503	0.0083	0.8603
TCF7L2	0.0092	0.362	0.0114
ACTL6A	0.0867	0.0095	1.0
CTNNB1	0.3585	0.9932	0.0097
ZNF382	0.1848	0.0099	1.0
FOXA1	0.0745	0.0102	0.8227
MED1	0.0785	0.7652	0.0113
ATF6	0.199	0.0134	1.0
CDK12	0.0138	0.0308	0.3389
ELOA	0.0138	0.0308	0.3389
ELOB	0.0138	0.0308	0.3389
ELOC	0.0138	0.0308	0.3389
NELFA	0.0138	0.0308	0.3389
NELFE	0.0138	0.0308	0.3389
CTDP1	0.0138	0.0308	0.3389
GTF2H1	0.0138	0.0308	0.3389
GTF2H3	0.0138	0.0308	0.3389
GTF2H4	0.0138	0.0308	0.3389
GTF2H5	0.0138	0.0308	0.3389
CCNT2	0.0138	0.0308	0.3389
SUPT16H	0.0138	0.0308	0.3389
ELOA2	0.0138	0.0308	0.3389
ELOA3	0.0138	0.0308	0.3389
CDK7	0.0138	0.0308	0.3389
MNAT1	0.0138	0.0308	0.3389
CCNK	0.0138	0.0308	0.3389
CCNH	0.0138	0.0308	0.3389
SUPT4H1	0.0138	0.0308	0.3389
ELOA3D	0.0138	0.0308	0.3389
TCEA1	0.0138	0.0308	0.3389
ELOA3B	0.0138	0.0308	0.3389
SUPT5H	0.0138	0.0308	0.3389
ERCC3	0.0138	0.0308	0.3389
SSRP1	0.015	0.0146	0.4537
TERT	0.1856	1.0	0.0154
POLR2F	0.0157	0.0707	0.1792
CHEK1	0.0161	0.1321	0.1075
NCOA2	0.0658	0.6751	0.0162
RXRA	0.0902	0.7383	0.0165
MYBL2	0.041	0.0171	0.6962
CREBBP	0.0175	0.132	0.0795
NF1	0.0379	0.0175	0.6917
ATR	0.0351	0.0176	0.6814
RUVBL1	0.0385	0.0178	0.6805
RUVBL2	0.0373	0.0194	0.6715
MLXIPL	0.2339	1.0	0.0196
SREBF2	0.2585	0.0223	0.9639
E2F2	0.0712	0.0239	0.7075
GLI1	0.0245	0.3582	0.0363
JAK3	0.1931	1.0	0.0247
LEF1	0.5477	0.9983	0.0254
MSX2	0.2253	0.0268	1.0
PROX1	0.0296	0.0761	0.2624
NR2F2	0.0412	0.0299	0.5876
SMARCD3	0.0657	0.5533	0.0309
CITED2	0.189	1.0	0.0309
CHD9	0.0657	0.5533	0.0309
TGS1	0.0657	0.5533	0.0309
TBL1X	0.0667	0.5535	0.0323
TBL1XR1	0.0667	0.5535	0.0323
CCNT1	0.0325	0.049	0.3907
GTF2F1	0.0325	0.049	0.3907
GTF2F2	0.0325	0.049	0.3907
CDK9	0.0325	0.049	0.3907
POLR2A	0.0325	0.049	0.3907
POLR2B	0.0325	0.049	0.3907
POLR2C	0.0325	0.049	0.3907
POLR2D	0.0325	0.049	0.3907
POLR2E	0.0325	0.049	0.3907
POLR2G	0.0325	0.049	0.3907
POLR2H	0.0325	0.049	0.3907
POLR2I	0.0325	0.049	0.3907
POLR2J	0.0325	0.049	0.3907
POLR2K	0.0325	0.049	0.3907
POLR2L	0.0325	0.049	0.3907
TIMP3	0.1941	0.0342	1.0
E2F7	0.1848	1.0	0.0344
FANCD2	0.0346	0.0445	0.4047
NFKB2	0.3198	1.0	0.0348
MAZ	0.1887	0.0357	1.0
FANCI	0.038	0.1022	0.2819
KAT5	0.1485	0.038	0.8627
ING1	0.1936	0.0384	1.0
PCNA	0.0391	0.2067	0.1645
NEUROG3	0.0392	0.0422	0.548
BTF3	0.0399	0.1605	0.1627
MLX	0.2918	1.0	0.0429
BCL2	0.4119	1.0	0.0462
ARNT	0.1396	0.0462	0.6956
TRIM28	0.2923	0.0466	1.0
ERCC2	0.0827	0.0466	0.6099
NCOA6	0.1267	0.6313	0.0494
STAT3	0.3382	0.8847	0.0495
THRAP3	0.3926	1.0	0.0502
POU1F1	0.2964	1.0	0.0504
NR3C2	0.289	1.0	0.0521
ELL	0.0547	0.1145	0.2807
ESR1	0.0584	0.089	0.3193
CARM1	0.0871	0.5035	0.059
MEN1	0.2899	1.0	0.0593
TFAP2A	0.4344	0.9614	0.0593
PPARA	0.1587	0.6848	0.0594
EGFR	0.2952	0.0624	1.0
SPDEF	0.1798	0.0633	0.8119
SUPT3H	0.2855	0.0649	1.0
MED12	0.477	1.0	0.0667
NFE2L2	0.3932	0.069	1.0
MYB	0.6041	0.0692	0.9868
CDX2	0.1508	0.6728	0.0699
USF1	0.1888	0.0721	0.7399
KAT2B	0.0737	0.2327	0.1807
MEF2A	0.3982	1.0	0.0756
SMARCA4	0.4856	1.0	0.0762
TGFB1	0.0792	0.248	0.2409
MITF	0.406	0.9491	0.0798
INS	0.3884	1.0	0.081
NFYC	0.4545	0.0821	0.9733
ZBTB7A	0.0881	0.2251	0.2733
NR5A1	0.1484	0.6318	0.0889
HNF4A	0.293	0.824	0.0896
NELFCD	0.0999	0.0948	0.5212
STAT1	0.1762	0.6013	0.0973
MECP2	0.5457	0.0977	0.9683
NFYB	0.5094	0.0991	0.9775
PPP1R13B	0.4005	0.1005	1.0
TP53BP2	0.4005	0.1005	1.0
DDIT3	0.4003	0.1006	0.9357
SREBF1	0.6191	0.1008	0.9887
NR4A1	0.1495	0.5943	0.1053
YY1	0.2435	0.1056	0.7251
VHL	0.5617	1.0	0.1119
HDAC1	0.2579	0.7142	0.1137
NCOA3	0.2909	0.7747	0.1159
CDKN2A	0.1428	0.5247	0.121
RB1	0.4521	0.9292	0.1218
AHR	0.3301	0.1278	0.8577
MED8	0.5807	1.0	0.1361
MED9	0.5807	1.0	0.1361
MED4	0.5807	1.0	0.1361
MED6	0.5807	1.0	0.1361
MED7	0.5807	1.0	0.1361
CDK19	0.5807	1.0	0.1361
MED19	0.5807	1.0	0.1361
MED16	0.5807	1.0	0.1361
MED15	0.5807	1.0	0.1361
MED18	0.5807	1.0	0.1361
MED17	0.5807	1.0	0.1361
MED11	0.5807	1.0	0.1361
MED14	0.5807	1.0	0.1361
MED13	0.5807	1.0	0.1361
MED10	0.5807	1.0	0.1361
MED27	0.5807	1.0	0.1361
MED26	0.5807	1.0	0.1361
MED29	0.5807	1.0	0.1361
MED28	0.5807	1.0	0.1361
MED22	0.5807	1.0	0.1361
MED25	0.5807	1.0	0.1361
MED24	0.5807	1.0	0.1361
MED21	0.5807	1.0	0.1361
MED20	0.5807	1.0	0.1361
MED30	0.5807	1.0	0.1361
MED31	0.5807	1.0	0.1361
CDK8	0.5807	1.0	0.1361
CCNC	0.5807	1.0	0.1361
MED13L	0.5807	1.0	0.1361
FAM120B	0.5807	1.0	0.1361
ATM	0.407	0.1368	0.8723
STAT5B	0.6101	0.9663	0.1392
SNW1	0.5888	1.0	0.1415
TAF9	0.4987	0.1448	1.0
VEGFA	0.1464	0.33	0.2801
ESR2	0.1481	0.3073	0.3125
NANOG	0.1509	0.3007	0.2726
FOXO1	0.633	0.9639	0.1509
NOTCH3	0.155	0.3288	0.2741
REL	0.6423	0.157	1.0
TSC22D3	0.4997	0.1617	1.0
FOXQ1	0.5101	1.0	0.1618
PIK3CA	0.513	1.0	0.1653
PTCH1	0.5241	1.0	0.166
CDKN1A	0.3433	0.1663	0.7904
HDAC3	0.6571	0.1665	0.9783
ATF5	0.1844	0.593	0.167
FOXO4	0.6463	0.9764	0.1691
TP73	0.1699	0.3622	0.2302
PRDM1	0.1875	0.17	0.6048
MED23	0.6624	1.0	0.1742
DLX5	0.1921	0.594	0.1751
MAML3	0.3425	0.7532	0.1772
MAMLD1	0.3425	0.7532	0.1772
HSF2	0.1926	0.5878	0.1812
IL12RB1	0.393	0.1824	0.8129
IL12B	0.393	0.1824	0.8129
CTCF	0.1905	0.1837	0.577
EDN1	0.6654	1.0	0.1852
ETV6	0.1889	0.1855	0.5818
SIN3A	0.1902	0.188	0.5306
NR1H4	0.5492	0.9323	0.1885
MMP13	0.1946	0.1887	0.5753
ANKRD1	0.5113	0.1891	1.0
EP300	0.2352	0.1911	0.5358
PURA	0.5162	1.0	0.1912
FOS	0.5311	0.872	0.1923
SERPINB5	0.1949	0.206	0.5533
HIC1	0.6619	0.1957	1.0
ING4	0.3386	0.1988	0.7213
MSC	0.4062	0.8278	0.1992
SUPT7L	0.5078	0.2005	1.0
TAF12	0.5078	0.2005	1.0
TAF10	0.5078	0.2005	1.0
TYK2	0.4469	0.2016	0.8334
TNFRSF11B	0.5178	0.2023	1.0
IL12RB2	0.4737	0.2064	0.8998
IL12A	0.4737	0.2064	0.8998
NFYA	0.7489	0.2095	0.9892
MAML2	0.4126	0.7832	0.2121
HIF1A	0.4568	0.2153	0.8039
IL2RG	0.7242	1.0	0.2175
NR0B1	0.4006	0.807	0.2206
IL2RB	0.4815	0.8664	0.2227
FOXA3	0.2231	0.4036	0.3355
JAK2	0.4991	0.2237	0.8518
TFAP2C	0.7331	1.0	0.2256
ETV4	0.4903	0.8699	0.2257
TNF	0.2921	0.6669	0.2269
SOX2	0.5078	0.8484	0.2283
APC	0.2301	0.3544	0.3953
HMGA1	0.4773	0.8554	0.2312
HDAC9	0.5569	0.9186	0.2316
ILF3	0.2976	0.6739	0.2318
PAX6	0.7363	1.0	0.2324
TP53	0.3578	0.6332	0.233
IL23R	0.5453	0.2401	0.9089
IRF2	0.6231	0.2436	1.0
SALL4	0.2927	0.6508	0.244
SP3	0.2472	0.3398	0.3733
FOSB	0.2907	0.2498	0.6496
HBP1	0.6198	1.0	0.2531
F2	0.2901	0.2531	0.6308
USF2	0.4541	0.2601	0.7708
SOX17	0.2915	0.6286	0.2619
MET	0.6209	0.2638	1.0
ABCA3	0.278	0.2691	0.6143
BRCA1	0.3915	0.2708	0.6657
TFE3	0.6178	0.2719	1.0
IL23A	0.3977	0.2775	0.7125
REST	0.7295	0.2811	0.9607
HDAC7	0.7863	0.2832	1.0
KLF5	0.4817	0.2855	0.8295
MAPK3	0.4931	0.2877	0.8314
MAML1	0.5442	0.8298	0.2919
HDAC2	0.298	0.3552	0.452
SMAD7	0.3288	0.299	0.5867
HIPK2	0.3966	0.302	0.717
SMAD4	0.7907	0.9711	0.3026
MOV10	0.4131	0.3036	0.6799
AGO3	0.4131	0.3036	0.6799
AGO4	0.4131	0.3036	0.6799
AGO1	0.4131	0.3036	0.6799
TNRC6C	0.4131	0.3036	0.6799
TNRC6A	0.4131	0.3036	0.6799
TNRC6B	0.4131	0.3036	0.6799
PPARGC1A	0.8165	0.9778	0.3042
GLI3	0.7188	0.3085	1.0
NFIC	0.3249	0.3085	0.5763
HDAC5	0.7161	0.3097	1.0
KLF4	0.8391	0.9854	0.3097
HEY1	0.3467	0.584	0.3121
JUN	0.8151	0.9591	0.3133
PTTG1	0.6762	0.3179	0.9382
SPP1	0.3181	0.4657	0.3967
CREM	0.7856	1.0	0.3238
MTF1	0.3961	0.3288	0.6885
CEBPB	0.6647	0.8708	0.3332
PITX1	0.3338	0.5562	0.3412
IL2	0.3344	0.4717	0.4092
ONECUT1	0.3907	0.3365	0.6711
MAPK1	0.5676	0.3365	0.857
ETS1	0.5438	0.7532	0.3394
XBP1	0.5885	0.351	0.8018
HSF1	0.6453	0.3522	0.8929
SMAD2	0.4964	0.7707	0.3524
NOTCH1	0.7046	0.931	0.3528
MEF2C	0.7816	1.0	0.3544
TBX21	0.7828	0.3614	1.0
STAT5A	0.5966	0.7987	0.369
GATA1	0.6516	0.3739	0.8637
TCF3	0.4942	0.7543	0.3768
IL37	0.3972	0.3829	0.5901
IRF8	0.4969	0.3873	0.7447
PPARG	0.7186	0.3937	0.8818
RBPJ	0.5301	0.713	0.3988
FLI1	0.4732	0.4066	0.6524
ATF1	0.8394	1.0	0.4114
DNMT1	0.522	0.4136	0.6857
ELF1	0.5891	0.8073	0.4148
HES1	0.9065	0.4198	1.0
BCL6	0.4652	0.612	0.4248
FOXP3	0.8331	1.0	0.4262
HEY2	0.8411	1.0	0.4277
NCOR1	0.926	0.4321	1.0
SNAI2	0.9054	1.0	0.4397
RUNX1	0.8855	0.9762	0.4508
FOXO3	0.758	0.8773	0.4602
GATA2	0.804	0.9463	0.4629
TCF4	0.8073	0.9455	0.4639
GABPB1	0.5868	0.4645	0.7657
JUNB	0.6354	0.7572	0.4666
FOSL1	0.7072	0.4668	0.8552
GABPA	0.588	0.4672	0.7637
OTX2	0.5847	0.4704	0.7654
MTA1	0.8038	0.944	0.4759
KAT2A	0.478	0.5763	0.4794
ETS2	0.6714	0.8152	0.4781
CEBPD	0.8406	0.9623	0.4801
HOXB7	0.6698	0.8369	0.4822
PPARD	0.4834	0.5608	0.5229
ATF2	0.916	0.9756	0.4876
ATF3	0.8737	0.4878	1.0
POU5F1	0.7573	0.8695	0.4946
ESRRA	0.8741	0.4947	1.0
JUND	0.8246	0.9275	0.502
FOSL2	0.7887	0.5055	0.9244
NR2F1	0.506	0.556	0.6057
SP2	0.5096	0.5815	0.5802
FOXP2	0.5107	0.5744	0.5775
ZFHX3	0.5117	0.5601	0.5962
AIP	0.5118	0.5613	0.5964
NR1H2	0.5119	0.6097	0.5502
ZNF300	0.512	0.5833	0.5897
POLE3	0.5138	0.6135	0.5484
IHH	0.5143	0.6047	0.5626
ARNTL	0.7348	0.8292	0.5211
CREB5	0.7347	0.8551	0.5404
PARP1	0.7333	0.8505	0.5454
CREB1	0.9345	0.5515	0.9831
IL2RA	0.7849	0.8894	0.5522
PAX3	0.8549	1.0	0.5526
HIST2H2AA3	0.8546	1.0	0.5544
HIST2H2AC	0.8546	1.0	0.5544
HIST1H2AD	0.8546	1.0	0.5544
HIST1H2AB	0.8546	1.0	0.5544
HIST1H2AJ	0.8546	1.0	0.5544
H2AFB1	0.8546	1.0	0.5544
H2AFJ	0.8546	1.0	0.5544
H2AFZ	0.8546	1.0	0.5544
H2AFX	0.8546	1.0	0.5544
H2AFV	0.8546	1.0	0.5544
FOXL2	0.8518	0.5547	1.0
MAPK14	0.8553	1.0	0.5567
TCF7	0.8553	1.0	0.5591
PBX1	0.8549	1.0	0.5602
AGO2	0.576	0.5609	0.6325
TFAP2B	0.855	1.0	0.5627
EDNRA	0.8501	1.0	0.5643
FOXD3	0.8502	1.0	0.5671
CEBPA	0.8747	0.9349	0.5682
PITX2	0.8525	1.0	0.5684
CDK1	0.8563	1.0	0.5694
LHX2	0.8539	1.0	0.5706
NFKBIA	0.5971	0.571	0.6348
MSX1	0.8619	1.0	0.5723
RARA	0.7704	0.845	0.5812
TP63	0.6713	0.5827	0.6922
POU4F1	0.8551	0.5836	1.0
MLLT10	0.8584	1.0	0.5879
HOXA9	0.8601	0.5888	1.0
HOXA10	0.9369	0.5902	1.0
SIRT1	0.6398	0.591	0.6305
NR1D1	0.8534	1.0	0.5939
IRF1	0.771	0.797	0.5948
MAF	0.8526	0.5958	1.0
RXRB	0.8525	0.5971	1.0
MCM6	0.8589	0.5977	1.0
CD247	0.8472	0.604	1.0
MCM5	0.8572	0.608	1.0
PTGS2	0.8509	0.6084	1.0
NR5A2	0.6134	0.6687	0.6128
ELK1	0.9344	0.6148	1.0
SOX6	0.6166	0.6363	0.6556
ASF1B	0.855	0.6173	1.0
HIST3H2BB	0.899	1.0	0.6174
H3F3B	0.899	1.0	0.6174
HIST2H3C	0.899	1.0	0.6174
HIST1H3E	0.899	1.0	0.6174
HIST1H4C	0.899	1.0	0.6174
HIST1H2AC	0.899	1.0	0.6174
HIST1H2BH	0.899	1.0	0.6174
HIST1H2BG	0.899	1.0	0.6174
HIST1H2BB	0.899	1.0	0.6174
HIST1H2BA	0.899	1.0	0.6174
HIST1H2BD	0.899	1.0	0.6174
H2BFS	0.899	1.0	0.6174
HIST1H2BN	0.899	1.0	0.6174
HIST1H2BM	0.899	1.0	0.6174
HIST1H2BO	0.899	1.0	0.6174
HIST1H2BJ	0.899	1.0	0.6174
HIST1H2BL	0.899	1.0	0.6174
HIST1H2BK	0.899	1.0	0.6174
GATA4	0.7927	0.618	0.8604
RORA	0.6182	0.6699	0.6273
IL6ST	0.6184	0.6649	0.6258
MMP7	0.8992	1.0	0.6186
NR1H3	0.6233	0.6735	0.6197
STAT6	0.9766	0.9939	0.62
RXRG	0.622	0.6655	0.6257
SP4	0.8959	1.0	0.6222
NOTCH4	0.9026	1.0	0.6226
CCND1	0.8387	0.908	0.6234
PIAS1	0.6236	0.6581	0.6422
HDAC4	0.8349	0.6246	0.9019
AKT1	0.6248	0.6652	0.6353
NR1I2	0.8183	0.8582	0.626
HDGF	0.6268	0.6615	0.6397
IL4	0.9249	0.9737	0.6317
MEF2D	0.9041	1.0	0.6323
CLOCK	0.7131	0.7127	0.6336
TAL1	0.8995	1.0	0.634
EGR2	0.9027	0.6405	1.0
EGR1	0.8726	0.6457	0.8973
DCT	0.8973	0.6484	1.0
ZBTB16	0.9016	1.0	0.6523
GATA3	0.8406	0.8576	0.6525
CCND3	0.903	0.6646	1.0
HNF1A	0.8797	0.9079	0.6656
IRF7	0.901	0.6677	1.0
RUNX3	0.7198	0.6835	0.6687
SMAD3	0.8801	0.8794	0.6729
IL18	0.9006	0.6758	1.0
IL18R1	0.9006	0.6758	1.0
IL18RAP	0.9006	0.6758	1.0
NFKB1	0.8725	0.6763	0.8517
KLK3	0.7131	0.7243	0.6805
HIST2H2BE	0.7094	0.7218	0.6836
RELA	0.9302	0.6857	0.9297
NR3C1	0.7774	0.696	0.7219
TWIST2	0.9491	0.7024	0.9789
ELF3	0.9356	1.0	0.7031
KLF10	0.9332	1.0	0.7045
VDR	0.7495	0.7064	0.711
PDX1	0.7885	0.7772	0.7256
CIITA	0.9741	0.7272	1.0
CBFB	0.9944	0.9991	0.7286
RAD51	0.7831	0.7757	0.7291
CD3D	0.7765	0.7664	0.7319
IRF3	0.7774	0.7584	0.7361
RBMX	0.9558	0.7363	1.0
CDC6	0.9337	0.7436	1.0
IRF9	0.7799	0.7523	0.7465
FOXF2	0.7809	0.7472	0.7609
ZFP36	0.9548	0.7475	1.0
PAX8	0.7795	0.759	0.7494
TWIST1	0.9591	0.7495	0.967
NPAS2	0.8419	0.802	0.7516
WT1	0.9053	0.7522	0.8824
PML	0.8437	0.7944	0.7647
IL10	0.9498	0.9474	0.7709
PAX5	0.9479	0.9545	0.772
APEX1	0.9704	1.0	0.777
NFATC3	0.9273	0.7807	0.9264
SNAI1	0.8348	0.7816	0.7969
ABL1	0.8407	0.8028	0.7837
KLF2	0.9683	0.7931	1.0
LMO2	0.9713	0.7938	1.0
IL13	0.9537	0.9443	0.799
POU2F1	0.9431	0.8044	0.941
TBP	0.9819	0.8299	1.0
SATB1	0.9071	0.8659	0.8431
WWTR1	0.9778	0.8432	1.0
ERBB4	0.9094	0.8633	0.8451
ABCB1	0.9784	0.8489	1.0
ATF4	0.9659	0.8497	0.9328
SPI1	0.9933	0.9923	0.8507
NFATC2	0.9691	0.8762	0.9388
KLF6	0.9938	1.0	0.8884
SOX9	0.9668	0.9193	0.9019
EPAS1	0.9946	0.9903	0.9025
ERG	0.9637	0.916	0.9117
SRF	0.9755	0.9341	0.9194
ZBTB17	0.9982	1.0	0.9412
NFATC1	0.9881	0.9566	0.942
RUNX2	0.9997	1.0	0.971
AR	0.9997	0.9957	0.9799
EHMT2	1.0	1.0	1.0
CREB3L3	1.0	1.0	1.0
DAPK2	1.0	1.0	1.0
PRKCQ	1.0	1.0	1.0
HIF3A	1.0	1.0	1.0
ZEB2	1.0	1.0	1.0
ZEB1	1.0	1.0	1.0
ASCL1	1.0	1.0	1.0
CDC25A	1.0	1.0	1.0
PGR	1.0	1.0	1.0
NOTCH2	1.0	1.0	1.0
NKX3-1	1.0	1.0	1.0
MTOR	1.0	1.0	1.0
KLF8	1.0	1.0	1.0
TRERF1	1.0	1.0	1.0
PER1	1.0	1.0	1.0
IL8	1.0	1.0	1.0
IRF4	1.0	1.0	1.0