Overall graph size pval = 0.5878
Gene	Downstream crowded pval	Downstream suggests activation pval	Downstream suggests inhibition pval
MED1	1.0E-4	0.4092	1.0E-4
MED8	1.0E-4	0.0999	1.0E-4
MED9	1.0E-4	0.0999	1.0E-4
MED4	1.0E-4	0.0999	1.0E-4
MED6	1.0E-4	0.0999	1.0E-4
MED7	1.0E-4	0.0999	1.0E-4
CDK19	1.0E-4	0.0999	1.0E-4
MED19	1.0E-4	0.0999	1.0E-4
MED16	1.0E-4	0.0999	1.0E-4
MED15	1.0E-4	0.0999	1.0E-4
MED18	1.0E-4	0.0999	1.0E-4
MED17	1.0E-4	0.0999	1.0E-4
MED12	1.0E-4	0.1188	1.0E-4
MED11	1.0E-4	0.0999	1.0E-4
MED14	1.0E-4	0.0999	1.0E-4
MED13	1.0E-4	0.0999	1.0E-4
MED10	1.0E-4	0.0999	1.0E-4
MED27	1.0E-4	0.0999	1.0E-4
MED26	1.0E-4	0.0999	1.0E-4
MED29	1.0E-4	0.0999	1.0E-4
MED28	1.0E-4	0.0999	1.0E-4
MED23	1.0E-4	0.1087	1.0E-4
MED22	1.0E-4	0.0999	1.0E-4
MED25	1.0E-4	0.0999	1.0E-4
MED24	1.0E-4	0.0999	1.0E-4
MED21	1.0E-4	0.0999	1.0E-4
MED20	1.0E-4	0.0999	1.0E-4
PPARG	0.0018	0.5744	1.0E-4
MED30	1.0E-4	0.0999	1.0E-4
MED31	1.0E-4	0.0999	1.0E-4
CDK8	1.0E-4	0.0999	1.0E-4
KLF8	1.0E-4	0.0044	0.0071
CCNC	1.0E-4	0.0999	1.0E-4
HELZ2	1.0E-4	0.3968	1.0E-4
MED13L	1.0E-4	0.0999	1.0E-4
NCOA1	2.0E-4	0.4301	1.0E-4
NCOA2	3.0E-4	0.4269	1.0E-4
NCOA3	1.0E-4	0.2241	1.0E-4
RXRA	1.0E-4	0.487	1.0E-4
THRAP3	1.0E-4	0.1093	1.0E-4
FAM120B	1.0E-4	0.0999	1.0E-4
CTNNB1	0.0037	1.0	2.0E-4
MITF	7.0E-4	1.0	3.0E-4
PPARGC1A	5.0E-4	0.2835	7.0E-4
NFKB1	0.0024	0.6305	7.0E-4
RELA	0.0043	0.6734	9.0E-4
CREBBP	0.0041	0.6496	0.0011
ETV4	0.0037	1.0	0.0015
TWIST1	0.0022	0.3715	0.0017
ESR1	0.0844	0.0021	1.0
SRF	0.0122	1.0	0.0026
CEBPB	0.0195	1.0	0.0031
CREB3L3	0.0086	1.0	0.0035
IL4	0.0264	1.0	0.0038
HIPK2	0.016	0.0052	1.0
EGR1	0.0102	0.5237	0.0052
TWIST2	0.0053	0.2897	0.0061
SPDEF	0.0382	0.0059	1.0
CBFB	0.0069	0.0108	0.1909
EP300	0.0073	0.0894	0.0362
IL13	0.0497	1.0	0.0108
NCOR1	0.0111	0.0417	0.1641
ERBB4	0.0515	0.0113	1.0
ELF1	0.0306	1.0	0.0117
ARNT	0.021	0.5339	0.0126
FOS	0.0245	0.5729	0.0128
FOXA2	0.0396	0.0132	0.5572
MSC	0.0405	1.0	0.0133
NR4A1	0.0471	1.0	0.0144
ATF4	0.0525	1.0	0.0173
WT1	0.1167	1.0	0.0176
HIF1A	0.02	0.2769	0.029
IL2RG	0.0441	1.0	0.0223
REL	0.0623	1.0	0.0239
MTA1	0.0886	1.0	0.0289
NFKB2	0.0295	0.0987	0.1651
CEBPA	0.0887	1.0	0.0297
LEF1	0.0905	1.0	0.0308
TCF4	0.093	1.0	0.037
HOXB7	0.038	0.1257	0.1637
TP53	0.2024	0.9186	0.0398
STAT6	0.0399	0.0756	0.2116
ATF3	0.0416	0.1623	0.1371
RUNX1	0.044	0.0974	0.1928
AR	0.24	0.0446	1.0
PARP1	0.045	0.1618	0.1586
TFAP2C	0.0462	0.1211	0.2035
VHL	0.0535	0.1796	0.1674
BCL6	0.1327	0.0552	1.0
FOXO1	0.1756	1.0	0.0558
NKX3-1	0.1465	1.0	0.0562
GATA3	0.2221	0.0565	1.0
TBL1X	0.1444	1.0	0.0566
TBL1XR1	0.1444	1.0	0.0566
SMARCD3	0.1459	1.0	0.0573
CHD9	0.1459	1.0	0.0573
TGS1	0.1459	1.0	0.0573
TFAP2B	0.1484	0.058	1.0
PIK3CA	0.147	0.0585	1.0
NR5A2	0.1803	0.0591	1.0
ZFHX3	0.1507	1.0	0.06
STAT3	0.1591	0.829	0.0605
FOSL1	0.1452	1.0	0.0627
MSX1	0.151	0.0629	1.0
JUN	0.0661	0.2083	0.1381
RUNX2	0.145	1.0	0.0661
FOXP2	0.1448	1.0	0.068
NCOA6	0.1663	1.0	0.0683
ATF2	0.0687	0.4424	0.0791
CDC25A	0.1739	0.071	1.0
CARM1	0.1749	1.0	0.0713
IRF4	0.1506	1.0	0.0739
EGR2	0.1752	1.0	0.0793
FOXA3	0.2233	0.0795	1.0
CITED2	0.1424	1.0	0.0798
GATA6	0.1747	0.0804	1.0
TAL1	0.1751	0.0819	1.0
ZEB2	0.1693	1.0	0.0872
MAZ	0.1451	1.0	0.0882
PPARA	0.0902	0.1469	0.2797
CCNT1	0.2585	0.0908	1.0
GTF2F1	0.2585	0.0908	1.0
GTF2F2	0.2585	0.0908	1.0
CDK9	0.2585	0.0908	1.0
POLR2A	0.2585	0.0908	1.0
POLR2B	0.2585	0.0908	1.0
POLR2C	0.2585	0.0908	1.0
POLR2D	0.2585	0.0908	1.0
POLR2E	0.2585	0.0908	1.0
POLR2G	0.2585	0.0908	1.0
POLR2H	0.2585	0.0908	1.0
POLR2I	0.2585	0.0908	1.0
POLR2J	0.2585	0.0908	1.0
POLR2K	0.2585	0.0908	1.0
POLR2L	0.2585	0.0908	1.0
SOX2	0.2086	1.0	0.0914
MAML2	0.0939	0.1564	0.2983
IRF2	0.181	0.0947	1.0
RUNX3	0.3118	0.0982	1.0
POLR2F	0.2817	0.1	1.0
HDGF	0.1746	1.0	0.1008
SERPINB5	0.1462	1.0	0.1011
EPAS1	0.1887	1.0	0.1012
CCND3	0.1812	1.0	0.1028
PRDM1	0.1488	0.1039	1.0
JAK3	0.1505	1.0	0.1047
CREB1	0.4473	0.1048	1.0
HDAC2	0.2026	0.1049	1.0
WWTR1	0.2741	0.1063	1.0
NOTCH2	0.1527	1.0	0.1069
SOX17	0.174	0.1087	1.0
INS	0.2021	1.0	0.1103
MAML1	0.1137	0.1936	0.3131
ILF3	0.1785	1.0	0.1162
ETS1	0.4777	0.1187	1.0
JAK1	0.1742	1.0	0.1212
TFAP2A	0.1213	0.4052	0.1505
SATB1	0.2915	0.1219	1.0
CDX2	0.125	0.2055	0.3333
LMO2	0.2469	0.1273	1.0
KLK3	0.2004	1.0	0.1288
TCF3	0.2314	0.129	1.0
VEGFA	0.2009	1.0	0.1295
FOXO4	0.131	0.1949	0.3452
SIRT1	0.4206	1.0	0.1321
NOTCH1	0.3681	0.1345	1.0
ESRRA	0.2721	0.1372	1.0
HDAC7	0.3218	1.0	0.1414
ASCL1	0.2014	0.1426	1.0
NRF1	0.3815	0.1438	1.0
FOXP3	0.2536	1.0	0.1468
RBPJ	0.1482	0.205	0.3632
KLF6	0.3408	0.1565	1.0
RAD51	0.2294	1.0	0.158
CD3D	0.2341	1.0	0.1585
FOSL2	0.4023	0.1588	1.0
STAT4	0.2006	0.1618	0.5558
IL10	0.3396	0.1624	1.0
HDAC9	0.3853	1.0	0.1639
FOXO3	0.3156	1.0	0.167
PGR	0.3183	0.1767	1.0
MYB	0.588	0.1771	1.0
PPARD	0.2982	1.0	0.1798
HSF1	0.3413	0.1814	1.0
NFE2L2	0.2849	1.0	0.1889
E2F2	0.3848	0.1904	1.0
ABCB1	0.2751	1.0	0.1913
E2F1	0.7937	0.1916	1.0
IL2RB	0.3018	1.0	0.2057
CCND1	0.3493	1.0	0.2101
MAPK3	0.3005	1.0	0.2116
PAX5	0.4208	0.2125	1.0
KLF5	0.3001	1.0	0.2141
GLI1	0.3387	1.0	0.2189
ERG	0.3618	1.0	0.22
MAPK1	0.3216	1.0	0.2263
DDIT3	0.4066	0.2268	1.0
HES1	0.3882	0.2385	1.0
NR3C1	0.2762	0.2538	0.5676
GATA2	0.4033	1.0	0.254
EZH2	0.254	0.4525	0.3203
E2F3	0.5242	0.2618	1.0
IL2	0.3892	1.0	0.2656
GLI2	0.4132	1.0	0.2824
MAML3	0.3922	1.0	0.2839
MAMLD1	0.3922	1.0	0.2839
NFATC3	0.4076	1.0	0.2897
VDR	0.5157	0.296	1.0
NFATC1	0.4264	1.0	0.2989
CEBPD	0.4245	1.0	0.3019
FOXM1	0.302	0.3086	0.5323
RARA	0.465	1.0	0.3126
TCF7L2	0.4403	1.0	0.3188
HDAC3	0.4858	0.3489	1.0
POU5F1	0.6178	0.3505	1.0
MECP2	0.6302	1.0	0.3621
JUNB	0.5303	1.0	0.378
JUND	0.5334	1.0	0.384
HNF4A	0.562	1.0	0.397
SP1	0.4008	0.5462	0.4067
XBP1	0.4804	0.4119	0.6665
FOXA1	0.7622	0.4133	1.0
GATA1	0.6183	1.0	0.428
NFATC2	0.5945	1.0	0.4346
TP73	0.8	0.4354	1.0
SREBF2	0.6218	1.0	0.4453
STAT5B	0.6084	1.0	0.4567
KLF4	0.68	1.0	0.4665
STAT5A	0.6487	1.0	0.4724
TFDP1	0.8022	0.4788	1.0
SP3	0.4884	0.4892	0.6253
BRCA1	0.7958	0.5084	1.0
HDAC1	0.5857	0.7066	0.5193
IRF1	0.728	1.0	0.5253
STAT1	0.8731	1.0	0.6855
MAX	0.959	0.7672	1.0
MYC	0.9618	0.8875	0.9352
ATF1	1.0	1.0	1.0
RB1	1.0	1.0	1.0
MDC1	1.0	1.0	1.0
SPI1	1.0	1.0	1.0
TRRAP	1.0	1.0	1.0
EHMT2	1.0	1.0	1.0
GABPB1	1.0	1.0	1.0
ELK1	1.0	1.0	1.0
HOXA9	1.0	1.0	1.0
AKT1	1.0	1.0	1.0
HIST3H2BB	1.0	1.0	1.0
MEF2A	1.0	1.0	1.0
MEF2C	1.0	1.0	1.0
DAPK2	1.0	1.0	1.0
PRKCQ	1.0	1.0	1.0
ATF5	1.0	1.0	1.0
CLOCK	1.0	1.0	1.0
ATF6	1.0	1.0	1.0
SF1	1.0	1.0	1.0
ASF1B	1.0	1.0	1.0
GATA4	1.0	1.0	1.0
TERT	1.0	1.0	1.0
NKX2-5	1.0	1.0	1.0
ZBTB7A	1.0	1.0	1.0
BTF3	1.0	1.0	1.0
ZNF382	1.0	1.0	1.0
H3F3B	1.0	1.0	1.0
ABCA3	1.0	1.0	1.0
NR2F1	1.0	1.0	1.0
NR0B1	1.0	1.0	1.0
NR2F2	1.0	1.0	1.0
NR1D1	1.0	1.0	1.0
CDC6	1.0	1.0	1.0
PBX1	1.0	1.0	1.0
FLI1	1.0	1.0	1.0
MOV10	1.0	1.0	1.0
MLLT10	1.0	1.0	1.0
AGO3	1.0	1.0	1.0
AGO4	1.0	1.0	1.0
AGO1	1.0	1.0	1.0
AGO2	1.0	1.0	1.0
SNAI1	1.0	1.0	1.0
SNAI2	1.0	1.0	1.0
NANOG	1.0	1.0	1.0
HBP1	1.0	1.0	1.0
CDK12	1.0	1.0	1.0
HIST2H2AA3	1.0	1.0	1.0
LIN54	1.0	1.0	1.0
CDKN1A	1.0	1.0	1.0
ELL	1.0	1.0	1.0
CTCF	1.0	1.0	1.0
HIF3A	1.0	1.0	1.0
ING1	1.0	1.0	1.0
GLI3	1.0	1.0	1.0
HIST2H2AC	1.0	1.0	1.0
ING4	1.0	1.0	1.0
HEY1	1.0	1.0	1.0
HEY2	1.0	1.0	1.0
TIMP3	1.0	1.0	1.0
ELOA	1.0	1.0	1.0
ELOB	1.0	1.0	1.0
NELFB	1.0	1.0	1.0
ELOC	1.0	1.0	1.0
NELFCD	1.0	1.0	1.0
NELFA	1.0	1.0	1.0
JAK2	1.0	1.0	1.0
LIN52	1.0	1.0	1.0
NELFE	1.0	1.0	1.0
ACTL6A	1.0	1.0	1.0
PAX3	1.0	1.0	1.0
PAX6	1.0	1.0	1.0
F2	1.0	1.0	1.0
HIST2H2BE	1.0	1.0	1.0
KAT2B	1.0	1.0	1.0
KAT2A	1.0	1.0	1.0
MMP13	1.0	1.0	1.0
ZEB1	1.0	1.0	1.0
PAX8	1.0	1.0	1.0
MTF1	1.0	1.0	1.0
CTDP1	1.0	1.0	1.0
LIN37	1.0	1.0	1.0
NR1I2	1.0	1.0	1.0
PTGS2	1.0	1.0	1.0
EGFR	1.0	1.0	1.0
SPP1	1.0	1.0	1.0
IL12RB1	1.0	1.0	1.0
MEF2D	1.0	1.0	1.0
IL12RB2	1.0	1.0	1.0
CDKN2A	1.0	1.0	1.0
NR1H2	1.0	1.0	1.0
NR1H4	1.0	1.0	1.0
NR1H3	1.0	1.0	1.0
GTF2H1	1.0	1.0	1.0
GTF2H2	1.0	1.0	1.0
GTF2H3	1.0	1.0	1.0
POU4F1	1.0	1.0	1.0
GTF2H4	1.0	1.0	1.0
GTF2H5	1.0	1.0	1.0
APEX1	1.0	1.0	1.0
NFIC	1.0	1.0	1.0
FOSB	1.0	1.0	1.0
CCNT2	1.0	1.0	1.0
RORA	1.0	1.0	1.0
AHR	1.0	1.0	1.0
TNF	1.0	1.0	1.0
YY1	1.0	1.0	1.0
FOXQ1	1.0	1.0	1.0
ZFP36	1.0	1.0	1.0
SALL4	1.0	1.0	1.0
RUVBL2	1.0	1.0	1.0
RUVBL1	1.0	1.0	1.0
PITX2	1.0	1.0	1.0
PITX1	1.0	1.0	1.0
MEN1	1.0	1.0	1.0
SUPT16H	1.0	1.0	1.0
AIP	1.0	1.0	1.0
HIC1	1.0	1.0	1.0
PIAS1	1.0	1.0	1.0
MAF	1.0	1.0	1.0
IL6ST	1.0	1.0	1.0
NOTCH3	1.0	1.0	1.0
DNMT1	1.0	1.0	1.0
DLX5	1.0	1.0	1.0
NOTCH4	1.0	1.0	1.0
CREM	1.0	1.0	1.0
TNFRSF11B	1.0	1.0	1.0
NPAS2	1.0	1.0	1.0
ABL1	1.0	1.0	1.0
ZNF300	1.0	1.0	1.0
FANCI	1.0	1.0	1.0
ZBTB17	1.0	1.0	1.0
ZBTB16	1.0	1.0	1.0
ELOA2	1.0	1.0	1.0
ELOA3	1.0	1.0	1.0
MLXIPL	1.0	1.0	1.0
CDK7	1.0	1.0	1.0
SP2	1.0	1.0	1.0
LHX2	1.0	1.0	1.0
SP4	1.0	1.0	1.0
BCL2	1.0	1.0	1.0
NF1	1.0	1.0	1.0
CDK1	1.0	1.0	1.0
MNAT1	1.0	1.0	1.0
CIITA	1.0	1.0	1.0
PPP1R13B	1.0	1.0	1.0
ONECUT1	1.0	1.0	1.0
SIN3A	1.0	1.0	1.0
FOXL2	1.0	1.0	1.0
TFDP2	1.0	1.0	1.0
MCM5	1.0	1.0	1.0
MCM6	1.0	1.0	1.0
MET	1.0	1.0	1.0
HDAC4	1.0	1.0	1.0
HDAC5	1.0	1.0	1.0
RBBP4	1.0	1.0	1.0
E2F4	1.0	1.0	1.0
E2F5	1.0	1.0	1.0
E2F6	1.0	1.0	1.0
E2F7	1.0	1.0	1.0
MTOR	1.0	1.0	1.0
PML	1.0	1.0	1.0
KLF2	1.0	1.0	1.0
TNRC6C	1.0	1.0	1.0
APC	1.0	1.0	1.0
IL2RA	1.0	1.0	1.0
CD247	1.0	1.0	1.0
TNRC6A	1.0	1.0	1.0
TNRC6B	1.0	1.0	1.0
CCNK	1.0	1.0	1.0
CCNH	1.0	1.0	1.0
IL23R	1.0	1.0	1.0
EDNRA	1.0	1.0	1.0
TRIM28	1.0	1.0	1.0
KAT5	1.0	1.0	1.0
CHEK1	1.0	1.0	1.0
IL12B	1.0	1.0	1.0
IL12A	1.0	1.0	1.0
SOX9	1.0	1.0	1.0
SOX6	1.0	1.0	1.0
TP63	1.0	1.0	1.0
PTGDR	1.0	1.0	1.0
HNF1A	1.0	1.0	1.0
IL23A	1.0	1.0	1.0
HIST2H3C	1.0	1.0	1.0
SUPT4H1	1.0	1.0	1.0
TP53BP2	1.0	1.0	1.0
HIST1H3E	1.0	1.0	1.0
FOXF2	1.0	1.0	1.0
TRERF1	1.0	1.0	1.0
SMARCA4	1.0	1.0	1.0
SNW1	1.0	1.0	1.0
ATM	1.0	1.0	1.0
HIST1H4C	1.0	1.0	1.0
ATR	1.0	1.0	1.0
MLX	1.0	1.0	1.0
ANKRD1	1.0	1.0	1.0
GABPA	1.0	1.0	1.0
SREBF1	1.0	1.0	1.0
FOXD3	1.0	1.0	1.0
EDN1	1.0	1.0	1.0
TSC22D3	1.0	1.0	1.0
TFE3	1.0	1.0	1.0
IL18	1.0	1.0	1.0
TYK2	1.0	1.0	1.0
PROX1	1.0	1.0	1.0
SUPT3H	1.0	1.0	1.0
NR5A1	1.0	1.0	1.0
RAD51D	1.0	1.0	1.0
PCNA	1.0	1.0	1.0
ARNTL	1.0	1.0	1.0
RXRB	1.0	1.0	1.0
PURA	1.0	1.0	1.0
HSF2	1.0	1.0	1.0
RXRG	1.0	1.0	1.0
NPM1	1.0	1.0	1.0
NFYA	1.0	1.0	1.0
IL37	1.0	1.0	1.0
NFYB	1.0	1.0	1.0
NFYC	1.0	1.0	1.0
PER1	1.0	1.0	1.0
ELOA3D	1.0	1.0	1.0
TCEA1	1.0	1.0	1.0
ELOA3B	1.0	1.0	1.0
IL18R1	1.0	1.0	1.0
NEUROG3	1.0	1.0	1.0
IHH	1.0	1.0	1.0
ETS2	1.0	1.0	1.0
NR3C2	1.0	1.0	1.0
HOXA10	1.0	1.0	1.0
IL18RAP	1.0	1.0	1.0
PTTG1	1.0	1.0	1.0
HIST1H2AD	1.0	1.0	1.0
HIST1H2AC	1.0	1.0	1.0
HIST1H2AB	1.0	1.0	1.0
MSX2	1.0	1.0	1.0
HIST1H2AJ	1.0	1.0	1.0
SUPT7L	1.0	1.0	1.0
MYCN	1.0	1.0	1.0
FANCD2	1.0	1.0	1.0
HIST1H2BH	1.0	1.0	1.0
HIST1H2BG	1.0	1.0	1.0
HIST1H2BB	1.0	1.0	1.0
HIST1H2BA	1.0	1.0	1.0
HIST1H2BD	1.0	1.0	1.0
H2AFB1	1.0	1.0	1.0
TCF7	1.0	1.0	1.0
OTX2	1.0	1.0	1.0
SMAD2	1.0	1.0	1.0
SMAD4	1.0	1.0	1.0
POU2F1	1.0	1.0	1.0
SMAD3	1.0	1.0	1.0
TGFB1	1.0	1.0	1.0
PTCH1	1.0	1.0	1.0
HMGA1	1.0	1.0	1.0
H2BFS	1.0	1.0	1.0
SUPT5H	1.0	1.0	1.0
ESR2	1.0	1.0	1.0
SMAD7	1.0	1.0	1.0
NFKBIA	1.0	1.0	1.0
IL8	1.0	1.0	1.0
YBX1	1.0	1.0	1.0
H2AFJ	1.0	1.0	1.0
MYBL2	1.0	1.0	1.0
KLF10	1.0	1.0	1.0
POU1F1	1.0	1.0	1.0
TBP	1.0	1.0	1.0
MMP7	1.0	1.0	1.0
H2AFZ	1.0	1.0	1.0
H2AFX	1.0	1.0	1.0
H2AFV	1.0	1.0	1.0
ETV6	1.0	1.0	1.0
RBL2	1.0	1.0	1.0
RBL1	1.0	1.0	1.0
ELF3	1.0	1.0	1.0
DCT	1.0	1.0	1.0
IRF3	1.0	1.0	1.0
IRF7	1.0	1.0	1.0
IRF8	1.0	1.0	1.0
IRF9	1.0	1.0	1.0
CREB5	1.0	1.0	1.0
HIST1H2BN	1.0	1.0	1.0
HIST1H2BM	1.0	1.0	1.0
HIST1H2BO	1.0	1.0	1.0
HIST1H2BJ	1.0	1.0	1.0
HIST1H2BL	1.0	1.0	1.0
HIST1H2BK	1.0	1.0	1.0
TAF9	1.0	1.0	1.0
LIN9	1.0	1.0	1.0
TBX21	1.0	1.0	1.0
TAF12	1.0	1.0	1.0
TAF10	1.0	1.0	1.0
PDX1	1.0	1.0	1.0
SSRP1	1.0	1.0	1.0
MAPK14	1.0	1.0	1.0
USF2	1.0	1.0	1.0
USF1	1.0	1.0	1.0
REST	1.0	1.0	1.0
ERCC3	1.0	1.0	1.0
ERCC2	1.0	1.0	1.0
POLE3	1.0	1.0	1.0
RBMX	1.0	1.0	1.0