Overall graph size pval = 0.3305
Gene	Downstream crowded pval	Downstream suggests activation pval	Downstream suggests inhibition pval
MYCN	7.0E-4	1.0E-4	0.6963
SRF	0.001	0.6683	3.0E-4
E2F2	0.0087	5.0E-4	1.0
FOXM1	8.0E-4	0.0024	0.1584
E2F3	0.0418	9.0E-4	1.0
SOX9	0.0109	1.0	0.001
TFDP1	0.0322	0.0015	0.8677
MYC	0.3575	0.0025	0.9994
KLF5	0.0053	0.0028	0.5423
ESR1	0.125	0.9463	0.0039
SP1	0.1108	0.9225	0.0048
SPI1	0.1726	0.005	1.0
KLF8	0.0052	0.0248	0.1619
STAT3	0.0054	0.0634	0.0413
STAT6	0.0257	0.7267	0.0055
NELFCD	0.0896	0.0085	1.0
YBX1	0.089	0.8801	0.0093
CEBPD	0.01	0.1853	0.0406
ATR	0.0779	0.0107	1.0
MYBL2	0.0767	0.013	1.0
HOXB7	0.0135	0.1912	0.0428
RELA	0.0146	0.072	0.0947
CCNK	0.1154	0.0166	1.0
CCNH	0.1154	0.0166	1.0
SUPT4H1	0.1154	0.0166	1.0
CDK12	0.1154	0.0166	1.0
ELOA	0.1154	0.0166	1.0
ELOB	0.1154	0.0166	1.0
NELFA	0.1154	0.0166	1.0
ELOC	0.1154	0.0166	1.0
NELFE	0.1154	0.0166	1.0
RAD51D	0.1154	0.0166	1.0
CTDP1	0.1154	0.0166	1.0
GTF2H1	0.1154	0.0166	1.0
GTF2H2	0.1154	0.0166	1.0
GTF2H3	0.1154	0.0166	1.0
GTF2H4	0.1154	0.0166	1.0
GTF2H5	0.1154	0.0166	1.0
ELOA3D	0.1154	0.0166	1.0
TCEA1	0.1154	0.0166	1.0
CTNNB1	0.0436	0.6134	0.0166
ELOA3B	0.1154	0.0166	1.0
CCNT2	0.1154	0.0166	1.0
CCNT1	0.1154	0.0166	1.0
SUPT16H	0.1154	0.0166	1.0
GTF2F1	0.1154	0.0166	1.0
GTF2F2	0.1154	0.0166	1.0
ELOA2	0.1154	0.0166	1.0
ELOA3	0.1154	0.0166	1.0
SUPT5H	0.1154	0.0166	1.0
CDK9	0.1154	0.0166	1.0
CDK7	0.1154	0.0166	1.0
MNAT1	0.1154	0.0166	1.0
POLR2A	0.1154	0.0166	1.0
POLR2B	0.1154	0.0166	1.0
POLR2C	0.1154	0.0166	1.0
POLR2D	0.1154	0.0166	1.0
POLR2E	0.1154	0.0166	1.0
POLR2F	0.1154	0.0166	1.0
POLR2G	0.1154	0.0166	1.0
POLR2H	0.1154	0.0166	1.0
POLR2I	0.1154	0.0166	1.0
POLR2J	0.1154	0.0166	1.0
POLR2K	0.1154	0.0166	1.0
POLR2L	0.1154	0.0166	1.0
ERCC3	0.1154	0.0166	1.0
FANCD2	0.1171	0.0173	1.0
E2F4	0.0499	0.6847	0.0174
ZBTB17	0.0212	0.0227	0.3281
VDR	0.0212	0.0552	0.2277
TCF4	0.0221	0.2181	0.0536
MAX	0.3238	0.0227	0.9804
SSRP1	0.1599	0.0243	1.0
EGR1	0.0382	0.4511	0.0246
CEBPB	0.0248	0.1014	0.122
RUNX2	0.026	0.3572	0.0326
NELFB	0.1639	0.0263	1.0
TRRAP	0.1628	0.0297	1.0
FOSL2	0.1659	1.0	0.0299
ARNT	0.3811	0.9891	0.0306
SATB1	0.0427	0.5273	0.0332
JUNB	0.0926	0.725	0.0334
ELL	0.2113	0.0354	1.0
CDKN2A	0.0635	0.5776	0.0371
NFIC	0.0657	0.0385	0.5842
RBL2	0.2107	1.0	0.0386
LIN54	0.0425	0.0613	0.3856
LIN52	0.0425	0.0613	0.3856
LIN37	0.0425	0.0613	0.3856
LIN9	0.0425	0.0613	0.3856
NPM1	0.0427	0.3725	0.0697
HIF1A	0.1465	0.7242	0.0445
TP53	0.1203	0.622	0.0452
NFKB1	0.048	0.1331	0.1646
E2F1	0.2457	0.0494	0.8405
TWIST2	0.0531	0.1032	0.2665
AGO2	0.0869	0.0585	0.6009
JUN	0.1095	0.0617	0.5115
IL37	0.1189	0.0637	0.6588
KLF4	0.0654	0.3948	0.0682
ATF3	0.2268	0.0669	1.0
E2F5	0.2262	1.0	0.0669
IL13	0.0724	0.4538	0.067
MTA1	0.1125	0.0676	0.6433
HDAC1	0.4114	0.9611	0.068
ASCL1	0.2205	0.0707	1.0
MOV10	0.1174	0.0739	0.6374
AGO3	0.1174	0.0739	0.6374
AGO4	0.1174	0.0739	0.6374
AGO1	0.1174	0.0739	0.6374
TNRC6C	0.1174	0.0739	0.6374
TNRC6A	0.1174	0.0739	0.6374
TNRC6B	0.1174	0.0739	0.6374
HNF4A	0.3157	1.0	0.0741
ERCC2	0.3718	0.08	1.0
FANCI	0.3003	0.0856	1.0
MDC1	0.2979	0.0879	1.0
TFAP2A	0.3435	0.9178	0.0879
CEBPA	0.0879	0.2077	0.2265
PTTG1	0.0882	0.1157	0.3823
GATA3	0.1522	0.667	0.0888
ACTL6A	0.2957	0.0917	1.0
RUVBL2	0.2957	0.0917	1.0
SMAD3	0.0952	0.427	0.0932
NR4A1	0.2939	1.0	0.0945
ETV4	0.2933	1.0	0.0972
DCT	0.2998	1.0	0.0995
CIITA	0.1888	0.1016	0.7085
MYB	0.1022	0.143	0.3243
PITX1	0.2951	0.1022	1.0
MITF	0.2963	1.0	0.1039
SNAI2	0.1939	0.7018	0.1075
AR	0.209	0.1081	0.6594
IL4	0.2047	0.7011	0.1123
RBBP4	0.1144	0.1195	0.4886
ATF4	0.1152	0.1438	0.4146
CHEK1	0.3677	0.1164	1.0
TCF7L2	0.1175	0.1247	0.479
ATM	0.4788	0.1176	1.0
NOTCH1	0.1177	0.4737	0.1345
LEF1	0.1188	0.3814	0.1578
AHR	0.371	0.1196	1.0
TFDP2	0.2857	0.1205	0.7707
SIRT1	0.1208	0.3565	0.1631
SNAI1	0.1212	0.4949	0.1209
RBL1	0.3686	1.0	0.1221
BCL6	0.2323	0.7417	0.1226
RUVBL1	0.3655	0.1227	1.0
SPP1	0.3597	1.0	0.1243
EDN1	0.3647	1.0	0.1309
KLF10	0.3712	1.0	0.1309
FOSL1	0.1448	0.4144	0.1723
IL12B	0.4302	0.1475	1.0
JAK2	0.4302	0.1475	1.0
TYK2	0.4302	0.1475	1.0
IL12RB1	0.4302	0.1475	1.0
FLI1	0.4313	0.1536	1.0
PARP1	0.1541	0.5329	0.1558
ELK1	0.4364	0.1548	1.0
CREB5	0.1554	0.5264	0.1549
FOS	0.2055	0.1563	0.5453
HSF1	0.1615	0.5314	0.1589
RBPJ	0.1615	0.2877	0.3086
GATA2	0.4475	1.0	0.1644
SP3	0.2216	0.5582	0.1811
ERBB4	0.2062	0.5683	0.1899
XBP1	0.3344	0.715	0.1908
NR1I2	0.5056	1.0	0.1929
HDAC7	0.5055	0.1957	1.0
RB1	0.4109	0.8257	0.209
PURA	0.2154	0.3806	0.3653
KAT5	0.2639	0.2185	0.6126
ING4	0.2666	0.621	0.2204
ATF1	0.2206	0.368	0.3825
PPARD	0.5595	0.221	1.0
SALL4	0.2212	0.3772	0.3751
TWIST1	0.2265	0.2425	0.4702
MECP2	0.2269	0.3617	0.3585
VHL	0.5667	1.0	0.2301
SOX17	0.2314	0.3832	0.377
NCOR1	0.2532	0.2333	0.5944
NFATC2	0.6208	0.2503	1.0
RUNX3	0.4314	0.2619	0.744
SOX2	0.3187	0.6466	0.2643
HDAC3	0.311	0.2683	0.6387
EP300	0.7206	0.9671	0.2697
ATF2	0.4207	0.7311	0.2717
WT1	0.2811	0.3915	0.393
CDKN1A	0.3654	0.2838	0.6842
HBP1	0.2905	0.4385	0.4206
ETS1	0.4552	0.7538	0.2972
ERG	0.3704	0.672	0.2977
REST	0.2994	0.4444	0.4268
EZH2	0.3665	0.324	0.5996
CBFB	0.3669	0.5875	0.3372
CREB1	0.3918	0.6132	0.3477
IRF1	0.3508	0.4356	0.4501
KLF6	0.3621	0.4793	0.4813
PTGS2	0.6277	0.3626	1.0
PML	0.4746	0.3636	0.7327
TFAP2C	0.3676	0.4759	0.4917
TAF9	0.6291	0.374	1.0
PAX6	0.633	0.3752	1.0
JUND	0.48	0.7271	0.3754
FOXF2	0.6319	0.3755	1.0
IRF8	0.6395	0.3757	1.0
BRCA1	0.4498	0.377	0.6442
HDGF	0.6268	1.0	0.3772
GATA6	0.6413	0.3784	1.0
MSX2	0.6309	0.3798	1.0
TERT	0.6346	1.0	0.3822
MEF2A	0.6242	1.0	0.3827
POU2F1	0.6266	1.0	0.3839
CDC6	0.6286	1.0	0.3851
MAPK1	0.6296	1.0	0.3883
MAPK3	0.6296	1.0	0.3883
KLK3	0.6301	1.0	0.3887
MET	0.6293	1.0	0.3887
IRF9	0.6325	1.0	0.3889
PAX3	0.6242	1.0	0.3904
SMAD4	0.523	0.7511	0.4009
IL23R	0.6932	0.4144	1.0
IL23A	0.6932	0.4144	1.0
YY1	0.7116	0.4165	0.9172
SMARCA4	0.6957	0.4248	1.0
BTF3	0.6872	0.4302	1.0
NR5A1	0.6969	0.4313	1.0
ELF3	0.6937	1.0	0.4332
HDAC5	0.693	0.4357	1.0
ZBTB16	0.7006	0.4366	1.0
TBP	0.6989	1.0	0.4368
POU5F1	0.4374	0.5266	0.536
WWTR1	0.6913	1.0	0.4382
CDX2	0.4393	0.5299	0.5397
SOX6	0.705	0.4398	1.0
ZEB1	0.4409	0.5449	0.523
FOXA3	0.6961	1.0	0.4422
REL	0.693	1.0	0.4425
EPAS1	0.8148	1.0	0.4483
PTGDR	0.5857	0.4572	0.7413
SPDEF	0.7527	1.0	0.4808
IL8	0.7504	1.0	0.4837
BCL2	0.7499	1.0	0.4944
MTF1	0.7539	1.0	0.4977
NCOA3	0.6576	0.8124	0.5078
ABCB1	0.79	0.5095	1.0
CCNC	0.8018	0.5203	1.0
MED8	0.8018	0.5203	1.0
MED9	0.8018	0.5203	1.0
MED4	0.8018	0.5203	1.0
MED6	0.8018	0.5203	1.0
MED7	0.8018	0.5203	1.0
CDK19	0.8018	0.5203	1.0
MED13L	0.8018	0.5203	1.0
MED19	0.8018	0.5203	1.0
MED16	0.8018	0.5203	1.0
MED15	0.8018	0.5203	1.0
MED18	0.8018	0.5203	1.0
MED17	0.8018	0.5203	1.0
MED12	0.8018	0.5203	1.0
MED11	0.8018	0.5203	1.0
MED14	0.8018	0.5203	1.0
MED13	0.8018	0.5203	1.0
MED10	0.8018	0.5203	1.0
MED27	0.8018	0.5203	1.0
MED26	0.8018	0.5203	1.0
MED29	0.8018	0.5203	1.0
MED28	0.8018	0.5203	1.0
MED23	0.8018	0.5203	1.0
MED22	0.8018	0.5203	1.0
MED25	0.8018	0.5203	1.0
MED24	0.8018	0.5203	1.0
MED21	0.8018	0.5203	1.0
MED20	0.8018	0.5203	1.0
MED30	0.8018	0.5203	1.0
MED31	0.8018	0.5203	1.0
CDK8	0.8018	0.5203	1.0
THRAP3	0.8018	0.5203	1.0
FAM120B	0.8018	0.5203	1.0
LMO2	0.7925	0.5219	1.0
KAT2A	0.7968	0.5243	1.0
ATF6	0.7929	1.0	0.5345
GATA1	0.8984	0.539	1.0
USF2	0.8876	1.0	0.5404
ZNF382	0.7936	0.5414	1.0
MAML2	0.7981	1.0	0.5417
E2F6	0.8324	1.0	0.5571
GABPA	0.8339	0.5627	1.0
GLI1	0.8301	0.5644	1.0
HES1	0.8306	0.5709	1.0
FOXA2	0.5799	0.5842	0.6116
MAML1	0.832	1.0	0.5808
STAT1	0.7567	0.5911	0.8292
NR1H4	0.8621	1.0	0.6092
SREBF2	0.8118	0.6098	0.8963
NFYA	0.9356	0.6104	1.0
NCOA2	0.8021	0.6116	0.8596
HDAC4	0.866	0.6168	1.0
SMAD7	0.8659	1.0	0.6208
PPARG	0.7812	0.8385	0.6269
NCOA1	0.8207	0.6295	0.8723
ETS2	0.8852	0.6296	1.0
ARNTL	0.8846	0.6304	1.0
NPAS2	0.8846	0.6304	1.0
FOXO3	0.8348	0.6397	0.8999
DDIT3	0.8861	1.0	0.6409
STAT4	0.8001	0.8503	0.6414
NANOG	0.886	0.6432	1.0
GLI2	0.8852	1.0	0.6467
CLOCK	0.9059	0.667	1.0
RUNX1	0.8544	0.9001	0.6802
HDAC2	0.9079	0.6861	1.0
RXRA	0.7541	0.6867	0.7332
PPARA	0.8421	0.8593	0.6871
PAX5	0.7004	0.7037	0.7041
KAT2B	0.7115	0.7044	0.7147
FOXA1	0.8737	0.9096	0.7076
DNMT1	0.7093	0.7077	0.7094
PPARGC1A	0.8724	0.9092	0.714
TBL1X	0.8876	0.9166	0.7276
TBL1XR1	0.8876	0.9166	0.7276
STAT5A	0.9411	1.0	0.7417
CHD9	0.9022	0.9239	0.7467
SMARCD3	0.9022	0.9239	0.7467
TGS1	0.9022	0.9239	0.7467
CARM1	0.9157	0.9298	0.7637
NCOA6	0.9161	0.9308	0.7661
SREBF1	0.9497	0.7934	0.9579
CREBBP	0.9569	0.9668	0.7952
HELZ2	0.8827	0.8101	0.8381
NR3C1	0.8717	0.8102	0.8132
MED1	0.8963	0.8237	0.8521
NFYB	0.9795	0.8357	1.0
NFYC	0.9795	0.8357	1.0
USF1	0.9011	0.8419	0.8578
TP63	0.9779	0.9598	0.8924
FOXO1	0.995	0.9159	1.0
TP73	0.9914	0.9593	0.9667
GABPB1	1.0	1.0	1.0
MAML3	1.0	1.0	1.0
TP53BP2	1.0	1.0	1.0
STAT5B	1.0	1.0	1.0
CD3D	1.0	1.0	1.0
HEY1	1.0	1.0	1.0
MLX	1.0	1.0	1.0
IL10	1.0	1.0	1.0
TFE3	1.0	1.0	1.0
SERPINB5	1.0	1.0	1.0
RARA	1.0	1.0	1.0
VEGFA	1.0	1.0	1.0
MAMLD1	1.0	1.0	1.0
CCND1	1.0	1.0	1.0
AIP	1.0	1.0	1.0
CDC25A	1.0	1.0	1.0
HIC1	1.0	1.0	1.0
PGR	1.0	1.0	1.0
NOTCH3	1.0	1.0	1.0
TNFRSF11B	1.0	1.0	1.0
FOXO4	1.0	1.0	1.0
NRF1	1.0	1.0	1.0
ABL1	1.0	1.0	1.0
ESRRA	1.0	1.0	1.0
TFAP2B	1.0	1.0	1.0
HMGA1	1.0	1.0	1.0
ESR2	1.0	1.0	1.0
NFKB2	1.0	1.0	1.0
NFKBIA	1.0	1.0	1.0
MLXIPL	1.0	1.0	1.0
SP4	1.0	1.0	1.0
TCF3	1.0	1.0	1.0
NFE2L2	1.0	1.0	1.0
PPP1R13B	1.0	1.0	1.0
HDAC9	1.0	1.0	1.0
KLF2	1.0	1.0	1.0
RAD51	1.0	1.0	1.0
RBMX	1.0	1.0	1.0